541,5,2,
0.506285517478905,0.385977212971078,0.322182397451215,0.341048332198775,0.337496877341994,0,
0.361804718443258,0.435758106923751,0.773994424532059,0.202178352620831,0.24381713714714,0,
0.78887549509213,0.38965819456617,0.461569095977698,0.466530519627865,0.292530602048464,0,
0.322369553986568,0.399649430324277,0.771405814416567,0.182437031994554,0.177866600049963,0,
0.330291028069571,0.348115687992989,0.57168458781362,0.856591785795326,0.0949288033974519,1,
0.442741518856552,0.401051709027169,0.65531660692951,0.615611527115952,0.655258556082938,1,
0.322025142069916,0.470289219982471,0.526284348864994,0.43430905377808,0.32075943042718,0,
0.324436025486482,0.31954425942156,0.465352449223417,0.612207851145904,0.597052210841869,1,
0.715687962803513,0.401577563540754,0.499601752289924,0.551395507147719,0.25655758181364,0,
0.371276046151197,0.638387379491674,0.735762644364795,0.518266394372589,0.247564326754934,0,
0.413983123816084,0.36546888694128,0.664874551971326,0.791014295439074,0.108418685985511,1,
0.350094713277079,0.459070990359334,0.566706491437674,0.461992285001135,0.271046714963777,0,
0.819700361632512,0.334969325153374,0.407606531262445,0.432720671658725,0.298775918061454,0,
0.334940588944377,0.329360210341805,0.478693747510952,0.238938053097345,0.32075943042718,0,
0.829171689340451,0.332690622261174,0.409796893667861,0.341955979124121,0.310017486884836,0,
0.545204064060617,0.394566170026293,0.328753484667463,0.342182890855457,0.33974519110667,0,
0.323402789736525,0.28501314636284,0.465750696933493,0.613569321533923,0.579815138646015,1,
0.486998450146375,0.37353198948291,0.331939466348068,0.383480825958702,0.32075943042718,0,
0.319442052695023,0.312007011393514,0.572680207088809,0.832766054004992,0.143392455658256,0,
0.314792491820217,0.308676599474145,0.464356829948228,0.82187429090084,0.32075943042718,0,
0.461511968314104,0.646976336546889,0.264237355635205,0.316541865214432,0.293529852610542,0,
0.340623385569141,0.358808063102542,0.451015531660693,0.624687996369412,0.186360229827629,1,
0.316170139486826,0.366871165644172,0.246714456391876,0.869071931018834,0.32075943042718,1,
0.415016359566041,0.786853637160386,0.284747112704102,0.300884955752212,0.486135398451162,0,
0.266058205613914,0.520595968448729,0.630824372759857,0.499432720671659,0.413689732700475,0,
0.494058894437747,0.684662576687117,0.257666268418957,0.523031540730656,0.442667999000749,0,
0.321852936111589,0.304469763365469,0.45957785742732,0.212162468799637,0.801898576067949,0,
0.31375925607026,0.330937773882559,0.547590601354042,0.358747447243022,0.32075943042718,1,
0.318925434820045,0.323751095530237,0.546196734368777,0.733605627410937,0.133649762677992,1,
0.419321508524195,0.737773882559159,0.564914376742334,0.278193782618561,0.374718960779415,0,
0.343206474944033,0.418054338299737,0.887495021903624,0.187202178352621,0.32075943042718,0,
0.306009987945583,0.217177914110429,0.402230187176424,0.28477422282732,0.32075943042718,1,
0.349233683485449,0.423663453111306,0.770011947431302,0.599954617653733,0.581314014489133,1,
0.340795591527467,0.388957055214724,0.855635205097571,0.238484229634672,0.244066949787659,0,
0.403650766316514,0.557230499561788,0.262445240939865,0.407079646017699,0.292030976767424,0,
0.481143447563286,0.644522348816827,0.29410593389088,0.400272294077604,0.293779665251062,0,
0.311003960737042,0.312357581069238,0.559936280366388,0.755389153619242,0.32075943042718,0,
0.338556914069227,0.316389132340053,0.755675029868578,0.585659178579533,0.471146640019985,1,
0.387463406233856,0.62646801051709,0.511150935882119,0.472884048105287,0.230077441918561,0,
0.308420871362149,0.295705521472393,0.461967343687774,0.110732924892217,0.32075943042718,0,
0.327363526778026,0.50464504820333,0.528076463560335,0.432039936464715,0.366475143642268,0,
0.865334940588944,0.353198948290973,0.336519315013939,0.338552303154073,0.306769922558081,0,
0.403134148441536,0.758106923751096,0.25826363998407,0.312457454050374,0.284786410192356,0,
0.554158773893577,0.479929886064855,0.317204301075269,0.389380530973451,0.300774419185611,0,
0.522472877561564,0.41840490797546,0.609119872560733,0.610392557295212,0.491131651261554,0,
0.347167211985535,0.475372480280456,0.630227001194743,0.267755842977082,0.269797651761179,0,
0.421387980024109,0.336546888694128,0.637992831541219,0.798048559110506,0.62178366225331,1,
0.34647838815223,0.607011393514461,0.296296296296296,0.316995688677105,0.293779665251062,0,
0.368004132943,0.740929009640666,0.247909199522103,0.624234172906739,0.22458156382713,0,
0.673153091096952,0.462927256792287,0.451214655515731,0.478783753120036,0.506869847614289,0,
0.329602204236267,0.443120070113935,0.50457984866587,0.678692988427502,0.511616287784162,1,
0.320130876528328,0.295004382120946,0.48068498606133,0.75879282958929,0.676492630527105,0,
0.346995006027209,0.445223488168273,0.516129032258065,0.596550941683685,0.517112165875593,1,
0.404339590149819,0.844171779141104,0.25547590601354,0.436805082822782,0.388958281289033,0,
0.367143103151369,0.401051709027169,0.611111111111111,0.555026094849104,0.849362977766675,1,
0.333735147236094,0.374408413672217,0.782357626443648,0.22169276151577,0.143142643017737,1,
0.460134320647494,0.496406660823839,0.316806053365193,0.335829362378035,0.34599050711966,0,
0.793697261925263,0.36319018404908,0.329549980087614,0.418879056047198,0.297776667499375,0,
0.552608920268641,0.495705521472393,0.474512146555157,0.702064896755162,0.219085685735698,0,
0.312726020320303,0.35863277826468,0.606133014735165,0.358747447243022,0.32075943042718,1,
0.408128121232995,0.780192813321648,0.248307447232178,0.294077603812117,0.229328003997002,0,
0.549337007060444,0.484136722173532,0.31342094782955,0.337190832766054,0.343492380714464,0,
0.402100912691579,0.409815950920245,0.787335722819594,0.62741093714545,0.528603547339495,1,
0.316858963320131,0.287291849255039,0.42552767821585,0.438393464942137,0.55108668498626,1,
0.374892371276046,0.798422436459246,0.239944245320589,0.293396868618108,0.28228828378716,0,
0.665231617013949,0.385977212971078,0.437873357228196,0.337190832766054,0.305770671996003,0,
0.558808334768383,0.595793163891323,0.477499004380725,0.530746539596097,0.426430177366975,0,
0.433786809023592,0.576687116564417,0.583034647550777,0.694576809621057,0.231576317761679,1,
0.389357671775443,0.437686240140228,0.654520111509359,0.588382119355571,0.648263802148389,1,
0.393146202858619,0.674846625766871,0.494026284348865,0.425686407987293,0.382213339995004,0,
0.425520923023937,0.685714285714286,0.228395061728395,0.455411844792376,0.245815638271297,0,
0.355777509901843,0.535319894829097,0.527877339705297,0.446335375538915,0.270297277042218,0,
0.693817806096091,0.371779141104295,0.424930306650737,0.340140685273429,0.33949537846615,0,
0.554503185810229,0.477300613496932,0.316806053365193,0.388926707510778,0.300524606545091,0,
0.302393662820734,0.275547765118317,0.435483870967742,0.261629226230996,0.32075943042718,0,
0.377131048734286,0.427695004382121,0.711668657905217,0.589970501474926,0.576567574319261,1,
0.358705011193387,0.528133216476775,0.492433293508562,0.300658044020876,0.278291281538846,0,
0.405889443774755,0.318492550394391,0.524691358024691,0.814386203766735,0.180614539095678,0,
0.31375925607026,0.353374233128834,0.442254082039028,0.191740412979351,0.32075943042718,1,
0.3903909075254,0.321998247151621,0.565710872162485,0.716360335829362,0.16662503122658,1,
0.332529705527811,0.431726555652936,0.85941855834329,0.213977762650329,0.32075943042718,0,
0.264508351988979,0.292550394390885,0.513938669852648,0.792375765827093,0.0347239570322258,1,
0.410366798691235,0.847852760736196,0.251095181202708,0.431132289539369,0.389457906570072,0,
0.37024281040124,0.358983347940403,0.741935483870968,0.637395053324257,0.71171621284037,1,
0.574995694851042,0.665731814198072,0.27021107128634,0.31336510097572,0.293280039970022,0,
0.312553814361977,0.342681858019281,0.467144563918757,0.521896982073973,0.503372470647015,0,
0.374547959359394,0.405083260297984,0.700517722023098,0.124574540503744,0.114664001998501,1,
0.691234716721199,0.350744960560911,0.344882516925528,0.345359655094168,0.332750437172121,0,
0.329085586361288,0.509553023663453,0.582238152130625,0.471749489448604,0.32075943042718,0,
0.427931806440503,0.734268185801928,0.530864197530864,0.480825958702065,0.46814888833375,0,
0.409850180816256,0.627695004382121,0.257068896853843,0.309961425005673,0.32075943042718,0,
0.743757534010677,0.382120946538124,0.330943847072879,0.379396414794645,0.308768423682238,0,
0.517134492853453,0.557230499561788,0.290521704500199,0.450873610165646,0.665251061703722,0,
0.314964697778543,0.328308501314636,0.540820390282756,0.479010664851373,0.32075943042718,0,
0.327535732736353,0.350394390885188,0.518916766228594,0.810301792602678,0.143642268298776,0,
0.330463234027897,0.354425942156003,0.577857427319793,0.609938733832539,0.162128403697227,1,
0.452557258481143,0.559684487291849,0.567702110712863,0.294758339006127,0.286784911316513,0,
0.313587050111934,0.262751971954426,0.395858223815213,0.259133197186295,0.571821134149388,1,
0.599448940933356,0.507800175284838,0.321385902031063,0.332652598139324,0.342243317511866,0,
0.697089719304288,0.282208588957055,0.391477499004381,0.395734059450874,0.304771421433925,0,
0.344584122610642,0.549693251533742,0.307048984468339,0.327433628318584,0.297027229577817,0,
0.397967969691751,0.472743207712533,0.820191158900836,0.198547764919446,0.257057207094679,1,
0.643361460306527,0.464855390008764,0.465153325368379,0.443385523031541,0.287034723957032,0,
0.564835543309799,0.519894829097283,0.504181600955794,0.422282732017245,0.40994254309268,0,
0.309970724987085,0.278352322524102,0.427319792911191,0.673020195144089,0.777666749937547,0,
0.728431203719649,0.195617879053462,0.405416168857029,0.393238030406172,0.306020484636523,0,
0.647666609264681,0.569500438212095,0.304659498207885,0.398230088495575,0.349238071446415,0,
0.322197348028242,0.180368098159509,0.261648745519713,0.112775130474245,0.0721958531101674,1,
0.334596177027725,0.454338299737073,0.818797291915571,0.239845700022691,0.32075943042718,0,
0.912347167211986,0.176687116564417,0.33452807646356,0.37644656228727,0.307269547839121,0,
0.324780437403134,0.427519719544259,0.542214257268021,0.655774903562514,0.197102173369973,0,
0.33304632340279,0.438737949167397,0.539824771007567,0.520762423417291,0.32075943042718,1,
0.340451179610815,0.466257668711656,0.806650736758264,0.237122759246653,0.458406195353485,0,
0.490270363354572,0.337423312883436,0.704898446833931,0.502836396641706,0.258805895578316,1,
0.361976924401584,0.340753724802805,0.692751891676623,0.613569321533923,0.230077441918561,0,
0.798691234716721,0.295179666958808,0.635603345280765,0.293623780349444,0.288033974519111,0,
0.371964869984501,0.44487291849255,0.460175228992433,0.245064669843431,0.32075943042718,1,
0.33976235577751,0.517090271691499,0.276383910792513,0.410029498525074,0.297526854858856,0,
0.389874289650422,0.77475898334794,0.604141776184787,0.501701837985024,0.261553834624032,0,
0.466850353022215,0.719193689745837,0.572680207088809,0.466303607896528,0.278790906819885,1,
0.377992078525917,0.747940403155127,0.223416965352449,0.449512139777627,0.280789407944042,0,
0.483554330979852,0.439789658194566,0.432696136997212,0.3380984796914,0.33999500374719,0,
0.453934906147753,0.614373356704645,0.710872162485066,0.275243930111187,0.284536597551836,0,
0.444463578439814,0.458545135845749,0.706690561529271,0.607896528250511,0.529103172620535,1,
0.611503358016187,0.276248904469763,0.348665870171246,0.380757885182664,0.302273295028728,0,
0.786292405717238,0.328133216476775,0.438470728793309,0.576355797594736,0.256807394454159,0,
0.819528155674186,0.177563540753725,0.342293906810036,0.37644656228727,0.308018985760679,0,
0.373686929567763,0.308851884312007,0.71326164874552,0.527342863626049,0.426180364726455,1,
0.348372653693818,0.333742331288344,0.509557945041816,0.646244610846381,0.32075943042718,1,
0.308248665403823,0.287116564417178,0.448626045400239,0.688677104606308,0.604296777416937,0,
0.437058722231789,0.552497808939527,0.285543608124253,0.425913319718629,0.213339995003747,0,
0.337007060444291,0.456441717791411,0.73436877737953,0.221465849784434,0.32075943042718,0,
0.331152057861202,0.301840490797546,0.442453205894066,0.63262990696619,0.666999750187359,0,
0.710521784053728,0.399824715162138,0.336121067303863,0.385069208078058,0.341493879590307,0,
0.316514551403479,0.292199824715162,0.452807646356033,0.655547991831178,0.32075943042718,0,
0.817978302049251,0.303067484662577,0.613102349661489,0.291127751304742,0.292030976767424,0,
0.335973824694334,0.315687992988606,0.487853444842692,0.656228727025187,0.825630776917312,1,
0.446185638023076,0.469588080631025,0.693548387096774,0.554118447923758,0.534099425430927,1,
0.419493714482521,0.587028921998247,0.297491039426523,0.399364647152258,0.351486385211092,0,
0.507663165145514,0.75863277826468,0.277379530067702,0.319945541184479,0.28878341244067,0,
0.781815050800758,0.469412795793164,0.434687375547591,0.512820512820513,0.280789407944042,0,
0.818839331840882,0.321647677475898,0.338510553564317,0.341729067392784,0.308518611041719,0,
0.339417943860858,0.344960560911481,0.523297491039426,0.876786929884275,0.0549587809143143,1,
0.310659548820389,0.295004382120946,0.453205894066109,0.769230769230769,0.0617037222083438,0,
0.603065266058206,0.450482033304119,0.317005177220231,0.39074200136147,0.344741443917062,0,
0.327019114861374,0.465381244522349,0.197929111907607,0.287497163603358,0.369223082687984,0,
0.437230928190115,0.421910604732691,0.628434886499402,0.103698661220785,0.696227829128154,1,
0.401756500774927,0.528834355828221,0.455595380326563,0.31926480599047,0.294279290532101,0,
0.541587738935767,0.472217353198948,0.306252489048188,0.331064216019968,0.347489382962778,0,
0.410711210607887,0.788606485539001,0.250497809637595,0.500113455865668,0.418186360229828,1,
0.488892715687963,0.348641542506573,0.914575866188769,0.221012026321761,0.260304771421434,1,
0.305837781987257,0.306748466257669,0.589605734767025,0.781257090991604,0.32075943042718,0,
0.359221629068366,0.567572304995618,0.492831541218638,0.439074200136147,0.282787909068199,0,
0.350439125193732,0.356178790534619,0.479888490641179,0.757204447469934,0.0609542842867849,1,
0.336834854485965,0.336722173531989,0.537634408602151,0.828227819378262,0.144391706220335,0,
0.379369726192526,0.702541630148992,0.240740740740741,0.295665985931473,0.276292780414689,0,
0.382125021525745,0.582997370727432,0.848466746316209,0.215339233038348,0.24356732450662,0,
0.52264508351989,0.468361086765995,0.319394663480685,0.338552303154073,0.307019735198601,0,
0.362321336318237,0.457668711656442,0.529669454400637,0.460403902881779,0.287034723957032,0,
0.356466333735147,0.318141980718668,0.694544006371963,0.96165191740413,0.124656507619286,1,
0.40072326502497,0.752673093777388,0.254082039028276,0.604265940549126,0.251061703722208,1,
0.324436025486482,0.471691498685364,0.644763042612505,0.508055366462446,0.164376717461904,0,
0.351816772860341,0.52182296231376,0.813620071684588,0.219877467665078,0.32075943042718,0,
0.794041673841915,0.340052585451358,0.403026682596575,0.379850238257318,0.340494629028229,0,
0.350611331152058,0.374583698510079,0.521505376344086,0.578398003176764,0.550836872345741,1,
0.364215601859824,0.529184925503944,0.667662285941856,0.563194917177218,0.603297526854859,1,
0.429137248148786,0.585801928133217,0.509358821186778,0.710914454277286,0.214089432925306,0,
0.486481832271397,0.577212971078002,0.292512943050577,0.329248922169276,0.354484136897327,0,
0.467194764938867,0.637510955302366,0.642970927917164,0.528477422282732,0.26904821383962,1,
0.643705872223179,0.624539877300613,0.27299880525687,0.328795098706603,0.300024981264052,1,
0.653866023764422,0.314285714285714,0.34468339307049,0.382119355570683,0.309018236322758,0,
0.323402789736525,0.425942156003506,0.67283950617284,0.254821874290901,0.32075943042718,0,
0.691406922679525,0.378264680105171,0.33552369573875,0.37712729748128,0.345241069198101,0,
0.34200103323575,0.41384750219106,0.860812425328554,0.192648059904697,0.32075943042718,0,
0.321508524194937,0.296406660823839,0.473715651135006,0.432266848196052,0.521608793404946,0,
0.315481315653522,0.322874671340929,0.49542015133413,0.737236215112321,0.152385710716962,1,
0.455312553814362,0.453111305872042,0.424332935085623,0.334014068527343,0.338745940544592,0,
0.650938522472878,0.356529360210342,0.340900039824771,0.343544361243476,0.336497626779915,0,
0.602204236266575,0.628921998247152,0.262445240939865,0.41093714545042,0.373220084936298,0,
0.274840709488548,0.329184925503944,0.632218239745121,0.799410029498525,0.111916062952785,0,
0.351300154985362,0.552147239263804,0.469733174034249,0.42069434989789,0.286535098675993,0,
0.397106939900121,0.61840490797546,0.656909597769813,0.64692534604039,0.251811141643767,1,
0.768899603926296,0.410517090271691,0.464356829948228,0.482641252552757,0.41693729702723,0,
0.358877217151713,0.530762489044698,0.814615690959777,0.213297027456319,0.32075943042718,0,
0.377131048734286,0.310078878177038,0.698128235762644,0.601769911504425,0.228078940794404,1,
0.427070776648872,0.499035933391762,0.570489844683393,0.611754027683231,0.63427429427929,1,
0.778198725675908,0.292199824715162,0.400438072481083,0.378034944406626,0.347739195603298,0,
0.723953848803168,0.313409290096407,0.404818797291916,0.397322441570229,0.304271796152885,0,
0.685896332013088,0.197546012269939,0.381322182397451,0.374858180167915,0.304021983512366,0,
0.772343723092819,0.33444347063979,0.418558343289526,0.342182890855457,0.340994254309268,0,
0.323574995694851,0.386503067484663,0.501991238550378,0.706149307919219,0.32075943042718,1,
0.318408816945066,0.322524101665206,0.486857825567503,0.660993873383254,0.533349987509368,1,
0.35543309798519,0.561437335670465,0.884508164078057,0.219650555933742,0.254059455408444,0,
0.38367487515068,0.398948290972831,0.681600955794504,0.263898343544361,0.588308768423682,1,
0.458412261064233,0.584224364592463,0.286140979689367,0.319491717721806,0.293030227329503,0,
0.411055622524539,0.631726555652936,0.655515730784548,0.278420694349898,0.279040719460405,0,
0.3791975202342,0.612795793163891,0.53126244524094,0.301338779214885,0.281289033225081,0,
0.382297227484071,0.577914110429448,0.472520908004779,0.415021556614477,0.285535848113915,0,
0.277423798863441,0.466257668711656,0.305455993628037,0.528023598820059,0.254309268048963,0,
0.414327535732736,0.37931638913234,0.64615690959777,0.566598593147266,0.757431926055458,1,
0.458240055105907,0.526730937773883,0.658900836320191,0.57022918084865,0.502123407444417,1,
0.345100740485621,0.562138475021911,0.274392672242135,0.431813024733379,0.291281538845866,0,
0.358188393318409,0.745661700262927,0.263042612504978,0.442024052643522,0.469148138895828,0,
0.32942999827794,0.401226993865031,0.850258861011549,0.181756296800545,0.666999750187359,1,
0.350094713277079,0.56669588080631,0.601354042214257,0.520762423417291,0.665001249063203,1,
0.867229206130532,0.191586327782647,0.390880127439267,0.342182890855457,0.340994254309268,0,
0.552608920268641,0.427695004382121,0.32994822779769,0.341502155661448,0.337996502623033,0,
0.32495264336146,0.363014899211218,0.53584229390681,0.644656228727025,0.176367724206845,0,
0.378853108317548,0.62646801051709,0.269812823576264,0.318810982527797,0.296027979015738,0,
0.350783537110384,0.56897458369851,0.478096375945838,0.420921261629226,0.348988258805896,0,
0.334940588944377,0.332340052585451,0.453803265631223,0.579078738370774,0.585061204096927,0,
0.417771654899259,0.411919368974584,0.433492632417364,0.336056274109371,0.337996502623033,0,
0.46840020664715,0.338650306748466,0.735165272799681,0.678466076696165,0.509367974019485,1,
0.339245737902531,0.46327782646801,0.736559139784946,0.194690265486726,0.224831376467649,0,
0.715171344928534,0.388255915863278,0.439466348068499,0.443839346494214,0.427929053210092,0,
0.806096090924746,0.290972830850131,0.394464356829948,0.342182890855457,0.334748938296278,0,
0.417427242982607,0.829973707274321,0.273596176821983,0.309961425005673,0.362977766674994,0,
0.335629412777682,0.463102541630149,0.596973317403425,0.488540957567506,0.32075943042718,0,
0.445324608231445,0.505170902716915,0.823178016726404,0.231676877694577,0.263802148388708,1,
0.320303082486654,0.331814198071867,0.104141776184787,0.189017472203313,0.232325755683238,1,
0.325297055278113,0.328659070990359,0.545798486658702,0.808940322214659,0.167374469148139,0,
0.389013259858791,0.674496056091148,0.663480684986061,0.505786249149081,0.252810392205846,0,
0.416049595315998,0.72410166520596,0.650338510553564,0.259813932380304,0.270547089682738,0,
0.329085586361288,0.288694127957932,0.481481481481482,0.722033129112775,0.617536847364477,1,
0.384880316858963,0.52182296231376,0.629032258064516,0.768323122305423,0.206345241069198,1,
0.402100912691579,0.564767747589834,0.265830346475508,0.405037440435671,0.291781164126905,0,
0.335973824694334,0.322173531989483,0.589207487056949,0.595189471295666,0.32075943042718,1,
0.411055622524539,0.642769500438212,0.490641178813222,0.450419786702973,0.219335498376218,0,
0.303254692612364,0.279228746713409,0.443249701314217,0.478783753120036,0.619035723207594,0,
0.33166867573618,0.380192813321648,0.565909996017523,0.817562968005446,0.136397701723707,1,
0.786292405717238,0.195267309377739,0.396057347670251,0.381438620376673,0.297277042218336,0,
0.342345445152402,0.511130587204207,0.952608522500995,0.162922623099614,0.32075943042718,0,
0.346306182193904,0.695179666958808,0.270808442851454,0.314953483095076,0.254559080689483,0,
0.308765283278801,0.281858019281332,0.436877737953007,0.458815520762423,0.32075943042718,0,
0.35543309798519,0.672743207712533,0.288729589804859,0.411617880644429,0.235573320009993,0,
0.467366970897193,0.347063978965819,0.72700119474313,0.601542999773088,0.644766425181114,1,
0.345961770277252,0.684662576687117,0.261449621664675,0.310415248468346,0.244566575068699,0,
0.313931462028586,0.374233128834356,0.597570688968538,0.138416156115271,0.2305770671996,0,
0.361115894609953,0.744609991235758,0.236160892074871,0.477422282732017,0.32075943042718,0,
0.589116583433787,0.333917616126205,0.324571883711669,0.329248922169276,0.295778166375219,0,
0.339073531944205,0.359684487291849,0.891875746714456,0.670524166099387,0.543842118411192,1,
0.32633029102807,0.382296231375986,0.69573874950219,0.535511685954164,0.439920059955034,1,
0.391424143275357,0.361086765994741,0.768418956591,0.257771726798275,0.481139145640769,1,
0.377647666609265,0.508150744960561,0.674432497013142,0.701157249829816,0.233574818885836,1,
0.364732219734803,0.607361963190184,0.729191557148546,0.519174041297935,0.236572570572071,0,
0.831065954882039,0.317090271691499,0.409199522102748,0.326752893124575,0.451661254059455,0,
0.42534871706561,0.514285714285714,0.448028673835125,0.400272294077604,0.30102423182613,0,
0.320647494403306,0.434706397896582,0.678016726403823,0.20285908781484,0.32075943042718,0,
0.350094713277079,0.304119193689746,0.642572680207089,0.690038574994327,0.133150137396952,0,
0.427415188565524,0.678878177037686,0.668857029072083,0.261175402768323,0.32075943042718,0,
0.31152057861202,0.354776511831727,0.427120669056153,0.490129339686862,0.32075943042718,1,
0.36576545548476,0.307624890446976,0.570290720828355,0.611527115951895,0.518611041718711,0,
0.448079903564663,0.580368098159509,0.283751493428913,0.314726571363739,0.291281538845866,0,
0.331496469777854,0.670289219982471,0.250099561927519,0.421828908554572,0.364476642518111,0,
0.338384708110901,0.376161262050833,0.864794902429311,0.216473791695031,0.235823132650512,0,
0.333907353194421,0.549342681858019,0.637196336121067,0.58384388472884,0.201348988258806,0,
0.311003960737042,0.339176161262051,0.527678215850259,0.93691853868845,0.0459655258556083,0,
0.459273290855864,0.51726555652936,0.704699322978893,0.592012707056955,0.219335498376218,1,
0.804374031341484,0.316739702015776,0.608920748705695,0.294077603812117,0.292280789407944,0,
0.408989151024625,0.743558282208589,0.561330147351653,0.452461992285001,0.276542593055209,0,
0.373686929567763,0.511831726555653,0.709478295499801,0.234853641933288,0.264051961029228,0,
0.429653866023764,0.383523225241017,0.740541616885703,0.747901066485137,0.32075943042718,1,
0.340795591527467,0.444522348816827,0.870171246515333,0.183571590651237,0.226580064951287,0,
0.480799035646633,0.647852760736196,0.282954998008761,0.271840254141139,0.54509118161379,0,
0.333907353194421,0.340929009640666,0.86399840700916,0.571363739505332,0.425181114164377,0,
0.564835543309799,0.432427695004382,0.331142970927917,0.383707737690039,0.337247064701474,0,
0.378853108317548,0.360736196319018,0.573675826363998,0.664397549353302,0.221583812140894,1,
0.476493886688479,0.732865907099036,0.276782158502589,0.314499659632403,0.28853359980015,0,
0.322369553986568,0.367221735319895,0.542015133412983,0.54617653732698,0.259055708218836,1,
0.381091785775788,0.624715162138475,0.766825965750697,0.246199228500113,0.258556082937797,0,
0.353538832443603,0.400175284837862,0.512146555157308,0.757658270932607,0.14089432925306,1,
0.27208541415533,0.435758106923751,0.635005973715651,0.494440662582255,0.249562827879091,0,
0.322369553986568,0.389307624890447,0.810234966148945,0.167687769457681,0.210592055958031,0,
0.336146030652661,0.353023663453111,0.526881720430108,0.777399591558884,0.32075943042718,1,
0.558291716893405,0.358983347940403,0.343488649940263,0.34717494894486,0.333749687734199,0,
0.469605648355433,0.376511831726556,0.577459179609717,0.600181529385069,0.437921558830877,1,
0.402789736524884,0.775985977212971,0.271007566706491,0.316541865214432,0.289033225081189,0,
0.316342345445152,0.354425942156003,0.577857427319793,0.728613569321534,0.32075943042718,1,
0.355949715860169,0.525854513584575,0.282954998008761,0.279101429543907,0.476642518111416,1,
0.364560013776477,0.535845749342682,0.290521704500199,0.3238030406172,0.32075943042718,0,
0.381263991734114,0.76546888694128,0.225806451612903,0.293169956886771,0.275043717212091,0,
0.354916480110212,0.35284837861525,0.795698924731183,0.534604039028818,0.503872095928054,1,
0.352161184776993,0.353198948290973,0.515531660692951,0.857953256183345,0.797651761179116,1,
0.315481315653522,0.33339176161262,0.527279968140183,0.475380077149989,0.32075943042718,0,
0.27432409161357,0.142331288343558,0.230386300278773,0.012480145223508,0.32075943042718,1,
0.512140520061994,0.461700262927257,0.318199920350458,0.340821420467438,0.306020484636523,0,
0.319442052695023,0.3011393514461,0.48805256869773,0.500794191059678,0.662752935298526,0,
0.471327707938695,0.544609991235758,0.312027080844285,0.334467891990016,0.344991256557582,0,
0.453934906147753,0.625065731814198,0.517921146953405,0.600181529385069,0.423432425680739,0,
0.392112967108662,0.72410166520596,0.276383910792513,0.630360789652825,0.233574818885836,0,
0.336834854485965,0.290446976336547,0.486459577857427,0.878375312003631,0.136897327004746,0,
0.363182366109867,0.726205083260298,0.281760254878534,0.30428863172226,0.279540344741444,0,
0.471327707938695,0.654163014899211,0.289725209080048,0.322441570229181,0.295528353734699,0,
0.417255037024281,0.511305872042068,0.290521704500199,0.327206716587248,0.34599050711966,0,
0.445152402273119,0.290096406660824,0.730784547988849,0.529158157476742,0.417436922308269,1,
0.490270363354572,0.337423312883436,0.704898446833931,0.503063308373043,0.259055708218836,1,
0.627346306182194,0.409991235758107,0.400438072481083,0.393011118674835,0.354733949537847,0,
0.389874289650422,0.437335670464505,0.711867781760255,0.246653051962786,0.263552335748189,1,
0.453762700189426,0.528483786152498,0.481083233771406,0.501021102791014,0.26904821383962,1,
0.31375925607026,0.359509202453988,0.611907606531262,0.651917404129794,0.196852360729453,1,
0.323402789736525,0.43453111305872,0.730585424133811,0.250510551395507,0.270547089682738,0,
0.336318236610987,0.303768624014023,0.456192751891677,0.714318130247334,0.738446165375968,0,
0.341484415360771,0.826117440841367,0.259259259259259,0.446562287270252,0.481139145640769,0,
0.332874117444464,0.490096406660824,0.773596176821983,0.588382119355571,0.599050711966026,0,
0.349750301360427,0.436459246275197,0.743130227001195,0.697526662128432,0.599800149887584,1,
0.344584122610642,0.651358457493427,0.492035045798487,0.303154073065577,0.380214838870847,0,
0.324263819528156,0.395267309377739,0.815611310234966,0.577717267982755,0.32075943042718,0,
0.45135181677286,0.526730937773883,0.474313022700119,0.510324483775811,0.32075943042718,1,
0.332874117444464,0.300087642418931,0.679410593389088,0.700022691173134,0.846864851361479,1,
0.448424315481316,0.340753724802805,0.695539625647152,0.554799183117767,0.466899825131152,0,
0.338729120027553,0.468185801928133,0.557745917960972,0.470388019060585,0.280789407944042,0,
0.319958670570002,0.2988606485539,0.573874950219036,0.268436578171091,0.444416687484387,1,
0.36352677802652,0.415950920245399,0.496216646754281,0.581574767415475,0.237821633774669,1,
0.384880316858963,0.38615249780894,0.719036240541617,0.165191740412979,0.622533100174869,1,
0.356638539693473,0.415249780893953,0.920350457984866,0.180394826412526,0.32075943042718,0,
0.841053900464956,0.317791411042945,0.341497411389884,0.344225096437486,0.311266550087434,0,
0.593938350266919,0.367747589833479,0.333134209478295,0.385069208078058,0.341743692230827,0,
0.351472360943689,0.803330411919369,0.251294305057746,0.426820966643976,0.369223082687984,0,
0.546581711727226,0.567572304995618,0.67921146953405,0.297254368050828,0.290032475643268,1,
0.343723092819012,0.452936021034181,0.898247710075667,0.185840707964602,0.227829128153885,0,
0.783881522300671,0.301489921121823,0.34010354440462,0.383707737690039,0.345490881838621,0,
0.545892887893921,0.566170026292726,0.300876144962166,0.32834127524393,0.302273295028728,0,
0.11296710866196,0.508150744960561,0.17921146953405,0.266621284320399,0.32075943042718,0,
0.39262958498364,0.75407537248028,0.237355635205098,0.300884955752212,0.278541094179365,0,
0.489581539521267,0.557756354075373,0.273596176821983,0.321760835035171,0.294279290532101,0,
0.358705011193387,0.455565293602103,0.619872560732776,0.491490810074881,0.264051961029228,0,
0.354399862235233,0.550219106047327,0.599761051373955,0.458815520762423,0.273544841368973,0,
0.486654038229723,0.336196319018405,0.428116288331342,0.412298615838439,0.276792405695728,0,
0.30704322369554,0.293952673093777,0.445440063719634,0.52212389380531,0.32075943042718,0,
0.436542104356811,0.564943032427695,0.285941855834329,0.326072157930565,0.32075943042718,0,
0.340795591527467,0.520595968448729,0.535244922341696,0.433855230315407,0.291281538845866,0,
0.449801963147925,0.371078001752848,0.540820390282756,0.680054458815521,0.46140394703972,1,
0.342689857069055,0.44715162138475,0.915372361608921,0.209893351486272,0.24381713714714,0,
0.342345445152402,0.36669588080631,0.491238550378335,0.731336510097572,0.715463402448164,0,
0.370587222317892,0.365644171779141,0.467144563918757,0.603131381892444,0.566075443417437,1,
0.408989151024625,0.609114811568799,0.271007566706491,0.309734513274336,0.290781913564826,0,
0.897020836920957,0.329535495179667,0.416766228594186,0.496482868164284,0.280539595303522,0,
0.380747373859135,0.588606485539001,0.478096375945838,0.420240526435217,0.287784161878591,0,
0.475977268813501,0.0553900087642419,0.254281162883313,0.721579305650102,0.175118661004247,0,
0.411227828482865,0.483786152497809,0.534249303066507,0.293169956886771,0.362977766674994,0,
0.336834854485965,0.536371603856266,0.633612106730386,0.533469480372135,0.32075943042718,0,
0.437230928190115,0.460823838737949,0.656113102349661,0.266167460857726,0.285785660754434,1,
0.329602204236267,0.399824715162138,0.499004380724811,0.743589743589744,0.159630277292031,1,
0.313414844153608,0.368098159509202,0.461170848267622,0.636033582936238,0.151136647514364,1,
0.313242638195282,0.347239263803681,0.414177618478694,0.450419786702973,0.538845865600799,1,
0.556053039435164,0.421560035056968,0.332337714058144,0.342409802586794,0.337247064701474,0,
0.375408989151025,0.601402278702892,0.48068498606133,0.476060812343998,0.292780414688983,0,
0.275185121405201,0.359509202453988,0.604141776184787,0.65214431586113,0.17287034723957,1,
0.345445152402273,0.408588957055215,0.949820788530466,0.148173360562741,0.32075943042718,0,
0.791802996383675,0.315687992988606,0.570688968538431,0.305650102110279,0.296027979015738,0,
0.461167556397451,0.502366345311131,0.475906013540422,0.318357159065124,0.355983012740445,0,
0.320819700361632,0.382296231375986,0.448825169255277,0.522350805536646,0.566075443417437,0,
0.419493714482521,0.643470639789658,0.561728395061728,0.498978897208986,0.503872095928054,1,
0.398828999483382,0.364592462751972,0.800079649542015,0.234626730201951,0.26305271046715,1,
0.380402961942483,0.5977212971078,0.299681401831939,0.401633764465623,0.375468398700974,0,
0.416738419149303,0.54601226993865,0.268418956591,0.307238484229635,0.396452660504622,0,
0.568451868434648,0.546362839614373,0.303663878932696,0.329929657363286,0.302523107669248,0,
0.679352505596694,0.427169149868536,0.333333333333333,0.383707737690039,0.306270297277042,0,
0.48183227139659,0.454163014899211,0.840302668259658,0.248695257544815,0.265800649512865,1,
0.359566040985018,0.4,0.826563122262047,0.209893351486272,0.246814888833375,0,
0.332874117444464,0.315512708150745,0.597570688968538,0.754027683231223,0.531351486385211,0,
0.360771482693301,0.649079754601227,0.245519713261649,0.471976401179941,0.27554334249313,0,
0.449629757189599,0.480280455740578,0.733771405814417,0.601769911504425,0.220834374219335,1,
0.419838126399173,0.563540753724803,0.452807646356033,0.417971409121852,0.255558331251561,0,
0.403306354399862,0.670990359333918,0.510155316606929,0.478103017926027,0.271046714963777,0,
0.33080764594455,0.433479404031551,0.892273994424532,0.190378942591332,0.216087934049463,0,
0.377475460650939,0.544960560911481,0.609916367980884,0.460403902881779,0.272795403447414,0,
0.434647838815223,0.468536371603856,0.518120270808443,0.441570229180849,0.530352235823133,1,
0.332185293611159,0.675547765118317,0.247510951812027,0.414567733151804,0.361229078191356,0,
0.343034268985707,0.615950920245399,0.772202309836718,0.514408894939868,0.32075943042718,0,
0.354916480110212,0.653637160385627,0.567502986857826,0.210347174948945,0.647764176867349,0,
0.252281728947822,0.531113058720421,0.527479091995221,0.522350805536646,0.32075943042718,0,
0.361804718443258,0.378264680105171,0.747311827956989,0.0846380757885183,0.212340744441669,0,
0.473221973480282,0.571428571428571,0.296694544006372,0.329929657363286,0.350237322008494,0,
0.516962286895126,0.533917616126205,0.294703305455994,0.270705695484457,0.672745440919311,0,
0.404339590149819,0.364767747589833,0.746515332536838,0.645790787383708,0.188858356232825,1,
0.740830032719132,0.306748466257669,0.334328952608522,0.340594508736102,0.350487134649013,0,
0.350611331152058,0.437686240140228,0.68657905217045,0.53641933287951,0.223332500624532,0,
0.452385052522817,0.67011393514461,0.56989247311828,0.539823008849557,0.260304771421434,1,
0.419665920440847,0.671516213847502,0.270011947431302,0.416609938733833,0.25655758181364,0,
0.238677458240055,0.1056967572305,0.270808442851454,0.321760835035171,0.295528353734699,0,
0.322541759944894,0.35056967572305,0.513341298287535,0.671204901293397,0.503622283287534,1,
0.381952815567419,0.451884312007011,0.302668259657507,0.331971862945314,0.302523107669248,0,
0.319786464611676,0.405258545135846,0.85941855834329,0.189244383934649,0.32075943042718,0,
0.334940588944377,0.341980718667835,0.835921943448825,0.603131381892444,0.434923807144642,0,
0.341656621319098,0.482208588957055,0.884109916367981,0.203312911277513,0.24381713714714,0,
0.339073531944205,0.296056091148116,0.494623655913978,0.872929430451554,0.144641518860854,0,
0.477871534355089,0.583523225241017,0.478096375945838,0.690265486725664,0.232075943042718,0,
0.395384880316859,0.31954425942156,0.661887694145759,0.506693896074427,0.496877341993505,1,
0.367831926984674,0.80578439964943,0.260852250099562,0.435443612434763,0.490132400699475,0,
0.602376442224901,0.557055214723926,0.308243727598566,0.330610392557295,0.361478890831876,0,
0.6096090924746,0.188080631025416,0.411987256073278,0.393464942137508,0.295528353734699,0,
0.851730669881178,0.376862401402279,0.331342094782955,0.378261856137962,0.301773669747689,0,
0.42896504219046,0.605083260297984,0.279769016328156,0.422055820285909,0.273794654009493,0,
0.347167211985535,0.369851007887818,0.535244922341696,0.669389607442705,0.619535348488633,1,
0.769071809884622,0.287817703768624,0.595181202708084,0.289766280916723,0.387959030726955,0,
0.848803168589633,0.354250657318142,0.416766228594186,0.300204220558203,0.472395703222583,0,
0.310659548820389,0.398247151621385,0.449024293110315,0.53641933287951,0.593305021234074,0,
0.337868090235922,0.360385626643295,0.530067702110713,0.750850918992512,0.32075943042718,0,
0.313070432236955,0.32760736196319,0.509956192751892,0.575221238938053,0.67324506620035,1,
0.330291028069571,0.49307624890447,0.510752688172043,0.508736101656456,0.264801398950787,0,
0.347683829860513,0.676950043821209,0.269215452011151,0.455865668255049,0.284286784911317,0,
0.330979851902876,0.410867659947415,0.845878136200717,0.602904470161107,0.229078191356483,0,
0.305321164112278,0.295179666958808,0.427518916766229,0.466984343090538,0.32075943042718,0,
0.325985879111417,0.350920245398773,0.638590203106332,0.72884048105287,0.172620534599051,0,
0.482004477354916,0.555652936021034,0.569095977698128,0.669389607442705,0.20534599050712,1,
0.38815223006716,0.461875547765118,0.781162883313421,0.583390061266167,0.571071696227829,1,
0.393318408816945,0.380368098159509,0.754281162883313,0.571817562968005,0.660004996252811,1,
0.77320475288445,0.411218229623138,0.445838311429709,0.507601542999773,0.279290532100924,0,
0.368176338901326,0.811568799298861,0.281162883313421,0.316541865214432,0.279290532100924,0,
0.408816945066299,0.635758106923751,0.556352050975707,0.430224642614023,0.280539595303522,0,
0.30928190115378,0.324802804557406,0.14058144165671,0.757431359201271,0.32075943042718,0,
0.391251937317031,0.665381244522349,0.59836718438869,0.547084184252326,0.228078940794404,1,
0.805235061133115,0.485363716038563,0.428514536041418,0.327206716587248,0.300024981264052,0,
0.547959359393835,0.495880806310254,0.467941059338909,0.452461992285001,0.273295028728454,0,
0.742379886344067,0.348466257668712,0.395659099960175,0.38234626730202,0.30751936047964,0,
0.334251765111073,0.32410166520596,0.477698128235763,0.275243930111187,0.564826380214839,0,
0.331152057861202,0.501314636283961,0.763440860215054,0.563421828908555,0.32075943042718,0,
0.38952987773377,0.452234881682734,0.828554360812425,0.207170410710234,0.250811891081689,1,
0.353711038401929,0.408764241893076,0.682994822779769,0.548218742909008,0.236322757931551,1,
0.75167900809368,0.378790534618756,0.574870569494225,0.296119809394146,0.290282288283787,0,
0.3159979335285,0.367221735319895,0.427120669056153,0.482641252552757,0.32075943042718,1,
0.374375753401068,0.456441717791411,0.851652727996814,0.186067619695938,0.518361229078191,1,
0.458928878939211,0.699561787905346,0.278972520908005,0.613569321533923,0.225580814389208,0,
0.877561563630102,0.323225241016652,0.339307048984468,0.343998184706149,0.308768423682238,0,
0.353538832443603,0.724627519719544,0.255276782158503,0.427501701837985,0.285785660754434,0,
0.25951437919752,0.465731814198072,0.834328952608522,0.208758792829589,0.233824631526355,0,
0.349233683485449,0.426643295354952,0.754082039028276,0.534830950760154,0.259055708218836,0,
0.337007060444291,0.434180543382997,0.728195937873357,0.188336737009303,0.245565825630777,0,
0.304115722403995,0.284312007011393,0.431700517722023,0.21783526208305,0.32075943042718,0,
0.400378853108318,0.667309377738826,0.703902827558742,0.507374631268437,0.270547089682738,1,
0.51816772860341,0.367221735319895,0.717443249701314,0.73474018606762,0.217336997252061,1,
0.278112622696745,0.331113058720421,0.547988849064118,0.575901974132063,0.139895078690982,1,
0.636645427931806,0.637335670464505,0.281959378733572,0.428863172226004,0.453909567824132,0,
0.314103667986912,0.293251533742331,0.482078853046595,0.857045609257999,0.159630277292031,0,
0.429481660065438,0.553023663453111,0.518717642373556,0.404356705241661,0.350736947289533,0,
0.470294472188738,0.517791411042945,0.305256869772999,0.397549353301566,0.296027979015738,0,
0.820905803340796,0.185276073619632,0.450219036240542,0.40639891082369,0.300274793904572,0,
0.38952987773377,0.41489921121823,0.711469534050179,0.518266394372589,0.238321259055708,1,
0.913208197003616,0.326906222611744,0.44942254082039,0.336737009303381,0.306520109917562,0,
0.337351472360944,0.359684487291849,0.534249303066507,0.606535057862492,0.32075943042718,0,
0.464439469605648,0.564943032427695,0.528076463560335,0.694349897889721,0.220834374219335,0,
0.312726020320303,0.317616126205083,0.545599362803664,0.738370773769004,0.32075943042718,0,
0.320647494403306,0.32410166520596,0.556152927120669,0.829135466303608,0.10866849862603,1,
0.329946616152919,0.298510078878177,0.486857825567503,0.751077830723848,0.662752935298526,1,
0.352850008610298,0.373006134969325,0.506371963361211,0.629906966190152,0.656507619285536,1,
0.556741863268469,0.53339176161262,0.297092791716448,0.457000226911731,0.645016237821634,0,
0.353022214568624,0.44136722173532,0.48805256869773,0.295892897662809,0.290282288283787,0,
0.793697261925263,0.323926380368098,0.614496216646754,0.283866575901974,0.285286035473395,0,
0.34423971069399,0.381419807186678,0.697331740342493,0.220558202859088,0.447414439170622,1,
0.32495264336146,0.323400525854514,0.504181600955794,0.181075561606535,0.789657756682488,0,
0.392973996900293,0.802629272567923,0.261250497809638,0.518039482641253,0.258306270297277,0,
0.339073531944205,0.495004382120947,0.804460374352847,0.19378261856138,0.462153384961279,0,
0.45496814189771,0.562138475021911,0.597769812823576,0.521896982073973,0.501873594803897,0,
0.316170139486826,0.27011393514461,0.410195141377937,0.460857726344452,0.53235073694729,1,
0.560530394351645,0.593163891323401,0.27937076861808,0.423644202405264,0.532600549587809,0,
0.460134320647494,0.575284837861525,0.273596176821983,0.425686407987293,0.388458656007994,0,
0.322197348028242,0.429272567922875,0.677618478693747,0.252098933514863,0.269797651761179,0,
0.355260892026864,0.309728308501315,0.751493428912784,0.587928295892898,0.500374718960779,1,
0.406578267608059,0.524452234881683,0.577857427319793,0.274563194917177,0.281039220584562,1,
0.445152402273119,0.290096406660824,0.730784547988849,0.529158157476742,0.417436922308269,1,
0.326674702944722,0.410517090271691,0.485663082437276,0.621057408668028,0.32075943042718,1,
0.31152057861202,0.336546888694128,0.61031461569096,0.612434762877241,0.209342992755433,0,
0.393318408816945,0.733917616126205,0.518319394663481,0.595870206489675,0.226080439670247,0,
0.327019114861374,0.411393514460999,0.553763440860215,0.621057408668028,0.32075943042718,0,
0.387463406233856,0.814548641542507,0.242333731581043,0.506240072611754,0.539345490881839,0,
0.329602204236267,0.462226117440841,0.719832735961768,0.223281143635126,0.259805146140395,0,
0.412088858274496,0.648203330411919,0.2463162086818,0.429543907420014,0.360479640269798,0,
0.346995006027209,0.446801051709027,0.800278773397053,0.221465849784434,0.21159130652011,0,
0.493025658687791,0.567572304995618,0.491039426523298,0.310869071931019,0.270297277042218,0,
0.403306354399862,0.584925503943909,0.683990442054958,0.269117313365101,0.32075943042718,0,
0.352850008610298,0.451358457493427,0.80605336519315,0.199909235307465,0.443167624281789,0,
0.377647666609265,0.622261174408414,0.603743528474711,0.672793283412752,0.210342243317512,1,
0.562769071809885,0.471516213847502,0.445440063719634,0.394145677331518,0.32075943042718,0,
0.323919407611503,0.351446099912358,0.606531262445241,0.754708418425233,0.193854609043218,1,
0.282589977613225,0.29307624890447,0.478693747510952,0.211708645336964,0.0094928803397452,0,
0.643878078181505,0.358983347940403,0.413978494623656,0.410483321987747,0.447414439170622,0,
0.406406061649733,0.529710780017528,0.560135404221426,0.298842750170184,0.358231326505121,0,
0.316342345445152,0.341454864154251,0.635603345280765,0.865668255048786,0.32075943042718,0,
0.308420871362149,0.282208588957055,0.43010752688172,0.462219196732471,0.32075943042718,0,
0.37472016531772,0.677826468010517,0.273994424532059,0.308373042886317,0.32075943042718,0,
0.596693645600138,0.44592462751972,0.317801672640382,0.402995234853642,0.361728703472396,0,
0.409333562941278,0.556529360210342,0.27757865392274,0.433401406852734,0.231576317761679,0,
0.368520750817978,0.403856266432954,0.906810035842294,0.651463580667121,0.217586809892581,0,
0.374547959359394,0.410692375109553,0.642373556352051,0.537553891536192,0.795903072695478,1,
0.345789564318925,0.485188431200701,0.738749502190362,0.224188790560472,0.32075943042718,0,
0.448252109522989,0.623312883435583,0.267224213460773,0.314726571363739,0.292280789407944,0,
0.348372653693818,0.463102541630149,0.971923536439665,0.169503063308373,0.210841868598551,0,
0.316686757361805,0.334618755477651,0.46594982078853,0.213977762650329,0.32075943042718,1,
0.560702600309971,0.605083260297984,0.289127837514934,0.322895393691854,0.359480389707719,0,
0.419665920440847,0.756529360210342,0.555754679410593,0.279101429543907,0.372720459655259,0,
0.700017220595833,0.282033304119194,0.394464356829948,0.393918765600182,0.306020484636523,0,
0.279145858446702,0.174934268185802,0.489247311827957,0.223281143635126,0.32075943042718,1,
0.330463234027897,0.41262050832603,0.840700915969733,0.204447469934196,0.32075943042718,0,
0.330635439986223,0.410166520595968,0.824970131421744,0.608804175175857,0.23107669248064,0,
0.41639400723265,0.333216476774759,0.679410593389088,0.628545495802133,0.463652260804397,0,
0.333390735319442,0.297107800175285,0.443448825169255,0.635579759473565,0.852860354733949,0,
0.347167211985535,0.409290096406661,0.730187176423736,0.236215112321307,0.244566575068699,0,
0.336490442569313,0.468711656441718,0.309637594583831,0.286589516678012,0.430177366974769,0,
0.496297571895988,0.643470639789658,0.280565511748307,0.318357159065124,0.291031726205346,0,
0.369037368692957,0.468361086765995,0.696535244922342,0.533242568640799,0.497626779915064,1,
0.354055450318581,0.422261174408414,0.812027080844285,0.228273201724529,0.159880089932551,1,
0.363698983984846,0.45749342681858,0.526284348864994,0.455184933061039,0.286535098675993,0,
0.433097985190288,0.548115687992989,0.305256869772999,0.407987292943045,0.244816387709218,0,
0.355088686068538,0.656967572304996,0.263639984070092,0.294304515543454,0.272545590806895,0,
0.411744446357844,0.694653812445224,0.273397052966945,0.413886997957794,0.263302523107669,0,
0.496814189770966,0.62524101665206,0.268020708880924,0.319945541184479,0.32075943042718,0,
0.329257792319614,0.363365468886941,0.54320987654321,0.447923757658271,0.623032725455908,1,
0.399001205441708,0.516739702015776,0.755675029868578,0.222600408441116,0.25630776917312,1,
0.53159979335285,0.374934268185802,0.853245718837117,0.230769230769231,0.260054958780914,1,
0.399517823316687,0.557756354075373,0.303863002787734,0.413433174495121,0.385960529602798,0,
0.499569485104185,0.522699386503067,0.582039028275587,0.462673020195144,0.265051211591307,1,
0.410366798691235,0.0429447852760736,0.66726403823178,0.160653505786249,0.234074444166875,1,
0.331840881694507,0.386503067484663,0.472122660294703,0.789425913319719,0.616537596802398,1,
0.317719993111762,0.389482909728309,0.824771007566706,0.186067619695938,0.181114164376717,0,
0.334940588944377,0.547414548641542,0.783950617283951,0.188109825277967,0.25655758181364,0,
0.621491303599105,0.276248904469763,0.347072879330944,0.381892443839347,0.303272545590807,0,
0.310487342862063,0.333567046450482,0.428912783751493,0.544815066938961,0.32075943042718,1,
0.434992250731875,0.37703768624014,0.309040223018718,0.317449512139778,0.288033974519111,0,
0.491992422937834,0.382471516213848,0.749502190362405,0.207170410710234,0.255558331251561,0,
0.751334596177028,0.188255915863278,0.339705296694544,0.383934649421375,0.336497626779915,0,
0.319269846736697,0.323751095530237,0.459378733572282,0.237576582709326,0.32075943042718,0,
0.31823661098674,0.434706397896582,0.601752289924333,0.281597458588609,0.278541094179365,0,
0.32633029102807,0.335495179666959,0.474512146555157,0.590424324937599,0.32075943042718,1,
0.308937489237128,0.292550394390885,0.474711270410195,0.308146131154981,0.205845615788159,0,
0.396590322025142,0.329184925503944,0.665272799681402,0.566144769684593,0.449912565575818,1,
0.638367487515068,0.582646801051709,0.267821585025886,0.321760835035171,0.295528353734699,0,
0.316858963320131,0.294127957931639,0.475109518120271,0.484002722940776,0.626030477142143,0,
0.368004132943,0.483260297984224,0.856232576662684,0.228727025187202,0.417686734948788,1,
0.271224384363699,0.454163014899211,0.652329749103943,0.489221692761516,0.32075943042718,0,
0.38143619769244,0.601577563540754,0.680007964954201,0.230769230769231,0.32075943042718,0,
0.350783537110384,0.544609991235758,0.830545599362803,0.213750850918992,0.249313015238571,0,
0.3159979335285,0.318667835232252,0.439466348068499,0.274790106648514,0.599550337247065,1,
0.351472360943689,0.499561787905346,0.259657506969335,0.443385523031541,0.28828378715963,0,
0.362321336318237,0.392638036809816,0.875746714456392,0.547311095983662,0.247064701473895,0,
0.34423971069399,0.347940403155127,0.68936678614098,0.551849330610393,0.497127154634024,1,
0.531427587394524,0.460122699386503,0.317204301075269,0.383480825958702,0.344491631276543,0,
0.369726192526261,0.412795793163891,0.752289924332935,0.185386884501929,0.219335498376218,0,
0.516273463061822,0.632953549517967,0.298287534846675,0.325391422736555,0.368223832125906,0,
0.350094713277079,0.487291849255039,0.823576264436479,0.213750850918992,0.32075943042718,0,
0.427242982607198,0.45170902716915,0.520908004778972,0.445654640344906,0.524606545091182,1,
