541,5,2,
0.338901325985879,0.469588080631025,0.569095977698128,0.283412752439301,0.374968773419935,0,
0.310831754778715,0.333567046450482,0.43110314615691,0.547084184252326,0.32075943042718,1,
0.38591355260892,0.608588957055215,0.251095181202708,0.307011572498298,0.285535848113915,1,
0.518684346478388,0.686765994741455,0.537037037037037,0.479918311776719,0.277042218336248,0,
0.355088686068538,0.353198948290973,0.664277180406213,0.517358747447243,0.450662003497377,1,
0.346306182193904,0.4943032427695,0.447232178414974,0.427728613569322,0.292530602048464,0,
0.392112967108662,0.819456617002629,0.239346873755476,0.303154073065577,0.32075943042718,0,
0.372653693817806,0.546713409290096,0.796296296296296,0.241434082142047,0.239070696977267,0,
0.419149302565869,0.34601226993865,0.639187574671446,0.484910369866122,0.433424931301524,1,
0.445496814189771,0.612445223488168,0.491636798088411,0.466530519627865,0.601798651011741,0,
0.49888066127088,0.477475898334794,0.433293508562326,0.40049920580894,0.350487134649013,0,
0.380230755984157,0.747414548641543,0.263839107925129,0.418425232584525,0.281039220584562,0,
0.353366626485276,0.553023663453111,0.287933094384707,0.321307011572498,0.32075943042718,0,
0.432581367315309,0.366170026292726,0.809438470728793,0.179033356024506,0.421933549837622,0,
0.336146030652661,0.670464504820333,0.257467144563919,0.437485818016791,0.286535098675993,0,
0.862235233339073,0.320771253286591,0.328952608522501,0.323349217154527,0.470147389457907,0,
0.650077492681247,0.60806310254163,0.470330545599363,0.462446108463808,0.395953035223582,0,
0.484759772688135,0.290622261174408,0.609916367980884,0.821420467438167,0.581813639770172,1,
0.315309109695195,0.320245398773006,0.621266427718041,0.74449739051509,0.186859855108668,0,
0.337179266402618,0.474320771253287,0.738351254480287,0.540049920580894,0.32075943042718,0,
0.267780265197176,0.482208588957055,0.709080047789725,0.177671885636487,0.32075943042718,0,
0.348544859652144,0.456266432953549,0.472520908004779,0.444520081688223,0.41693729702723,0,
0.374031341484415,0.639439088518843,0.70589406610912,0.521216246879964,0.245815638271297,0,
0.338212502152574,0.444522348816827,0.853643966547192,0.206943498978897,0.244566575068699,0,
0.738074737385913,0.34022787028922,0.400836320191159,0.395507147719537,0.34599050711966,0,
0.464783881522301,0.731638913234005,0.54778972520908,0.458134785568414,0.284786410192356,1,
0.333218529361116,0.324978089395267,0.438868976503385,0.568640798729294,0.55783162628029,0,
0.319786464611676,0.380017528483786,0.544603743528475,0.817789879736782,0.148638521109168,0,
0.486826244188049,0.627695004382121,0.303464755077658,0.397776265032902,0.280789407944042,0,
0.305665576028931,0.298510078878177,0.424930306650737,0.454958021329703,0.32075943042718,0,
0.503185810229034,0.439789658194566,0.325965750696933,0.336283185840708,0.307269547839121,0,
0.708799724470467,0.386853637160386,0.335722819593787,0.380077149988654,0.312015988008993,0,
0.338901325985879,0.512883435582822,0.504778972520908,0.422282732017245,0.293280039970022,0,
0.380919579817462,0.592638036809816,0.287933094384707,0.466076696165192,0.682737946540095,0,
0.32856896848631,0.389833479404032,0.509956192751892,0.730882686634899,0.158880839370472,1,
0.32271396590322,0.397020157756354,0.465153325368379,0.607669616519174,0.542093429927554,1,
0.415188565524367,0.707975460122699,0.644763042612505,0.258906285454958,0.270796902323258,0,
0.509729636645428,0.354425942156003,0.338709677419355,0.384161561152712,0.347989008243817,0,
0.415188565524367,0.661700262927257,0.269414575866189,0.416609938733833,0.362228328753435,0,
0.354399862235233,0.315162138475022,0.764635603345281,0.564556387565237,0.418186360229828,1,
0.579817461684174,0.455565293602103,0.31521306252489,0.405037440435671,0.361478890831876,0,
0.452040640606165,0.636283961437336,0.281760254878534,0.326072157930565,0.299775168623532,0,
0.460823144480799,0.382822085889571,0.781959378733572,0.523258452461992,0.412690482138396,0,
0.42534871706561,0.67011393514461,0.282954998008761,0.413206262763785,0.361478890831876,0,
0.442569312898226,0.647852760736196,0.269016328156113,0.313818924438393,0.289033225081189,0,
0.319614258653349,0.351446099912358,0.625647152528873,0.566144769684593,0.32075943042718,1,
0.649560874806268,0.279579316389132,0.341099163679809,0.37712729748128,0.300274793904572,0,
0.387463406233856,0.571078001752848,0.267025089605735,0.311776718856365,0.28878341244067,0,
0.772515929051145,0.185451358457493,0.387694145758662,0.383707737690039,0.336497626779915,0,
0.332013087652833,0.469938650306748,0.614695340501792,0.270251872021783,0.382213339995004,0,
0.328052350611331,0.483786152497809,0.557347670250896,0.432947583390061,0.370222333250062,0,
0.306871017737214,0.300788781770377,0.438271604938272,0.218742909008396,0.709218086435174,0,
0.313242638195282,0.284837861524978,0.487853444842692,0.704107102337191,0.554084436672496,0,
0.345272946443947,0.727081507449606,0.278773397052967,0.26072157930565,0.627529352985261,0,
0.657310142930945,0.521121822962314,0.558542413381123,0.290220104379396,0.28853359980015,0,
0.773721370759428,0.329184925503944,0.4778972520908,0.514408894939868,0.420684486635024,0,
0.628896159807129,0.56319018404908,0.440063719633612,0.432039936464715,0.4229328003997,0,
0.517306698811779,0.446275197195443,0.316407805655117,0.385976855003404,0.344241818636023,0,
0.309109695195454,0.31954425942156,0.428514536041418,0.477422282732017,0.586310267299525,0,
0.251592905114517,0.7954425942156,0.226802070888092,0.288177898797368,0.278541094179365,0,
0.820561391424143,0.294829097283085,0.340501792114695,0.342182890855457,0.336497626779915,0,
0.671258825555364,0.279929886064855,0.465153325368379,0.776718856364874,0.188608543592306,0,
0.345272946443947,0.421910604732691,0.53126244524094,0.868164284093488,0.153384961279041,1,
0.414671947649389,0.621910604732691,0.254480286738351,0.316088041751759,0.32075943042718,0,
0.628551747890477,0.512708150744961,0.461569095977698,0.415929203539823,0.446415188608544,0,
0.306182193903909,0.294478527607362,0.447431302270012,0.715906512366689,0.107669248063952,0,
0.322886171861546,0.323049956178791,0.534647550776583,0.794417971409122,0.127154634024482,1,
0.457723437230928,0.517791411042945,0.302867383512545,0.402541411390969,0.298526105420934,0,
0.440330635439986,0.465907099035933,0.779569892473118,0.235080553664624,0.255058705970522,1,
0.352677802651972,0.338124452234882,0.8584229390681,0.189017472203313,0.499125655758181,1,
0.313587050111934,0.362313759859772,0.431700517722023,0.635352847742228,0.32075943042718,1,
0.315825727570174,0.339877300613497,0.652727996814018,0.818016791468119,0.32075943042718,0,
0.366454279318064,0.320245398773006,0.768817204301075,0.525073746312684,0.432925306020485,1,
0.313414844153608,0.287116564417178,0.447829549980088,0.771272974812798,0.620784411691232,0,
0.46616152918891,0.731113058720421,0.278574273197929,0.45450419786703,0.474893829627779,0,
0.396762527983468,0.46327782646801,0.70589406610912,0.510551395507148,0.619535348488633,1,
0.629584983640434,0.484312007011393,0.307447232178415,0.411164057181756,0.295278541094179,0,
0.382986051317376,0.610867659947415,0.749303066507368,0.516451100521897,0.483887084686485,0,
0.427931806440503,0.727081507449606,0.608721624850657,0.517358747447243,0.412440669497877,1,
0.624763216807302,0.617353198948291,0.306451612903226,0.327433628318584,0.296527604296777,0,
0.315136903736869,0.354425942156003,0.445639187574671,0.180394826412526,0.32075943042718,1,
0.312898226278629,0.332690622261174,0.656909597769813,0.614703880190606,0.233325006245316,0,
0.322369553986568,0.348641542506573,0.685981680605336,0.606761969593828,0.32075943042718,0,
0.902703633545721,0.331113058720421,0.445240939864596,0.336963921034717,0.307019735198601,0,
0.350439125193732,0.617703768624014,0.290322580645161,0.320626276378489,0.29477891581314,0,
0.334423971069399,0.306397896581946,0.313819195539626,0.600635352847742,0.713215088683487,1,
0.312209402445325,0.285714285714286,0.462166467542812,0.833446789199002,0.0911816137896578,0,
0.312898226278629,0.32182296231376,0.527877339705297,0.528704334014069,0.32075943042718,1,
0.508696400895471,0.678702892199825,0.275388291517324,0.41025641025641,0.361978516112915,0,
0.80144653004994,0.399298860648554,0.508164078056551,0.432720671658725,0.289283037721709,0,
0.372998105734458,0.41840490797546,0.889088012743927,0.205355116859542,0.260304771421434,0,
0.340795591527467,0.536722173531989,0.563321385902031,0.459269344225096,0.273544841368973,0,
0.456862407439297,0.362489044697634,0.740342493030665,0.575675062400726,0.227829128153885,0,
0.395212674358533,0.522348816827344,0.294305057745918,0.405264352167007,0.299775168623532,0,
0.434475632856897,0.721647677475898,0.280565511748307,0.426594054912639,0.264551586310267,0,
0.713104873428621,0.423663453111306,0.310035842293907,0.405037440435671,0.366225331001749,0,
0.276046151196831,0.414373356704645,0.640979689366786,0.215339233038348,0.244066949787659,0,
0.56431892543482,0.517616126205083,0.518319394663481,0.44928522804629,0.419185610791906,0,
0.393318408816945,0.736371603856267,0.199522102747909,0.476968459269344,0.269547839120659,0,
0.490098157396246,0.582822085889571,0.490442054958184,0.315861130020422,0.276292780414689,0,
0.319958670570002,0.281858019281332,0.440461967343688,0.601996823235761,0.686485136147889,0,
0.556741863268469,0.500613496932515,0.280167264038232,0.447469934195598,0.176367724206845,1,
0.692440158429482,0.31726555652936,0.397650338510554,0.382800090764693,0.346989757681739,0,
0.351644566902015,0.47817703768624,0.841696535244922,0.207851145904243,0.32075943042718,0,
0.345617358360599,0.380893952673094,0.785344484269215,0.707510778307238,0.636522608043967,1,
0.372825899776132,0.719719544259422,0.624850657108722,0.496029044701611,0.273295028728454,1,
0.352161184776993,0.395793163891323,0.619275189167662,0.596097118221012,0.415938046465151,1,
0.252281728947822,0.108326029798422,0.112504978096376,0.101202632176084,0.175868098925806,1,
0.346650594110556,0.382296231375986,0.790521704500199,0.209212616292262,0.241818636022983,0,
0.415877389357672,0.709728308501315,0.264834727200319,0.294985250737463,0.582812890332251,0,
0.643189254348201,0.448553900087642,0.322381521306252,0.382119355570683,0.305021234074444,0,
0.313242638195282,0.344609991235758,0.46873755475906,0.483321987746766,0.885585810642018,0,
0.325985879111417,0.435933391761613,0.694942254082039,0.223961878829135,0.32075943042718,0,
0.364215601859824,0.499211218229623,0.906013540422142,0.207624234172907,0.240069947539345,0,
0.313587050111934,0.289570552147239,0.42831541218638,0.557068300431132,0.813639770172371,0,
0.32633029102807,0.310254163014899,0.513341298287535,0.506240072611754,0.510117411941044,1,
0.334596177027725,0.510429447852761,0.726204699322979,0.618561379623326,0.601299025730702,0,
0.440675047356639,0.758983347940403,0.263241736360016,0.546403449058316,0.262303272545591,0,
0.380230755984157,0.583698510078878,0.496415770609319,0.42069434989789,0.379965026230327,0,
0.361115894609953,0.419631901840491,0.717642373556352,0.660086226457908,0.594304271796153,1,
0.570346133976236,0.639263803680982,0.286340103544405,0.408668028137055,0.361478890831876,0,
0.404684002066471,0.615950920245399,0.285941855834329,0.318130247333787,0.365975518361229,0,
0.357327363526778,0.595092024539877,0.484866587017125,0.429316995688677,0.28853359980015,0,
0.273118649905287,0.19649430324277,0.287534846674632,0.236895847515317,0.32075943042718,0,
0.402789736524884,0.340753724802805,0.676224611708483,0.502382573179033,0.443917062203348,1,
0.479421387980024,0.367046450482033,0.332536837913182,0.37644656228727,0.340494629028229,0,
0.578095402100913,0.629272567922875,0.288530465949821,0.410029498525074,0.360979265550837,0,
0.398828999483382,0.364592462751972,0.799880525686977,0.234853641933288,0.263302523107669,1,
0.572068193559497,0.574583698510079,0.300677021107129,0.327887451781257,0.355983012740445,0,
0.38815223006716,0.687291849255039,0.538032656312226,0.242341729067393,0.62178366225331,0,
0.630618219390391,0.480806310254163,0.41636798088411,0.391195824824143,0.30102423182613,0,
0.413122094024453,0.443470639789658,0.728195937873357,0.541184479237577,0.57032225830627,1,
0.410366798691235,0.482033304119194,0.29231381919554,0.320399364647152,0.25655758181364,0,
0.499913897020837,0.558457493426819,0.457785742731979,0.504197867029725,0.48713464901324,0,
0.478215946271741,0.291323400525854,0.15252887295898,0.698207397322442,0.630776917312016,1,
0.38952987773377,0.742857142857143,0.276782158502589,0.307919219423644,0.367474394204347,0,
0.788358877217152,0.292375109553024,0.417562724014337,0.392330383480826,0.301773669747689,0,
0.66023764422249,0.387554776511832,0.335722819593787,0.38234626730202,0.346739945041219,0,
0.309970724987085,0.304119193689746,0.51652727996814,0.528931245745405,0.32075943042718,1,
0.417255037024281,0.784925503943909,0.260653126244524,0.423190378942591,0.271296527604297,0,
0.697089719304288,0.282033304119194,0.391477499004381,0.39596097118221,0.304521608793405,0,
0.335457206819356,0.33794916739702,0.498606133014735,0.584070796460177,0.620534599050712,1,
0.399173411400034,0.727256792287467,0.237753882915173,0.459950079419106,0.57082188358731,0,
0.700361632512485,0.282208588957055,0.394464356829948,0.394145677331518,0.305770671996003,0,
0.414671947649389,0.308851884312007,0.54320987654321,0.297481279782165,0.296277791656258,0,
0.328913380402962,0.31148115687993,0.511748307447232,0.573405945087361,0.32075943042718,1,
0.421732391940761,0.4965819456617,0.299084030266826,0.332652598139324,0.340494629028229,0,
0.374031341484415,0.400175284837862,0.678215850258861,0.277966870887225,0.277541843617287,0,
0.433097985190288,0.380718667835232,0.40163281561131,0.377354209212616,0.341743692230827,0,
0.459273290855864,0.704119193689746,0.280764635603345,0.282278193782619,0.523857107169623,0,
0.406406061649733,0.646625766871166,0.254679410593389,0.426367143181302,0.358231326505121,0,
0.478904770105046,0.546538124452235,0.309836718438869,0.33356024506467,0.346490132400699,0,
0.392457379025314,0.725503943908852,0.513739545997611,0.471068754254595,0.495378466150387,1,
0.237644222490098,0.129710780017528,0.631222620469932,0.214204674381666,0.203347489382963,0,
0.355605303943516,0.514285714285714,0.632616487455197,0.253914227365555,0.32075943042718,0,
0.456517995522645,0.305170902716915,0.757467144563919,0.215112321307012,0.405695728203847,1,
0.447563285689685,0.566345311130587,0.281162883313421,0.442024052643522,0.618036472645516,0,
0.351988978818667,0.448729184925504,0.818598168060534,0.572498298162015,0.595553334998751,1,
0.68176338901326,0.499035933391762,0.310434090003982,0.325845246199229,0.300774419185611,0,
0.347856035818839,0.55284837861525,0.479888490641179,0.41093714545042,0.287534349238071,0,
0.329257792319614,0.510780017528484,0.214257268020709,0.281824370319946,0.278790906819885,0,
0.561047012226623,0.327081507449606,0.345679012345679,0.376900385749943,0.336247814139395,0,
0.677802651971758,0.458369851007888,0.452608522500996,0.45904243249376,0.263302523107669,0,
0.314792491820217,0.370727432077125,0.466547192353644,0.638075788518266,0.32075943042718,1,
0.318581022903392,0.348466257668712,0.642572680207089,0.87451781257091,0.32075943042718,0,
0.72567590838643,0.190885188431201,0.383512544802867,0.378942591331972,0.343242568073945,0,
0.346306182193904,0.478878177037686,0.66547192353644,0.256637168141593,0.257057207094679,0,
0.543137592560703,0.447502191060473,0.310234966148945,0.381438620376673,0.307269547839121,0,
0.318408816945066,0.326555652936021,0.550378335324572,0.769003857499433,0.165126155383462,1,
0.360771482693301,0.345486415425066,0.96136997212266,0.235761288858634,0.450662003497377,1,
0.667125882555536,0.423838737949167,0.337514934289128,0.382573179033356,0.33974519110667,0,
0.382986051317376,0.741279579316389,0.245519713261649,0.628999319264806,0.238820884336747,0,
0.312381608403651,0.314110429447853,0.512146555157308,0.502836396641706,0.32075943042718,1,
0.478560358188393,0.591586327782647,0.275587415372362,0.693442250964375,0.207094678990757,0,
0.330463234027897,0.317440841367222,0.248904818797292,0.109825277966871,0.163627279540345,1,
0.69295677630446,0.346538124452235,0.340700915969733,0.388472884048105,0.30776917312016,0,
0.35767177544343,0.373006134969325,0.839107925129431,0.190152030859995,0.194354234324257,1,
0.33166867573618,0.444697633654689,0.308442851453604,0.457454050374404,0.458156382712965,0,
0.889788186671259,0.176687116564417,0.444245320589407,0.450646698434309,0.293030227329503,0,
0.445496814189771,0.517791411042945,0.308442851453604,0.397776265032902,0.285785660754434,0,
0.370931634234544,0.406134969325153,0.620270808442851,0.547764919446335,0.832625530851861,1,
0.346133976235578,0.44487291849255,0.546794105933891,0.870206489675516,0.178616037971521,1,
0.33080764594455,0.454338299737073,0.620071684587814,0.473110959836624,0.271546340244816,0,
0.320130876528328,0.39649430324277,0.798088410991637,0.133877921488541,0.213839620284786,0,
0.80816256242466,0.300087642418931,0.611509358821187,0.290447016110733,0.291281538845866,0,
0.461511968314104,0.112007011393514,0.282556750298686,0.0637621965055593,0.111916062952785,0,
0.345272946443947,0.394040315512708,0.596375945838311,0.884728840481053,0.117411941044217,1,
0.351127949027036,0.431375985977213,0.787933094384707,0.224188790560472,0.253310017486885,0,
0.311348372653694,0.319018404907975,0.467343687773795,0.786476060812344,0.747189607794154,0,
0.430170483898743,0.782471516213848,0.242931103146157,0.48241434082142,0.382962777916563,0,
0.414327535732736,0.731288343558282,0.518120270808443,0.312911277513047,0.293030227329503,0,
0.339590149819184,0.35512708150745,0.446435682994823,0.611754027683231,0.188608543592306,1,
0.343895298777338,0.328133216476775,0.432497013142174,0.650555933741774,0.532850362228329,1,
0.6951954537627,0.353549517966696,0.422540820390283,0.409348763331064,0.222583062702973,0,
0.344756328568968,0.816476774758983,0.230784547988849,0.431359201270706,0.277791656257807,0,
0.380747373859135,0.317966695880806,0.727797690163281,0.606988881325164,0.221583812140894,1,
0.464783881522301,0.64364592462752,0.269215452011151,0.67687769457681,0.223082687984012,0,
0.332529705527811,0.405609114811569,0.470131421744325,0.457907873837077,0.32075943042718,0,
0.427931806440503,0.727432077125329,0.608920748705695,0.517585659178579,0.412440669497877,1,
0.386430170483899,0.669588080631025,0.591596973317403,0.624007261175403,0.232075943042718,1,
0.346133976235578,0.0902716914986853,0.627240143369176,0.253233492171545,0.44891331501374,1,
0.327363526778026,0.472567922874671,0.639187574671446,0.473791695030633,0.276542593055209,0,
0.552436714310315,0.514110429447853,0.493827160493827,0.540503744043567,0.556082937796653,0,
0.314792491820217,0.300788781770377,0.465750696933493,0.596777853415022,0.32075943042718,0,
0.331496469777854,0.340929009640666,0.660493827160494,0.502382573179033,0.683237571821134,1,
0.384880316858963,0.612445223488168,0.50278773397053,0.452688904016338,0.229827629278041,0,
0.568279662476322,0.324452234881683,0.389884508164078,0.388019060585432,0.270796902323258,0,
0.0180816256242466,0.351621384750219,0.325567502986858,0.329929657363286,0.297776667499375,0,
0.337007060444291,0.332515337423313,0.7536837913182,0.712502836396642,0.457406944791406,0,
0.327363526778026,0.361262050832603,0.539625647152529,0.435897435897436,0.630527104671496,1,
0.315136903736869,0.341805433829974,0.560732775786539,0.842069434989789,0.122658006495129,1,
0.310831754778715,0.323225241016652,0.429111907606531,0.546857272520989,0.32075943042718,1,
0.332013087652833,0.474496056091148,0.621266427718041,0.480145223508055,0.266050462153385,0,
0.318408816945066,0.322524101665206,0.486857825567503,0.660993873383254,0.533349987509368,1,
0.339245737902531,0.374934268185802,0.78215850258861,0.552076242341729,0.424431676242818,1,
0.324091613569829,0.372129710780018,0.63878932696137,0.750397095529839,0.161129153135149,1,
0.27656276907181,0.172830850131464,0.500597371565113,0.217381438620377,0.32075943042718,1,
0.403134148441536,0.457668711656442,0.814217443249701,0.70093033809848,0.215588308768424,1,
0.469605648355433,0.708676599474146,0.277379530067702,0.587701384161561,0.22408193854609,0,
0.562769071809885,0.48501314636284,0.318598168060534,0.388019060585432,0.30102423182613,0,
0.329085586361288,0.385801928133217,0.871764237355635,0.602450646698434,0.615788158880839,1,
0.376442224900982,0.855390008764242,0.249502190362405,0.29975039709553,0.281039220584562,0,
0.329602204236267,0.459421560035057,0.531660692951015,0.604946675743136,0.217087184611541,0,
0.340451179610815,0.385451358457493,0.744922341696535,0.669843430905378,0.208593554833875,0,
0.900637162045807,0.181770376862401,0.393667861409797,0.34263671431813,0.309268048963278,0,
0.712932667470294,0.431726555652936,0.314615690959777,0.341955979124121,0.32075943042718,0,
0.589633201308765,0.727432077125329,0.286539227399442,0.329929657363286,0.302023482388209,0,
0.498708455312554,0.648553900087642,0.294902429311031,0.323576128885863,0.3974519110667,0,
0.423626657482349,0.412971078001753,0.678016726403823,0.560698888132516,0.152635523357482,1,
0.36214913035991,0.3011393514461,0.752090800477897,0.617653732697981,0.150137396952286,1,
0.53383847081109,0.501665205959684,0.434687375547591,0.418879056047198,0.356482638021484,0,
0.311348372653694,0.303067484662577,0.415571485463959,0.306557749035625,0.32075943042718,1,
0.468055794730498,0.367572304995618,0.33910792512943,0.375765827093261,0.340994254309268,0,
0.314792491820217,0.310078878177038,0.466547192353644,0.822781937826186,0.32075943042718,0,
0.316858963320131,0.297283085013146,0.453205894066109,0.818243703199455,0.0911816137896578,0,
0.467883588772171,0.614548641542507,0.618677817602549,0.543907420013615,0.263802148388708,0,
0.31375925607026,0.377563540753725,0.457586618876941,0.628999319264806,0.32075943042718,1,
0.319958670570002,0.305521472392638,0.462365591397849,0.843203993646471,0.0976767424431676,0,
0.365593249526434,0.353724802804557,0.859020310633214,0.572271386430678,0.510117411941044,1,
0.340967797485793,0.341104294478528,0.509358821186778,0.571363739505332,0.32075943042718,1,
0.378680902359222,0.294127957931639,0.434289127837515,0.681642840934876,0.663252560579565,1,
0.848458756672981,0.323926380368098,0.337714058144166,0.340594508736102,0.311016737446915,0,
0.389874289650422,0.304119193689746,0.741537236160892,0.231676877694577,0.428678491131651,1,
0.351300154985362,0.547589833479404,0.841497411389884,0.210800998411618,0.248563577317012,0,
0.386602376442225,0.840315512708151,0.266825965750697,0.308373042886317,0.283037721708718,0,
0.353538832443603,0.624539877300613,0.2536837913182,0.428863172226004,0.251061703722208,0,
0.518684346478388,0.472918492550394,0.303663878932696,0.32902201043794,0.33974519110667,0,
0.335801618736008,0.410692375109553,0.991238550378335,0.189698207397322,0.230077441918561,0,
0.428104012398829,0.328308501314636,0.671246515332537,0.752893124574541,0.131651261553835,1,
0.34647838815223,0.381069237510955,0.475308641975309,0.792375765827093,0.150387209592805,0,
0.345100740485621,0.815775635407537,0.2389486260454,0.298388926707511,0.279790157381964,0,
0.319786464611676,0.330236634531113,0.503584229390681,0.82119355570683,0.164626530102423,0,
0.329602204236267,0.3954425942156,0.841696535244922,0.606761969593828,0.44891331501374,0,
0.381091785775788,0.328133216476775,0.751891676622859,0.580894032221466,0.184111916062953,1,
0.447391079731359,0.711656441717792,0.287136598964556,0.322214658497844,0.294279290532101,0,
0.912174961253659,0.343032427695004,0.433094384707288,0.451100521896982,0.286535098675993,0,
0.347167211985535,0.361612620508326,0.684388689765034,0.644429316995689,0.586060454659006,0,
0.314103667986912,0.342857142857143,0.440661091198726,0.510551395507148,0.629028228828379,1,
0.402445324608231,0.750043821209465,0.527479091995221,0.273428636260495,0.287034723957032,0,
0.402617530566558,0.670464504820333,0.285941855834329,0.413886997957794,0.245565825630777,0,
0.41639400723265,0.439964943032428,0.719434488251693,0.251418198320853,0.222333250062453,1,
0.334251765111073,0.555302366345311,0.27757865392274,0.44474699341956,0.285535848113915,0,
0.659548820389185,0.454513584574934,0.44942254082039,0.468572725209893,0.511616287784162,0,
0.342517651110728,0.534268185801928,0.563918757467144,0.822555026094849,0.180114913814639,0,
0.393146202858619,0.336722173531989,0.630027877339705,0.512139777626503,0.45490881838621,1,
0.356121921818495,0.388431200701139,0.802270011947431,0.609484910369866,0.428678491131651,0,
0.641467194764939,0.415600350569676,0.436280366387893,0.341502155661448,0.309018236322758,0,
0.345961770277252,0.679053461875548,0.268020708880924,0.470841842523259,0.278790906819885,0,
0.316170139486826,0.297283085013146,0.507566706491438,0.714318130247334,0.32075943042718,0,
0.408989151024625,0.381419807186678,0.718438868976503,0.529611980939415,0.41693729702723,0,
0.399517823316687,0.559509202453988,0.623855037833532,0.607669616519174,0.569073195103672,0,
0.342689857069055,0.37703768624014,0.777379530067702,0.222146584978443,0.421184111916063,1,
0.416566213190976,0.523751095530237,0.313819195539626,0.326752893124575,0.347489382962778,0,
0.419321508524195,0.784750219106047,0.215651135005974,0.467211254821874,0.368223832125906,0,
0.431548131565352,0.447502191060473,0.737355635205098,0.595643294758339,0.500874344241819,1,
0.345272946443947,0.337598597721297,0.527479091995221,0.794417971409122,0.162128403697227,1,
0.665920440847253,0.287291849255039,0.347670250896057,0.375538915361924,0.29477891581314,0,
0.326674702944722,0.356178790534619,0.691557148546396,0.590197413206263,0.190856857356982,1,
0.328913380402962,0.363891323400526,0.946037435284747,0.582482414340821,0.198101423932051,1,
0.337007060444291,0.365293602103418,0.628036638789327,0.530519627864761,0.635523357481889,1,
0.822111245049079,0.315162138475022,0.33910792512943,0.343090537780803,0.308518611041719,0,
0.371103840192871,0.307975460122699,0.702907208283552,0.695484456546403,0.744941294029478,1,
0.311003960737042,0.312883435582822,0.548387096774194,0.358747447243022,0.32075943042718,0,
0.330463234027897,0.431200701139351,0.895858223815213,0.191740412979351,0.21134149387959,0,
0.371620458067849,0.367572304995618,0.467941059338909,0.617880644429317,0.569822633025231,1,
0.338556914069227,0.417528483786152,0.921943448825169,0.172906739278421,0.32075943042718,0,
0.768210780092991,0.429798422436459,0.621266427718041,0.309961425005673,0.296527604296777,0,
0.338556914069227,0.685539000876424,0.510155316606929,0.451327433628319,0.285036222832875,0,
0.4200103323575,0.560385626643295,0.299283154121864,0.325164511005219,0.299775168623532,0,
0.464783881522301,0.411218229623138,0.590203106332139,0.529385069208078,0.251061703722208,1,
0.314448079903565,0.290972830850131,0.481879729191557,0.843430905377808,0.123157631776168,0,
0.439641811606682,0.370376862401402,0.324173636001593,0.343998184706149,0.336247814139395,0,
0.361115894609953,0.392112182296231,0.644165671047391,0.218969820739732,0.32075943042718,0,
0.33166867573618,0.550920245398773,0.287136598964556,0.432947583390061,0.291031726205346,0,
0.560185982434992,0.492550394390885,0.491636798088411,0.316088041751759,0.291031726205346,0,
0.60151541243327,0.543382997370727,0.510752688172043,0.595416383027002,0.239820134898826,0,
0.540898915102462,0.402629272567923,0.441855834328953,0.418879056047198,0.280039970022483,0,
0.657654554847598,0.419106047326906,0.333731581043409,0.385069208078058,0.305271046714964,0,
0.317892199070088,0.364066608238387,0.717244125846276,0.600635352847742,0.17287034723957,0,
0.331496469777854,0.421034180543383,0.834328952608522,0.192194236442024,0.32075943042718,0,
0.378680902359222,0.569325153374233,0.205495818399044,0.279328341275244,0.374968773419935,0,
0.4944033063544,0.466432953549518,0.319992035045798,0.33741774449739,0.342493130152386,0,
0.525055966936456,0.686415425065732,0.275388291517324,0.415702291808486,0.430926804896328,0,
0.620458067849147,0.372304995617879,0.405017921146953,0.391876560018153,0.301773669747689,0,
0.441536077148269,0.702541630148992,0.266626841895659,0.317676423871114,0.290781913564826,0,
0.364387807818151,0.357055214723926,0.766029470330546,0.698661220785115,0.17287034723957,1,
0.4535904942311,0.761612620508326,0.266626841895659,0.411617880644429,0.465900574569073,0,
0.371276046151197,0.69535495179667,0.242731979291119,0.304742455184933,0.290032475643268,0,
0.389702083692096,0.437160385626643,0.711867781760255,0.246653051962786,0.263552335748189,1,
0.45806784914758,0.308150744960561,0.620469932297889,0.659632402995235,0.550337247064702,1,
0.325641467194765,0.339351446099912,0.722620469932298,0.542545949625596,0.598051461403947,0,
0.303771310487343,0.323225241016652,0.476702508960573,0.471749489448604,0.32075943042718,0,
0.373514723609437,0.543558282208589,0.285145360414178,0.32312230542319,0.295528353734699,0,
0.442913724814879,0.612269938650307,0.481879729191557,0.302473337871568,0.663502373220085,0,
0.352505596693646,0.611568799298861,0.256272401433692,0.454731109598366,0.279790157381964,0,
0.321852936111589,0.360385626643295,0.59378733572282,0.802132970274563,0.129902573070197,1,
0.5167900809368,0.673444347063979,0.576065312624452,0.484229634672113,0.279290532100924,0,
0.331152057861202,0.364066608238387,0.821983273596177,0.589970501474926,0.638770921808644,1,
0.378164284484243,0.572304995617879,0.833930704898447,0.212389380530973,0.238571071696228,0,
0.317547787153435,0.385977212971078,0.7610513739546,0.614476968459269,0.187359480389708,0,
0.23712760461512,0.350744960560911,0.601354042214257,0.154526889040163,0.136397701723707,1,
0.399173411400034,0.331989482909728,0.760454002389486,0.641706376219651,0.630776917312016,1,
0.313070432236955,0.330937773882559,0.610513739545998,0.860449285228046,0.32075943042718,0,
0.365248837609781,0.42068361086766,0.728992433293508,0.60857726344452,0.32075943042718,1,
0.339073531944205,0.415074496056091,0.957984866587017,0.187656001815294,0.233574818885836,0,
0.30704322369554,0.282033304119194,0.412385503783353,0.4499659632403,0.32075943042718,0,
0.351300154985362,0.348992112182296,0.795898048586221,0.63262990696619,0.761179115663252,1,
0.347683829860513,0.418229623137599,0.769016328156113,0.188336737009303,0.632775418436173,1,
0.442569312898226,0.720946538124452,0.537037037037037,0.296119809394146,0.28228828378716,0,
0.890304804546237,0.332865907099036,0.44763042612505,0.332198774676651,0.305271046714964,0,
0.484759772688135,0.628921998247152,0.29410593389088,0.421148173360563,0.28178865850612,0,
0.419321508524195,0.663978965819457,0.669454400637196,0.26525981393238,0.268798401199101,0,
0.3159979335285,0.25749342681858,0.332536837913182,0.208304969366916,0.62852860354734,1,
0.350783537110384,0.442769500438212,0.753086419753086,0.597231676877695,0.142393205096178,1,
0.31823661098674,0.334794040315513,0.453006770211071,0.520081688223281,0.32075943042718,1,
0.305493370070604,0.297984224364592,0.424332935085623,0.454731109598366,0.32075943042718,0,
0.330979851902876,0.308501314636284,0.499203504579849,0.75425459496256,0.32075943042718,1,
0.35319442052695,0.624715162138475,0.575069693349263,0.218742909008396,0.653509867599301,0,
0.362321336318237,0.588080631025416,0.291716447630426,0.318810982527797,0.296777416937297,0,
0.737385913552609,0.31498685363716,0.336718438868976,0.341502155661448,0.350487134649013,0,
0.394179438608576,0.347589833479404,0.652130625248905,0.46879963694123,0.414688983262553,1,
0.340278973652488,0.454338299737073,0.830744723217842,0.211027910142954,0.32075943042718,1,
0.347339417943861,0.36319018404908,0.662285941855834,0.724075334694804,0.612290781913565,0,
0.392285173066988,0.570727432077125,0.275985663082437,0.314953483095076,0.32075943042718,0,
0.421904597899087,0.472217353198948,0.662485065710872,0.258906285454958,0.280289782663003,1,
0.366798691234717,0.678001752848379,0.578653922739944,0.249375992738825,0.32075943042718,0,
0.365593249526434,0.451884312007011,0.729390681003584,0.233038348082596,0.189857606794904,1,
0.31152057861202,0.309903593339176,0.537435284747113,0.530519627864761,0.32075943042718,1,
0.3159979335285,0.307975460122699,0.449820788530466,0.304061719990924,0.32075943042718,1,
0.391596349233683,0.402629272567923,0.587017124651533,0.621965055593374,0.770921808643517,1,
0.883760978129843,0.177914110429448,0.390282755874154,0.341729067392784,0.30751936047964,0,
0.248148785947994,0.341104294478528,0.536240541616886,0.62355343771273,0.0676992255808144,1,
0.351988978818667,0.547589833479404,0.826961369972123,0.216473791695031,0.25006245316013,0,
0.447563285689685,0.618755477651183,0.28494623655914,0.312911277513047,0.383212590557082,0,
0.360599276734975,0.521121822962314,0.531859816806053,0.460403902881779,0.395453409942543,1,
0.552092302393663,0.375460122699387,0.872162485065711,0.244837758112094,0.253809642767924,1,
0.823661098674014,0.320420683610868,0.336121067303863,0.381892443839347,0.339245565825631,0,
0.917685551920096,0.411042944785276,0.334328952608522,0.34785568413887,0.310267299525356,0,
0.45582917168934,0.64364592462752,0.283154121863799,0.44928522804629,0.612290781913565,0,
0.423626657482349,0.680631025416301,0.230187176423736,0.308599954617654,0.358231326505121,0,
0.371103840192871,0.916564417177914,0.236160892074871,0.278647606081234,0.283287534349238,0,
0.375236783192698,0.816652059596845,0.237355635205098,0.292489221692761,0.282787909068199,0,
0.84088169450663,0.343558282208589,0.425726802070888,0.469480372135239,0.27554334249313,0,
0.356121921818495,0.530236634531113,0.524293110314616,0.443158611300204,0.32075943042718,0,
0.278284828655071,0.309377738825592,0.572680207088809,0.358747447243022,0.32075943042718,0,
0.339417943860858,0.412094653812445,0.899442453205894,0.164964828681643,0.484636522608044,0,
0.315653521611848,0.317966695880806,0.558144165671047,0.23213070115725,0.481388958281289,1,
0.329257792319614,0.363365468886941,0.54320987654321,0.269571136827774,0.623032725455908,1,
0.489237127604615,0.726205083260298,0.278574273197929,0.433628318584071,0.32075943042718,0,
0.819011537799208,0.332865907099036,0.573078454798885,0.309053778080327,0.297526854858856,0,
0.7472016531772,0.48851884312007,0.312624452409399,0.51168595416383,0.258306270297277,0,
0.387635612192182,0.305872042068361,0.787136598964556,0.565237122759247,0.441918561079191,1,
0.334596177027725,0.448904469763365,0.648944643568299,0.233038348082596,0.252060954284287,0,
0.327019114861374,0.482208588957055,0.736957387495022,0.210574086680281,0.236072945291032,0,
0.645944549681419,0.461524978089395,0.329549980087614,0.399591558883594,0.305271046714964,0,
0.325813673153091,0.438212094653812,0.818996415770609,0.201043793964148,0.227329502872845,0,
0.353711038401929,0.596669588080631,0.596575069693349,0.220558202859088,0.649013240069948,0,
0.309798519028758,0.314285714285714,0.579649542015133,0.781030179260268,0.32075943042718,0,
0.358705011193387,0.301665205959684,0.722819593787336,0.610165645563876,0.14089432925306,1,
0.635095574306871,0.402629272567923,0.399641577060932,0.39074200136147,0.35273544841369,0,
0.406233855691407,0.488694127957932,0.710274790919952,0.509870660313138,0.253809642767924,0,
0.362837954193215,0.690622261174408,0.765232974910394,0.266621284320399,0.274294279290532,1,
0.345617358360599,0.723225241016652,0.504978096375946,0.446789199001588,0.244566575068699,0,
0.470983296022042,0.502191060473269,0.578255675029869,0.234172906739278,0.270297277042218,1,
0.308593077320475,0.304995617879053,0.499800876144962,0.358747447243022,0.32075943042718,1,
0.404167384191493,0.31726555652936,0.517522899243329,0.79260267755843,0.171121658755933,0,
0.325469261236439,0.380893952673094,0.516129032258065,0.653505786249149,0.539845116162878,1,
0.257964525572585,0.640666082383874,0.560334528076464,0.493079192194236,0.32075943042718,0,
0.325985879111417,0.433654688869413,0.699123855037833,0.240072611754028,0.273794654009493,0,
0.777509901842604,0.405959684487292,0.45957785742732,0.480599046970728,0.422682987759181,0,
0.770105045634579,0.187028921998247,0.34010354440462,0.339233038348083,0.354234324256807,0,
0.788186671258825,0.323751095530237,0.33731581043409,0.388245972316769,0.306520109917562,0,
0.60513173755812,0.449956178790535,0.316407805655117,0.388019060585432,0.343992005995503,0,
0.711727225762011,0.340753724802805,0.412982875348467,0.594962559564329,0.24356732450662,0,
0.401067676941622,0.692900964066608,0.242333731581043,0.303154073065577,0.281289033225081,0,
0.33976235577751,0.417879053461876,0.746515332536838,0.751531654186521,0.32075943042718,0,
0.390735319442053,0.39193689745837,0.765033851055356,0.238257317903336,0.264301773669748,1,
0.456001377647667,0.653286590709904,0.283950617283951,0.454050374404357,0.602048463652261,0,
0.32047528844498,0.351446099912358,0.524093986459578,0.842977081915135,0.107419435423432,1,
0.386430170483899,0.597370727432077,0.543010752688172,0.495575221238938,0.219835123657257,1,
0.380747373859135,0.576336546888694,0.601951413779371,0.281143635125936,0.32075943042718,0,
0.379025314275874,0.700438212094654,0.242931103146157,0.428636260494668,0.284286784911317,0,
0.853797141381092,0.327432077125329,0.404221425726802,0.320172452915816,0.482638021483887,0,
0.484587566729809,0.633128834355828,0.281561131023497,0.419105967778534,0.571071696227829,0,
0.31152057861202,0.315337423312883,0.516726403823178,0.514181983208532,0.480139895078691,1,
0.532460823144481,0.518667835232252,0.311429709279172,0.335602450646698,0.343242568073945,0,
0.304460134320648,0.280280455740578,0.456590999601752,0.650555933741774,0.32075943042718,0,
0.309798519028758,0.326205083260298,0.53305455993628,0.257998638529612,0.32075943042718,1,
0.333562941277768,0.490446976336547,0.768618080446037,0.582482414340821,0.620034973769673,0,
0.572757017392802,0.583172655565294,0.286340103544405,0.424098025867937,0.523107669248064,0,
0.492853452729464,0.361963190184049,0.411389884508164,0.405945087361017,0.298775918061454,0,
0.648011021181333,0.436108676599474,0.329749103942652,0.382119355570683,0.347489382962778,0,
0.366109867401412,0.410692375109553,0.522301871764237,0.587701384161561,0.231826130402198,1,
0.317719993111762,0.321998247151621,0.583831142970928,0.714091218515997,0.32075943042718,1,
0.586705700017221,0.508501314636284,0.452409398645958,0.445200816882233,0.32075943042718,1,
0.319442052695023,0.409991235758107,0.816806053365193,0.189244383934649,0.32075943042718,0,
0.5055966936456,0.580718667835232,0.728395061728395,0.272520989335149,0.279040719460405,1,
0.363698983984846,0.603856266432954,0.276583034647551,0.410029498525074,0.354234324256807,0,
0.390907525400379,0.473093777388256,0.629032258064516,0.495802132970275,0.647764176867349,0,
0.547787153435509,0.495880806310254,0.467941059338909,0.452461992285001,0.273295028728454,0,
0.35767177544343,0.535845749342682,0.508164078056551,0.437031994554118,0.367974019485386,0,
0.429481660065438,0.476599474145486,0.570888092393469,0.216019968232358,0.162628028978266,1,
0.39262958498364,0.678001752848379,0.294902429311031,0.321307011572498,0.35898076442668,0,
0.632684690890305,0.287116564417178,0.346674631620868,0.375085091899251,0.298026480139895,0,
0.344756328568968,0.354776511831727,0.504181600955794,0.63716814159292,0.136647514364227,1,
0.404167384191493,0.707449605609115,0.248307447232178,0.442477876106195,0.460654509118161,1,
0.335629412777682,0.561437335670465,0.54500199123855,0.44474699341956,0.32075943042718,0,
0.377131048734286,0.793865030674847,0.238749502190362,0.290447016110733,0.32075943042718,0,
0.357499569485104,0.453286590709904,0.806252489048188,0.223054231903789,0.32075943042718,0,
0.307387635612192,0.293251533742331,0.482875348466746,0.461765373269798,0.32075943042718,0,
0.925951437919752,0.301489921121823,0.331342094782955,0.337644656228727,0.306020484636523,0,
0.392973996900293,0.456266432953549,0.711270410195141,0.694122986158384,0.220834374219335,1,
0.384363698983985,0.333041191936897,0.775189167662286,0.674154753800772,0.68573569822633,1,
0.43344239710694,0.372129710780018,0.40720828355237,0.343771272974813,0.333999500374719,0,
0.705872223178922,0.372304995617879,0.441059338908801,0.332425686407987,0.309517861603797,0,
0.424143275357327,0.570727432077125,0.455794504181601,0.416609938733833,0.262303272545591,0,
0.430170483898743,0.730411919368975,0.265432098765432,0.315861130020422,0.290781913564826,0,
0.344928534527295,0.737598597721297,0.267224213460773,0.408894939868391,0.359980014988758,0,
0.915619080420182,0.184925503943909,0.430704898446834,0.409575675062401,0.302523107669248,0,
0.333735147236094,0.339526730937774,0.513341298287535,0.554799183117767,0.0914314264301774,1,
0.340795591527467,0.570902716914987,0.522899243329351,0.720898570456093,0.32075943042718,1,
0.654554847597727,0.495880806310254,0.323974512146555,0.339459950079419,0.343242568073945,0,
0.501635956604099,0.354776511831727,0.722819593787336,0.638529611980939,0.482388208843367,1,
0.437747546065094,0.560385626643295,0.294902429311031,0.432947583390061,0.236322757931551,0,
0.370587222317892,0.628921998247152,0.615292712066906,0.5214431586113,0.259555333499875,0,
0.33752367831927,0.390885188431201,0.907606531262445,0.181529385069208,0.32075943042718,0,
0.339245737902531,0.431375985977213,0.754082039028276,0.24120717041071,0.262053459905071,0,
0.314275873945238,0.287116564417178,0.456192751891677,0.500113455865668,0.106669997501874,0,
0.30032719132082,0.285363716038563,0.425328554360812,0.462899931926481,0.213339995003747,0,
0.348889271568796,0.312883435582822,0.73257666268419,0.722260040844112,0.690731951036722,1,
0.507490959187188,0.448729184925504,0.802867383512545,0.252552756977536,0.275043717212091,0,
0.408300327191321,0.62068361086766,0.264635603345281,0.309053778080327,0.32075943042718,0,
0.516962286895126,0.651358457493427,0.292114695340502,0.322668481960517,0.376967274544092,0,
0.713104873428621,0.28624014022787,0.390880127439267,0.398683911958248,0.304521608793405,0,
0.335457206819356,0.349517966695881,0.508164078056551,0.176310415248468,0.891831126655009,0,
0.528672292061305,0.590534618755478,0.292114695340502,0.407306557749036,0.37821633774669,0,
0.565696573101429,0.453286590709904,0.764834727200319,0.226004084411164,0.253809642767924,1,
0.373859135526089,0.696932515337423,0.246117084826762,0.690719310188337,0.199350487134649,0,
0.395729292233511,0.512708150744961,0.787136598964556,0.519400953029272,0.257057207094679,1,
0.434303426898571,0.496932515337423,0.536240541616886,0.656455638756524,0.694728953285036,1,
0.42534871706561,0.636459246275197,0.568498606133015,0.532108009984116,0.559830127404447,1,
0.741518856552437,0.449605609114812,0.437275985663082,0.55593374177445,0.268298775918061,0,
0.352677802651972,0.338124452234882,0.8584229390681,0.189017472203313,0.499125655758181,1,
0.337351472360944,0.476073619631902,0.640979689366786,0.240072611754028,0.32075943042718,0,
0.355605303943516,0.387204206836109,0.600955794504182,0.619469026548673,0.515613290032476,1,
0.368004132943,0.330937773882559,0.624651533253684,0.769684592693442,0.192855358481139,0,
0.374031341484415,0.611568799298861,0.288331342094783,0.277739959155888,0.723207594304272,0,
0.261580850697434,0.346362839614373,0.65989645559538,0.16972997503971,0.21808643517362,0,
0.400895470983296,0.411919368974584,0.787136598964556,0.655321080099841,0.144391706220335,1,
0.842431548131565,0.350920245398773,0.524890481879729,0.312911277513047,0.300024981264052,0,
0.460823144480799,0.703943908851884,0.511748307447232,0.552303154073066,0.255058705970522,0,
0.325297055278113,0.296231375985977,0.468140183193947,0.179714091218516,0.704721458905821,0,
0.324436025486482,0.355652936021034,0.534050179211469,0.780349444066258,0.32075943042718,1,
0.632512484931979,0.492375109553024,0.299482277976902,0.409121851599728,0.295528353734699,0,
0.365421043568107,0.809991235758107,0.261449621664675,0.312684365781711,0.287534349238071,0,
0.536938178060961,0.540403155127081,0.287534846674632,0.328795098706603,0.32075943042718,0,
0.606337179266403,0.483610867659947,0.466148944643568,0.436578171091445,0.483387459405446,0,
0.745307387635612,0.380718667835232,0.44305057745918,0.426594054912639,0.496377716712466,0,
0.32633029102807,0.502015775635408,0.62405416168857,0.490583163149535,0.32075943042718,0,
0.341656621319098,0.57353198948291,0.734169653524492,0.496936691626957,0.32075943042718,0,
0.334596177027725,0.393339176161262,0.231780167264038,0.865441343317449,0.0514614039470397,1,
0.361460306526606,0.37703768624014,0.875547590601354,0.203085999546177,0.475893080189858,0,
0.375753401067677,0.605258545135846,0.749900438072481,0.248922169276152,0.259305520859355,0,
0.565868779059755,0.628045574057844,0.292911190760653,0.403222146584978,0.264801398950787,0,
0.331840881694507,0.405609114811569,0.861409796893668,0.167687769457681,0.47464401698726,0,
0.308248665403823,0.289395267309378,0.419952210274791,0.464942137508509,0.223082687984012,0,
0.437747546065094,0.695530236634531,0.271405814416567,0.410710233719083,0.290032475643268,0,
0.344411916652316,0.357931638913234,0.518518518518518,0.864987519854776,0.033974519110667,1,
0.692267952471155,0.451533742331288,0.428514536041418,0.395280235988201,0.302023482388209,0,
0.406750473566385,0.497984224364593,0.728395061728395,0.508736101656456,0.263552335748189,0,
0.307387635612192,0.284487291849255,0.421744324970131,0.484002722940776,0.32075943042718,0,
0.462717410022387,0.579141104294479,0.276782158502589,0.716814159292035,0.200349737696727,0,
0.343550886860685,0.562664329535495,0.589804858622063,0.549353301565691,0.212340744441669,0,
0.355605303943516,0.324802804557406,0.845878136200717,0.567052416609939,0.560079940044966,1,
0.311692784570346,0.314811568799299,0.508363201911589,0.505559337417744,0.32075943042718,0,
0.338384708110901,0.485539000876424,0.528275587415372,0.445200816882233,0.285785660754434,0,
0.277079386946788,0.322699386503067,0.535045798486659,0.532561833446789,0.481388958281289,1,
0.44687446185638,0.330587204206836,0.626045400238949,0.681189017472203,0.699475393454909,1,
0.335457206819356,0.398597721297108,0.773197929111908,0.152030859995462,0.700224831376468,1,
0.305493370070604,0.290972830850131,0.446833930704898,0.160880417517586,0.914564076942293,0,
0.350783537110384,0.549868536371604,0.658900836320191,0.265713637395053,0.2560579565326,0,
0.668159118305493,0.456091148115688,0.454400637196336,0.455638756523712,0.262303272545591,0,
0.339073531944205,0.469412795793164,0.76742333731581,0.213523939187656,0.32075943042718,0,
0.608920268641295,0.394741454864154,0.430505774591796,0.402995234853642,0.286535098675993,0,
0.325297055278113,0.462927256792287,0.593189964157706,0.252325845246199,0.32075943042718,0,
0.366970897193043,0.342681858019281,0.620469932297889,0.611980939414568,0.849362977766675,1,
0.340106767694162,0.399649430324277,0.857228195937873,0.633764465622873,0.546590057456907,1,
0.456517995522645,0.305170902716915,0.757666268418956,0.214885409575675,0.405695728203847,1,
0.388496641983813,0.588431200701139,0.530465949820788,0.298842750170184,0.25655758181364,1,
0.336146030652661,0.470464504820333,0.557347670250896,0.283639664170638,0.374718960779415,0,
0.42311003960737,0.584399649430324,0.27937076861808,0.419559791241207,0.267799150637022,0,
0.324436025486482,0.451007887817704,0.711668657905217,0.245518493306104,0.268298775918061,0,
0.362493542276563,0.434706397896582,0.827558741537236,0.183571590651237,0.32075943042718,0,
0.317375581195109,0.32760736196319,0.624452409398646,0.699341955979124,0.104921309018236,0,
0.334940588944377,0.605083260297984,0.564516129032258,0.470841842523259,0.259055708218836,0,
0.473738591355261,0.714460999123576,0.27937076861808,0.427047878375312,0.475393454908818,0,
0.388324436025486,0.722173531989483,0.270410195141378,0.317449512139778,0.289532850362228,0,
0.469261236438781,0.65398773006135,0.262445240939865,0.417517585659179,0.42942792905321,0,
0.322886171861546,0.328659070990359,0.213659896455595,0.112775130474245,0.579815138646015,1,
0.39400723265025,0.683786152497809,0.657706093189964,0.26525981393238,0.273794654009493,0,
0.34423971069399,0.388781770376862,0.735563520509757,0.243022464261402,0.32075943042718,0,
0.465128293438953,0.493952673093777,0.318199920350458,0.33741774449739,0.344491631276543,0,
0.317031169278457,0.29307624890447,0.434687375547591,0.578624914908101,0.784161878591057,0,
0.337179266402618,0.440841367221735,0.788132218239745,0.20739732244157,0.214838870846865,1,
0.614603065266058,0.374583698510079,0.404022301871764,0.393464942137508,0.346989757681739,0,
0.368176338901326,0.310078878177038,0.594782954998009,0.621284320399365,0.523857107169623,0,
0.398312381608404,0.72410166520596,0.496415770609319,0.569094622191967,0.460654509118161,1,
0.279145858446702,0.35863277826468,0.636200716845878,0.641252552756978,0.52535598301274,1,
0.459101084897537,0.63330411919369,0.304659498207885,0.324937599273882,0.291781164126905,0,
0.36352677802652,0.510780017528484,0.64336917562724,0.491490810074881,0.201099175618286,0,
0.646977785431376,0.286590709903593,0.347670250896057,0.374858180167915,0.296277791656258,0,
0.478388152230067,0.682559158632778,0.283552369573875,0.316088041751759,0.290282288283787,0,
0.402273118649905,0.456792287467134,0.248904818797292,0.283639664170638,0.253559830127404,1,
0.356121921818495,0.495530236634531,0.75647152528873,0.254594962559564,0.25031226580065,0,
0.390046495608748,0.578790534618756,0.254679410593389,0.298842750170184,0.261054209342993,0,
0.55398656793525,0.440490797546012,0.451413779370769,0.415021556614477,0.27579315513365,0,
0.51455140347856,0.359158632778265,0.387495021903624,0.380304061719991,0.347239570322258,0,
0.761666953676597,0.334794040315513,0.419553962564715,0.34263671431813,0.342992755433425,0,
0.491820216979507,0.55863277826468,0.309637594583831,0.332652598139324,0.299775168623532,0,
0.40520061994145,0.418580192813322,0.825169255276782,0.709552983889267,0.220584561578816,1,
0.552436714310315,0.513935144609991,0.493827160493827,0.540503744043567,0.556082937796653,0,
