541,5,2,
0.404339590149819,0.667134092900964,0.574870569494225,0.286816428409349,0.32075943042718,0,
0.580161873600826,0.622787028921998,0.47152528872959,0.410710233719083,0.286035473394954,0,
0.364387807818151,0.528659070990359,0.513540422142573,0.301565690946222,0.284536597551836,0,
0.443258136731531,0.763716038562664,0.264237355635205,0.413886997957794,0.440669497876593,0,
0.338556914069227,0.357230499561788,0.56252489048188,0.616972997503971,0.454659005745691,1,
0.48097124160496,0.529184925503944,0.451612903225806,0.287950987066031,0.722458156382713,0,
0.317031169278457,0.34478527607362,0.546594982078853,0.789652825051055,0.32075943042718,1,
0.569485104184605,0.637861524978089,0.287136598964556,0.409121851599728,0.361478890831876,0,
0.839848458756673,0.184399649430324,0.340900039824771,0.379169503063308,0.302273295028728,0,
0.376614430859308,0.665030674846626,0.277777777777778,0.310415248468346,0.290532100924307,0,
0.384019287067333,0.455740578439965,0.56252489048188,0.525073746312684,0.147889083187609,1,
0.70415016359566,0.344609991235758,0.341696535244922,0.388245972316769,0.30751936047964,0,
0.318581022903392,0.417879053461876,0.491437674233373,0.657817109144543,0.609792655508369,1,
0.350611331152058,0.385977212971078,0.87594583831143,0.66258225550261,0.181613789657757,0,
0.363354572068193,0.409465381244522,0.766029470330546,0.232811436351259,0.253060204846365,0,
0.857413466505941,0.328483786152498,0.426125049780964,0.463807578851827,0.362228328753435,0,
0.418460478732564,0.745836985100789,0.264237355635205,0.315861130020422,0.287534349238071,0,
0.65352161184777,0.384925503943909,0.336320191158901,0.381892443839347,0.346490132400699,0,
0.521439641811607,0.575284837861525,0.26563122262047,0.404129793510324,0.3847114664002,0,
0.344928534527295,0.482559158632778,0.557745917960972,0.432947583390061,0.359980014988758,0,
0.408989151024625,0.593865030674847,0.502588610115492,0.415021556614477,0.290532100924307,0,
0.35767177544343,0.373006134969325,0.839107925129431,0.190152030859995,0.194354234324257,1,
0.403306354399862,0.596143733567046,0.279569892473118,0.317676423871114,0.29477891581314,0,
0.468744618563802,0.514285714285714,0.313620071684588,0.334014068527343,0.348238820884337,0,
0.401067676941622,0.7011393514461,0.563719633612107,0.450192874971636,0.276542593055209,0,
0.490098157396246,0.482559158632778,0.694544006371963,0.253460403902882,0.53210092430677,1,
0.3159979335285,0.351796669588081,0.596575069693349,0.710914454277286,0.32075943042718,1,
0.564146719476494,0.514460999123576,0.302469135802469,0.331291127751305,0.347739195603298,0,
0.331840881694507,0.419106047326906,0.821385902031063,0.610619469026549,0.232325755683238,0,
0.343723092819012,0.422787028921998,0.792114695340502,0.223508055366462,0.2433175118661,1,
0.356294127776821,0.462751971954426,0.642771804062127,0.228500113455866,0.242568073944542,1,
0.344756328568968,0.392988606485539,0.866387893269614,0.207170410710234,0.190856857356982,1,
0.491648011021181,0.621384750219106,0.695937873357228,0.287724075334695,0.279290532100924,1,
0.320130876528328,0.2988606485539,0.454599761051374,0.22237349670978,0.768923307519361,0,
0.316342345445152,0.335495179666959,0.58821186778176,0.510324483775811,0.456657506869848,1,
0.428792836232134,0.650832602979842,0.282755874153724,0.413206262763785,0.361728703472396,0,
0.307732047528844,0.285539000876424,0.423536439665472,0.480145223508055,0.32075943042718,0,
0.358705011193387,0.753724802804557,0.257666268418957,0.304061719990924,0.282538096427679,0,
0.575856724642673,0.579666958808063,0.478295499800876,0.642840934876333,0.247564326754934,0,
0.416910625107629,0.49079754601227,0.74352847471127,0.528023598820059,0.645016237821634,1,
0.355260892026864,0.373181419807187,0.562325766626842,0.71454504197867,0.0869347989008244,1,
0.177716548992595,0.108326029798422,0.285145360414178,0.326299069661902,0.298526105420934,0,
0.372825899776132,0.320070113935145,0.807248108323377,0.571817562968005,0.46789907569323,1,
0.364043395901498,0.333742331288344,0.55973715651135,0.60925799863853,0.32075943042718,1,
0.675391768555192,0.449780893952673,0.433094384707288,0.392103471749489,0.297027229577817,0,
0.558463922851731,0.582120946538124,0.306650736758264,0.330156569094622,0.346490132400699,0,
0.311003960737042,0.300438212094654,0.529271206690561,0.503744043567052,0.32075943042718,1,
0.351300154985362,0.365293602103418,0.833333333333333,0.562060358520535,0.449412940294779,0,
0.55312553814362,0.593339176161262,0.475906013540422,0.510324483775811,0.44241818636023,0,
0.363354572068193,0.597896581945662,0.576463560334528,0.455411844792376,0.248563577317012,0,
0.399173411400034,0.387554776511832,0.648745519713262,0.634445200816882,0.233574818885836,1,
0.693645600137765,0.334618755477651,0.341696535244922,0.376219650555934,0.311266550087434,0,
0.34871706561047,0.36546888694128,0.780963759458383,0.528023598820059,0.421933549837622,0,
0.336662648527639,0.421560035056968,0.927319792911191,0.182890855457227,0.32075943042718,0,
0.323919407611503,0.545135845749343,0.771804062126643,0.208758792829589,0.258306270297277,0,
0.368865162734631,0.363540753724803,0.449820788530466,0.603812117086453,0.569572820384711,1,
0.399345617358361,0.529710780017528,0.247710075667065,0.305877013841616,0.280039970022483,0,
0.330463234027897,0.48624014022787,0.85941855834329,0.161788064442932,0.227079690232326,0,
0.429481660065438,0.553023663453111,0.518717642373556,0.313138189244384,0.350736947289533,0,
0.365421043568107,0.561262050832603,0.675826363998407,0.254141139096891,0.388708468648514,0,
0.391940761150336,0.706397896581946,0.574074074074074,0.494667574313592,0.263552335748189,0,
0.315825727570174,0.291148115687993,0.448227797690163,0.628545495802133,0.32075943042718,0,
0.345617358360599,0.720245398773006,0.277976901632816,0.312003630587701,0.286285286035473,0,
0.308076459445497,0.289044697633655,0.48068498606133,0.476968459269344,0.246065450911816,1,
0.816428448424315,0.475021910604733,0.310234966148945,0.515543453596551,0.276042967774169,0,
0.358877217151713,0.464504820333041,0.146555157307845,0.218515997277059,0.19885086185361,1,
0.398312381608404,0.419106047326906,0.736758263639984,0.232584524619923,0.245316012990257,1,
0.467022558980541,0.515162138475022,0.30326563122262,0.404810528704334,0.297776667499375,0,
0.310315136903737,0.311831726555653,0.466348068498606,0.46358066712049,0.244566575068699,1,
0.333907353194421,0.335845749342682,0.853046594982079,0.562741093714545,0.32075943042718,1,
0.308420871362149,0.310254163014899,0.448028673835125,0.526208304969367,0.140644516612541,0,
0.345272946443947,0.416301489921122,0.600358422939068,0.660086226457908,0.0786909817636773,1,
0.652488376097813,0.350394390885188,0.343090402230187,0.37644656228727,0.336997252060954,0,
0.495608748062683,0.342156003505697,0.68837116686579,0.498978897208986,0.388958281289033,1,
0.460823144480799,0.368273444347064,0.326762246117085,0.3380984796914,0.348488633524856,0,
0.323402789736525,0.354951796669588,0.46415770609319,0.534830950760154,0.32075943042718,1,
0.438608575856725,0.518317265556529,0.297690163281561,0.438393464942137,0.222083437421934,0,
0.310487342862063,0.30464504820333,0.505973715651135,0.215339233038348,0.648263802148389,1,
0.334423971069399,0.351621384750219,0.795101553166069,0.204447469934196,0.456907319510367,1,
0.571551575684519,0.504294478527607,0.307248108323377,0.336056274109371,0.32075943042718,0,
0.38591355260892,0.661349693251534,0.678215850258861,0.258906285454958,0.267799150637022,0,
0.902703633545721,0.174583698510079,0.331541218637993,0.376219650555934,0.336747439420435,0,
0.31823661098674,0.412971078001753,0.854241338112306,0.206262763784888,0.32075943042718,0,
0.352333390735319,0.545661700262927,0.608920748705695,0.462899931926481,0.268548588558581,0,
0.726881350094713,0.31603856266433,0.401234567901235,0.392103471749489,0.308268798401199,0,
0.368692956776304,0.58510078878177,0.531660692951015,0.428636260494668,0.32075943042718,0,
0.475805062855175,0.685714285714286,0.28036638789327,0.319037894259133,0.291781164126905,0,
0.374547959359394,0.747589833479404,0.228195937873357,0.302473337871568,0.283537346989758,0,
0.346822800068882,0.611919368974584,0.67463162086818,0.58452461992285,0.580064951286535,0,
0.340967797485793,0.329535495179667,0.5073675826364,0.796006353528477,0.125156132900325,1,
0.336146030652661,0.436985100788782,0.990043807248108,0.194009530292716,0.219835123657257,0,
0.404167384191493,0.795617879053462,0.266825965750697,0.308146131154981,0.284286784911317,0,
0.351127949027036,0.433829973707274,0.804460374352847,0.217381438620377,0.477641768673495,0,
0.533149646977785,0.616476774758983,0.268418956591,0.498751985477649,0.565575818136398,0,
0.365937661443086,0.484837861524978,0.447431302270012,0.421148173360563,0.32075943042718,0,
0.504907869812295,0.42068361086766,0.320589406610912,0.340594508736102,0.306769922558081,0,
0.348889271568796,0.355302366345311,0.486459577857427,0.78670297254368,0.0779415438421184,1,
0.33166867573618,0.455565293602103,0.686379928315412,0.254141139096891,0.32075943042718,0,
0.334596177027725,0.319368974583699,0.453604141776185,0.646471522577717,0.587309517861604,1,
0.571723781642845,0.69535495179667,0.272003185981681,0.496936691626957,0.267549337996503,0,
0.262786292405717,0.518141980718668,0.651732377538829,0.505786249149081,0.417436922308269,0,
0.379714138109179,0.326205083260298,0.776583034647551,0.177444973905151,0.32075943042718,1,
0.859996555880833,0.308851884312007,0.338510553564317,0.378942591331972,0.30751936047964,0,
0.35457206819356,0.33794916739702,0.703902827558742,0.569321533923304,0.551836122907819,0,
0.371792664026175,0.562489044697634,0.289326961369972,0.32312230542319,0.295278541094179,0,
0.76734975030136,0.279228746713409,0.394464356829948,0.402768323122305,0.305021234074444,0,
0.277251592905114,0.330587204206836,0.598765432098765,0.886771046063081,0.0709467899075693,0,
0.499397279145858,0.486590709903593,0.722620469932298,0.240753346948037,0.273045216087934,1,
0.528672292061305,0.401752848378615,0.512345679012346,0.503517131835716,0.401948538596053,1,
0.85879111417255,0.308326029798422,0.464755077658303,0.517585659178579,0.259555333499875,0,
0.378680902359222,0.390534618755478,0.231780167264038,0.213977762650329,0.398950786909818,1,
0.314964697778543,0.294829097283085,0.507168458781362,0.692080780576356,0.32075943042718,0,
0.461856380230756,0.702366345311131,0.248705694942254,0.418879056047198,0.362727954034474,0,
0.310315136903737,0.331463628396144,0.478295499800876,0.13977762650329,0.32075943042718,0,
0.319958670570002,0.315863277826468,0.456192751891677,0.535284774222827,0.32075943042718,0,
0.331152057861202,0.470464504820333,0.629828753484667,0.274336283185841,0.261304021983512,0,
0.668159118305493,0.456091148115688,0.454400637196336,0.455638756523712,0.262303272545591,0,
0.391424143275357,0.68045574057844,0.666268418956591,0.461311549807125,0.273295028728454,0,
0.317203375236783,0.333041191936897,0.662485065710872,0.742909008395734,0.32075943042718,0,
0.457895643189254,0.636108676599474,0.601354042214257,0.442477876106195,0.276792405695728,1,
0.818322713965903,0.29535495179667,0.596575069693349,0.308373042886317,0.295278541094179,0,
0.367659721026347,0.55863277826468,0.505575467941059,0.309507601543,0.35248563577317,0,
0.411744446357844,0.37581069237511,0.765432098765432,0.204674381665532,0.150137396952286,1,
0.384708110900637,0.654688869412796,0.268219832735962,0.437031994554118,0.592305770671996,0,
0.31152057861202,0.311656441717791,0.536240541616886,0.547538007714999,0.32075943042718,1,
0.341656621319098,0.43453111305872,0.826762246117085,0.648286816428409,0.32075943042718,0,
0.335112794902704,0.330587204206836,0.74352847471127,0.708645336963921,0.171621284036972,0,
0.378853108317548,0.541454864154251,0.606531262445241,0.461765373269798,0.365725705720709,0,
0.575856724642673,0.522524101665206,0.462962962962963,0.675289312457454,0.223582313265051,0,
0.434131220940244,0.776687116564417,0.268418956591,0.550487860222374,0.26255308518611,0,
0.342345445152402,0.512357581069238,0.554161688570291,0.452461992285001,0.277292030976767,0,
0.379369726192526,0.862401402278703,0.248506571087216,0.470614930791922,0.278291281538846,0,
0.318581022903392,0.304119193689746,0.469733174034249,0.838665759019741,0.112665500874344,0,
0.500602720854141,0.418229623137599,0.321585025886101,0.339913773542092,0.307019735198601,0,
0.474771827105218,0.384399649430324,0.336718438868976,0.375312003630588,0.33974519110667,0,
0.398656793525056,0.405258545135846,0.721425726802071,0.230996142500567,0.420934299275543,1,
0.732736352677803,0.190184049079755,0.404619673436878,0.401406852734286,0.297027229577817,0,
0.404339590149819,0.364767747589833,0.746714456391876,0.645790787383708,0.188858356232825,1,
0.392112967108662,0.848729184925504,0.232377538829152,0.43430905377808,0.279790157381964,0,
0.532633029102807,0.516389132340053,0.698327359617682,0.261629226230996,0.281289033225081,1,
0.336146030652661,0.341104294478528,0.881720430107527,0.667347401860676,0.585560829377967,1,
0.337351472360944,0.383523225241017,0.51931501393867,0.821420467438167,0.32075943042718,1,
0.446013432064749,0.570902716914987,0.651732377538829,0.663489902427955,0.249562827879091,1,
0.360771482693301,0.392813321647678,0.866786140979689,0.17426820966644,0.242318261304022,0,
0.52040640606165,0.626643295354952,0.580446037435285,0.512820512820513,0.274044466650012,1,
0.47063888410539,0.541454864154251,0.311628833134209,0.326979804855911,0.299775168623532,0,
0.672119855346995,0.167046450482033,0.337514934289128,0.337871567960064,0.304521608793405,0,
0.348544859652144,0.462226117440841,0.554161688570291,0.291127751304742,0.453659755183612,0,
0.420182538315826,0.626643295354952,0.239147749900438,0.302019514408895,0.284536597551836,0,
0.340623385569141,0.59649430324277,0.530465949820788,0.672566371681416,0.217336997252061,1,
0.3568107456518,0.553198948290973,0.594583831142971,0.258906285454958,0.32075943042718,0,
0.334079559152747,0.411919368974584,0.631023496614894,0.232357612888586,0.187359480389708,0,
0.32942999827794,0.413496932515337,0.811031461569096,0.205355116859542,0.32075943042718,0,
0.328224556569657,0.468361086765995,0.725806451612903,0.515997277059224,0.32075943042718,0,
0.219390390907525,0.102892199824715,0.571286340103544,0.238711141366009,0.241069198101424,1,
0.707594282762184,0.283435582822086,0.393468737554759,0.395507147719537,0.305520859355483,0,
0.3271913208197,0.472217353198948,0.680007964954201,0.240072611754028,0.271796152885336,0,
0.346133976235578,0.447502191060473,0.534249303066507,0.605173587474472,0.492880339745191,1,
0.324091613569829,0.34022787028922,0.488251692552768,0.460630814613115,0.32075943042718,1,
0.303943516445669,0.281507449605609,0.449024293110315,0.698434309053778,0.165126155383462,0,
0.272429826071982,0.319719544259422,0.522301871764237,0.75425459496256,0.126904821383962,1,
0.476149474771827,0.578790534618756,0.293508562325767,0.407987292943045,0.352235823132651,0,
0.648355433097985,0.323575810692375,0.34010354440462,0.390515089630134,0.301773669747689,0,
0.352677802651972,0.315863277826468,0.556750298685783,0.879282958928977,0.0804396702473145,0,
0.324780437403134,0.479929886064855,0.587813620071685,0.506013160880417,0.32075943042718,0,
0.364732219734803,0.367046450482033,0.436280366387893,0.700703426367143,0.159130652010992,1,
0.517306698811779,0.709027169149869,0.278972520908005,0.417063762196506,0.406195353484886,0,
0.330635439986223,0.465205959684487,0.617283950617284,0.273428636260495,0.261803647264552,0,
0.546926123643878,0.570727432077125,0.666467542811629,0.290673927842069,0.290282288283787,1,
0.406750473566385,0.622261174408414,0.726403823178017,0.264125255275698,0.261054209342993,0,
0.382986051317376,0.61489921121823,0.262246117084827,0.433401406852734,0.32075943042718,0,
0.913897020836921,0.332865907099036,0.429908403026683,0.432947583390061,0.292280789407944,0,
0.741518856552437,0.187028921998247,0.336519315013939,0.341048332198775,0.347739195603298,0,
0.315481315653522,0.327782646801052,0.584229390681004,0.721806217381439,0.183112665500874,1,
0.731014293094541,0.287992988606486,0.342493030665074,0.378488767869299,0.336247814139395,0,
0.251420699156191,0.154425942156004,0.27299880525687,0.571817562968005,0.585061204096927,0,
0.353366626485276,0.42874671340929,0.690362405416169,0.214885409575675,0.239820134898826,1,
0.404684002066471,0.741454864154251,0.211071286340104,0.290447016110733,0.282538096427679,0,
0.402273118649905,0.350920245398773,0.744324970131422,0.706149307919219,0.501873594803897,1,
0.349922507318753,0.479053461875548,0.719434488251693,0.257998638529612,0.257057207094679,0,
0.50783537110384,0.679228746713409,0.563918757467144,0.528704334014069,0.275293529852611,1,
0.420526950232478,0.765293602103418,0.269215452011151,0.315407306557749,0.367974019485386,0,
0.403650766316514,0.567747589833479,0.298884906411788,0.3238030406172,0.354733949537847,0,
0.452557258481143,0.672743207712533,0.277379530067702,0.578851826639437,0.24981264051961,1,
0.433270191148614,0.593689745836985,0.273397052966945,0.315407306557749,0.292530602048464,0,
0.371103840192871,0.680981595092024,0.232377538829152,0.488767869298843,0.605545840619535,0,
0.536249354227656,0.336196319018405,0.39426523297491,0.39074200136147,0.269547839120659,0,
0.343723092819012,0.548816827344435,0.554559936280366,0.453142727479011,0.277791656257807,0,
0.382986051317376,0.692725679228747,0.548387096774194,0.467891990015884,0.272295778166375,0,
0.361115894609953,0.402103418054338,0.869175627240143,0.179487179487179,0.237571821134149,0,
0.312381608403651,0.296757230499562,0.457984866587017,0.190832766054005,0.888583562328254,0,
0.329946616152919,0.2965819456617,0.436877737953007,0.581347855684139,0.686485136147889,0,
0.659721026347512,0.325153374233129,0.389088012743927,0.375085091899251,0.335748188858356,0,
0.377992078525917,0.691673970201578,0.500597371565113,0.440889493986839,0.28203847114664,0,
0.832960220423627,0.185977212971078,0.384508164078057,0.379396414794645,0.300274793904572,0,
0.37472016531772,0.626818580192813,0.647749900438072,0.515543453596551,0.266550087434424,0,
0.523333907353194,0.541980718667835,0.714058144165671,0.278193782618561,0.284786410192356,1,
0.548131565352161,0.547765118317266,0.495619275189168,0.567506240072612,0.497127154634024,0,
0.312553814361977,0.336722173531989,0.600955794504182,0.572498298162015,0.201598800899326,1,
0.331152057861202,0.42296231375986,0.892273994424532,0.144542772861357,0.32075943042718,0,
0.345789564318925,0.552497808939527,0.271804062126643,0.438166553210801,0.290282288283787,0,
0.404167384191493,0.492550394390885,0.635404221425727,0.501021102791014,0.574569073195104,0,
0.439297399690029,0.58737949167397,0.542811628833134,0.477649194463354,0.479140644516613,1,
0.568279662476322,0.334092900964067,0.344882516925528,0.377354209212616,0.338995753185111,0,
0.556569657310143,0.479929886064855,0.45400238948626,0.422282732017245,0.28203847114664,0,
0.334079559152747,0.409640666082384,0.441855834328953,0.460630814613115,0.460904321758681,0,
0.334596177027725,0.41034180543383,0.835523695738749,0.594508736101656,0.32075943042718,0,
0.321164112278285,0.452936021034181,0.815810434090004,0.172679827547084,0.233325006245316,0,
0.327019114861374,0.344084136722174,0.512943050577459,0.644202405264352,0.32075943042718,1,
0.328913380402962,0.376687116564417,0.844882516925528,0.644202405264352,0.639770172370722,1,
0.543482004477355,0.715512708150745,0.280167264038232,0.428863172226004,0.420184861353984,0,
0.383158257275702,0.503067484662577,0.727399442453206,0.749943272067166,0.201099175618286,1,
0.38952987773377,0.76546888694128,0.235364396654719,0.298615838438847,0.273794654009493,0,
0.344411916652316,0.477300613496932,0.693747510951812,0.254594962559564,0.267299525355983,0,
0.307559841570518,0.313935144609991,0.424532058940661,0.471068754254595,0.550836872345741,0,
0.32271396590322,0.382296231375986,0.535643170051772,0.491263898343544,0.205845615788159,1,
0.309970724987085,0.303593339176161,0.478494623655914,0.551395507147719,0.555333499875094,0,
0.322369553986568,0.315512708150745,0.498207885304659,0.725436805082823,0.131901074194354,1,
0.384708110900637,0.731814198071867,0.230983671843887,0.309961425005673,0.291281538845866,0,
0.31375925607026,0.322348816827344,0.527877339705297,0.740639891082369,0.32075943042718,1,
0.345272946443947,0.337598597721297,0.527479091995221,0.794644883140458,0.161878591056707,1,
0.349233683485449,0.433128834355828,0.536638789326961,0.793056501021103,0.144891331501374,1,
0.393490614775271,0.342857142857143,0.734767025089606,0.565464034490583,0.219085685735698,1,
0.323402789736525,0.355652936021034,0.707088809239347,0.660313138189244,0.11541343992006,1,
0.508524194937145,0.652059596844873,0.271206690561529,0.41093714545042,0.360729452910317,0,
0.358360599276735,0.47239263803681,0.683193946634807,0.53641933287951,0.170622033474894,1,
0.713621491303599,0.28045574057844,0.390681003584229,0.394145677331518,0.305021234074444,0,
0.483726536938178,0.617177914110429,0.694743130227001,0.277739959155888,0.284536597551836,1,
0.450318581022903,0.744259421560035,0.522700119474313,0.502836396641706,0.417187109667749,0,
0.338212502152574,0.396669588080631,0.708283552369574,0.585205355116859,0.607544341743692,1,
0.353022214568624,0.432427695004382,0.612305854241338,0.53188109825278,0.268048963277542,0,
0.358360599276735,0.329009640666082,0.734169653524492,0.631949171772181,0.228828378715963,0,
0.318753228861719,0.376336546888694,0.488450816407806,0.761969593828001,0.113914564076942,1,
0.388668847942139,0.618930762489045,0.270011947431302,0.437712729748128,0.2560579565326,0,
0.3271913208197,0.321297107800175,0.528872958980486,0.548672566371681,0.32075943042718,1,
0.390046495608748,0.437160385626643,0.672043010752688,0.241660993873383,0.691231576317762,1,
0.475460650938522,0.788781770376862,0.237355635205098,0.304742455184933,0.361229078191356,0,
0.757017392801791,0.194040315512708,0.394464356829948,0.379169503063308,0.340244816387709,0,
0.30928190115378,0.289745836985101,0.452409398645958,0.68073519400953,0.606794903822133,0,
0.689168245221285,0.341104294478528,0.344484269215452,0.378261856137962,0.333749687734199,0,
0.443258136731531,0.450131463628396,0.306849860613301,0.398457000226912,0.293779665251062,0,
0.350266919235405,0.491673970201577,0.787933094384707,0.210347174948945,0.468898326255309,0,
0.332185293611159,0.358457493426819,0.517921146953405,0.64306784660767,0.32075943042718,1,
0.322886171861546,0.401577563540754,0.772202309836718,0.187202178352621,0.164626530102423,0,
0.314275873945238,0.407887817703769,0.492433293508562,0.682777399591559,0.32075943042718,1,
0.36352677802652,0.690271691498685,0.251294305057746,0.437939641479464,0.280289782663003,0,
0.340623385569141,0.659070990359334,0.583233771405814,0.490356251418198,0.388458656007994,0,
0.675219562596866,0.289921121822962,0.436678614097969,0.339686861810756,0.336497626779915,0,
0.318064405028414,0.320595968448729,0.528275587415372,0.440435670524166,0.274793904571571,0,
0.829860513173756,0.185801928133216,0.342891278375149,0.343090537780803,0.306020484636523,0,
0.349405889443775,0.636108676599474,0.276981282357626,0.431813024733379,0.291531351486385,0,
0.372998105734458,0.707099035933392,0.227996814018319,0.498751985477649,0.572070946789908,0,
0.311692784570346,0.28851884312007,0.465352449223417,0.770138416156115,0.32075943042718,0,
0.50335801618736,0.646801051709027,0.296097172441258,0.324029952348536,0.379465400949288,0,
0.317031169278457,0.330762489044698,0.563719633612107,0.546630360789653,0.32075943042718,1,
0.404856208024798,0.675547765118317,0.543010752688172,0.43498978897209,0.32075943042718,0,
0.707077664887205,0.461349693251534,0.494424532058941,0.543226684819605,0.260554584061954,0,
0.439125193731703,0.475197195442594,0.315611310234966,0.333333333333333,0.308018985760679,0,
0.332013087652833,0.35056967572305,0.674233373158104,0.655321080099841,0.32075943042718,1,
0.243154813156535,0.150394390885188,0.120071684587814,0.0916723394599501,0.504121908568574,0,
0.342862063027381,0.390359333917616,0.518518518518518,0.884955752212389,0.117411941044217,1,
0.35767177544343,0.656266432953549,0.267622461170848,0.433174495121398,0.32075943042718,0,
0.798174616841743,0.359509202453988,0.624452409398646,0.299977308826866,0.29477891581314,0,
0.334423971069399,0.326029798422436,0.500995619275189,0.659859314726571,0.15388458656008,1,
0.337695884277596,0.28396143733567,0.484468339307049,0.64692534604039,0.552835373469898,1,
0.335801618736008,0.400525854513585,0.504978096375946,0.850918992511913,0.32075943042718,1,
0.344584122610642,0.42296231375986,0.765432098765432,0.570456092579986,0.596802398201349,1,
0.318581022903392,0.343908851884312,0.646555157307845,0.611980939414568,0.1541343992006,1,
0.402273118649905,0.580543382997371,0.290919952210275,0.321987746766508,0.32075943042718,0,
0.3159979335285,0.31726555652936,0.453803265631223,0.246879963694123,0.597551836122908,1,
0.527983468228001,0.500262927256792,0.72978892871366,0.263898343544361,0.283287534349238,1,
0.403306354399862,0.724276950043821,0.598566308243728,0.503970955298389,0.265800649512865,0,
0.578784225934217,0.631901840490798,0.27479091995221,0.456092579986385,0.456657506869848,0,
0.749956948510419,0.333742331288344,0.405017921146953,0.548218742909008,0.227329502872845,0,
0.350439125193732,0.417703768624014,0.748506571087216,0.55525300658044,0.254808893330003,0,
0.764766660926468,0.395092024539877,0.567901234567901,0.296800544588155,0.291531351486385,0,
0.378853108317548,0.541454864154251,0.606531262445241,0.461765373269798,0.27579315513365,0,
0.644222490098157,0.391411042944785,0.439665471923536,0.422055820285909,0.439170622033475,0,
0.428448424315481,0.690972830850132,0.574273197929112,0.506920807805764,0.456157881588808,1,
0.347511623902187,0.534092900964067,0.636399840700916,0.270251872021783,0.261304021983512,0,
0.664198381263992,0.615249780893953,0.291915571485464,0.332652598139324,0.302523107669248,0,
0.541415532977441,0.466783523225241,0.427917164476304,0.335148627184025,0.350736947289533,0,
0.303254692612364,0.281156879929886,0.499601752289924,0.302473337871568,0.252060954284287,1,
0.333390735319442,0.367922874671341,0.797889287136599,0.220785114590424,0.411941044216837,1,
0.329257792319614,0.335144609991236,0.5,0.663489902427955,0.63452410691981,1,
0.313070432236955,0.278702892199825,0.469135802469136,0.670297254368051,0.629278041468898,0,
0.367487515068021,0.677651183172656,0.634607726005575,0.273882459723168,0.272545590806895,0,
0.380058550025831,0.436459246275197,0.536837913181999,0.543453596550942,0.138396202847864,1,
0.514895815395213,0.721647677475898,0.27479091995221,0.298388926707511,0.278291281538846,0,
0.456517995522645,0.64715162138475,0.264834727200319,0.317222600408441,0.295528353734699,1,
0.811090063716205,0.350043821209465,0.398845081640781,0.386430678466077,0.337496877341994,0,
0.445324608231445,0.751270815074496,0.279171644763043,0.316995688677105,0.289782663002748,0,
0.388668847942139,0.590184049079755,0.551174830744723,0.242795552530066,0.758680989258056,0,
0.275701739280179,0.431901840490798,0.876742333731581,0.194463353755389,0.32075943042718,0,
0.436025486481832,0.538299737072743,0.472919155714855,0.312684365781711,0.359730202348239,0,
0.357327363526778,0.68045574057844,0.269414575866189,0.417744497390515,0.32075943042718,0,
0.404511796108145,0.541454864154251,0.661091198725607,0.257090991604266,0.200349737696727,0,
0.333390735319442,0.43680981595092,0.782556750298686,0.15021556614477,0.1923557332001,0,
0.349233683485449,0.368273444347064,0.516726403823178,0.680281370546857,0.32075943042718,1,
0.265541587738936,0.616476774758983,0.562923138191955,0.243022464261402,0.32075943042718,0,
0.373686929567763,0.331814198071867,0.773795300677021,0.631268436578171,0.496627529352985,1,
0.329946616152919,0.2965819456617,0.436877737953007,0.581347855684139,0.686485136147889,0,
0.324091613569829,0.396143733567046,0.843687773795301,0.577717267982755,0.218336247814139,0,
0.380230755984157,0.774583698510079,0.570091596973317,0.515997277059224,0.257057207094679,1,
0.816428448424315,0.310780017528484,0.338709677419355,0.378942591331972,0.33999500374719,0,
0.356982951610126,0.460297984224365,0.750298685782557,0.553891536192421,0.651761179115663,1,
0.341656621319098,0.433829973707274,0.778176025487853,0.750397095529839,0.32075943042718,0,
0.339934561735836,0.427870289219982,0.650935882118678,0.485364193328795,0.224831376467649,0,
0.609781298432926,0.392287467134093,0.43110314615691,0.403902881778988,0.240069947539345,0,
0.39624591010849,0.558808063102542,0.280565511748307,0.307692307692308,0.32075943042718,0,
0.350094713277079,0.520946538124452,0.668259657506969,0.503517131835716,0.32075943042718,0,
0.415705183399346,0.460473269062226,0.718239745121466,0.229180848649875,0.26929802648014,0,
0.396073704150164,0.62418930762489,0.650139386698526,0.30496936691627,0.282787909068199,0,
0.358532805235061,0.539702015775635,0.520708880923935,0.442931699568868,0.275043717212091,0,
0.476149474771827,0.628571428571429,0.266427718040621,0.415929203539823,0.406445166125406,0,
0.340623385569141,0.548115687992989,0.572281959378734,0.464942137508509,0.273045216087934,0,
0.328741174444636,0.327782646801052,0.449024293110315,0.798048559110506,0.135898076442668,1,
0.373859135526089,0.456792287467134,0.776383910792513,0.227365554799183,0.226330252310767,0,
0.309626313070432,0.299386503067485,0.418558343289526,0.252325845246199,0.32075943042718,0,
0.351644566902015,0.675372480280456,0.509757068896854,0.237803494440663,0.32075943042718,0,
0.332357499569485,0.359509202453988,0.887295898048586,0.638529611980939,0.48063952035973,1,
0.371276046151197,0.456091148115688,0.672441258462764,0.263898343544361,0.229827629278041,0,
0.26175305665576,0.176161262050833,0.242731979291119,0.597004765146358,0.32075943042718,0,
0.500602720854141,0.508851884312007,0.309637594583831,0.435216700703426,0.662003497376967,0,
0.325985879111417,0.599298860648554,0.572082835523696,0.253914227365555,0.32075943042718,0,
0.471155501980368,0.652585451358457,0.26284348864994,0.6761969593828,0.226829877591806,0,
0.656965731014293,0.57125328659071,0.54599761051374,0.315180394826413,0.357731701224082,0,
0.351127949027036,0.503768624014023,0.621465551573078,0.258225550260948,0.32075943042718,0,
0.632512484931979,0.492550394390885,0.299482277976902,0.409121851599728,0.295528353734699,0,
0.362321336318237,0.412971078001753,0.906610911987256,0.177444973905151,0.236322757931551,0,
0.363698983984846,0.582997370727432,0.29689366786141,0.31926480599047,0.299025730701974,0,
0.301016015154124,0.27361963190184,0.421545201115094,0.465169049239846,0.0479640269797652,0,
0.401412088858274,0.687992988606486,0.511350059737157,0.451554345359655,0.251811141643767,0,
0.328396762527983,0.372655565293602,0.614695340501792,0.847061493079192,0.160629527854109,0,
0.795247115550198,0.287817703768624,0.178614097968937,0.47401860676197,0.257556832375718,0,
0.35767177544343,0.32410166520596,0.724810832337714,0.674154753800772,0.225830627029728,0,
0.349233683485449,0.472567922874671,0.770410195141378,0.615384615384615,0.605795653260055,1,
0.365076631651455,0.775284837861525,0.242731979291119,0.453142727479011,0.26305271046715,0,
0.402273118649905,0.350920245398773,0.744324970131422,0.706376219650556,0.502123407444417,1,
0.38952987773377,0.684487291849255,0.243926722421346,0.457000226911731,0.443417436922308,1,
0.385569140692268,0.690446976336547,0.554958183990442,0.474699341955979,0.272795403447414,0,
0.321164112278285,0.442594215600351,0.613102349661489,0.465169049239846,0.271296527604297,0,
0.84088169450663,0.186503067484663,0.343289526085225,0.343998184706149,0.334998750936797,0,
0.530049939727915,0.423312883435583,0.459378733572282,0.330156569094622,0.37796652510617,0,
0.339245737902531,0.718667835232252,0.273795300677021,0.41479464488314,0.359730202348239,0,
0.446185638023076,0.744609991235758,0.521704500199124,0.480599046970728,0.428678491131651,0,
0.431892543482004,0.560210341805434,0.765033851055356,0.238030406171999,0.32075943042718,0,
0.388841053900465,0.304469763365469,0.749900438072481,0.245972316768777,0.430676992255808,1,
0.341656621319098,0.362664329535495,0.614496216646754,0.596324029952349,0.226080439670247,1,
0.500086102979163,0.53567046450482,0.307048984468339,0.398457000226912,0.299275543342493,0,
0.485104184604787,0.732515337423313,0.523297491039426,0.294304515543454,0.28228828378716,1,
0.389185465817117,0.57931638913234,0.510155316606929,0.439074200136147,0.370721958531102,0,
0.350266919235405,0.544609991235758,0.64794902429311,0.506240072611754,0.26280289782663,0,
0.328913380402962,0.442068361086766,0.74173636001593,0.232357612888586,0.32075943042718,0,
0.355949715860169,0.453111305872042,0.680007964954201,0.71454504197867,0.32075943042718,1,
0.308420871362149,0.336371603856266,0.485065710872162,0.553437712729748,0.537596802398201,0,
0.578095402100913,0.629272567922875,0.288530465949821,0.410029498525074,0.360979265550837,0,
0.724987084553125,0.284312007011393,0.398048586220629,0.407533469480372,0.303772170871846,0,
0.258481143447563,0.134092900964067,0.664277180406213,0.772634445200817,0.165375968023982,0,
0.794213879800241,0.295530236634531,0.419753086419753,0.392557295212162,0.300524606545091,0,
0.384363698983985,0.823137598597721,0.243329350856233,0.481506693896074,0.32075943042718,0,
0.328224556569657,0.465381244522349,0.641776184786937,0.266621284320399,0.32075943042718,0,
0.552608920268641,0.505521472392638,0.458980485862206,0.422963467211255,0.278541094179365,0,
0.327363526778026,0.30692375109553,0.518717642373556,0.812797821647379,0.32075943042718,1,
0.330635439986223,0.417353198948291,0.878335324571884,0.165872475606989,0.32075943042718,0,
0.405545031858102,0.588606485539001,0.684986061330147,0.270251872021783,0.273295028728454,0,
0.429826071982091,0.445574057843996,0.52668259657507,0.452915815747674,0.543092680489633,1,
0.325813673153091,0.342857142857143,0.565909996017523,0.518493306103926,0.620534599050712,1,
0.361632512484932,0.388080631025416,0.715452011150936,0.613342409802587,0.141893579815139,1,
0.495092130187704,0.444347063978966,0.823775388291517,0.252325845246199,0.24981264051961,1,
0.61856380230756,0.501665205959684,0.287534846674632,0.400953029271613,0.289283037721709,0,
0.386085758567246,0.409815950920245,0.723416965352449,0.539369185386885,0.663002747939046,1,
0.334940588944377,0.526555652936021,0.663878932696137,0.47401860676197,0.32075943042718,0,
0.406233855691407,0.574233128834356,0.518120270808443,0.301792602677558,0.289532850362228,0,
0.367487515068021,0.44715162138475,0.288530465949821,0.307011572498298,0.366475143642268,0,
0.480626829688307,0.605433829973707,0.289326961369972,0.416383027002496,0.282787909068199,0,
0.831754778715344,0.330236634531113,0.336320191158901,0.399818470614931,0.304521608793405,0,
0.503530222145686,0.455915863277826,0.823178016726404,0.248014522350806,0.273794654009493,0,
0.361804718443258,0.550394390885188,0.610911987256073,0.47333787156796,0.262303272545591,0,
0.279662476321681,0.420508326029798,0.876941457586619,0.200136147038802,0.32075943042718,0,
0.319097640778371,0.329009640666082,0.584428514536041,0.81143635125936,0.108168873344991,1,
0.324436025486482,0.375109553023663,0.714257268020709,0.610392557295212,0.32075943042718,0,
0.364560013776477,0.331989482909728,0.54320987654321,0.629680054458815,0.32075943042718,1,
0.333562941277768,0.326555652936021,0.513341298287535,0.852734286362605,0.128653509867599,0,
0.431720337523678,0.521297107800175,0.656909597769813,0.621965055593374,0.21808643517362,1,
0.319786464611676,0.351446099912358,0.674830744723218,0.615384615384615,0.32075943042718,0,
0.432409161356983,0.73567046450482,0.261449621664675,0.306103925572952,0.417686734948788,0,
0.506629929395557,0.542681858019281,0.307048984468339,0.276605400499206,0.643017736697477,0,
0.340967797485793,0.383172655565294,0.783353245718837,0.66258225550261,0.613040219835124,1,
0.820905803340796,0.306047326906223,0.339705296694544,0.377808032675289,0.307269547839121,0,
0.4423971069399,0.58965819456617,0.270609318996416,0.318810982527797,0.29502872845366,0,
0.340795591527467,0.355477651183173,0.549382716049383,0.620149761742682,0.32075943042718,1,
0.779576373342518,0.377212971078002,0.422341696535245,0.417063762196506,0.483887084686485,0,
0.385569140692268,0.614198071866784,0.79131819992035,0.223054231903789,0.243067699225581,0,
0.484931978646461,0.663453111305872,0.286340103544405,0.410483321987747,0.289782663002748,0,
0.359738246943344,0.625766871165644,0.285941855834329,0.422282732017245,0.292280789407944,0,
0.728431203719649,0.195617879053462,0.405416168857029,0.393238030406172,0.306270297277042,0,
0.486137420354744,0.632427695004382,0.297092791716448,0.423871114136601,0.277292030976767,0,
0.810917857757878,0.293777388255916,0.600358422939068,0.296119809394146,0.292030976767424,0,
0.250215257447908,0.324452234881683,0.588012743926722,0.79782164737917,0.0766924806395204,1,
0.545720681935595,0.463628396143734,0.697530864197531,0.252325845246199,0.279040719460405,1,
0.333907353194421,0.364592462751972,0.169454400637196,0.791468118901747,0.32075943042718,1,
0.448940933356294,0.501840490797546,0.436479490242931,0.384615384615385,0.32075943042718,0,
0.371103840192871,0.380192813321648,0.734169653524492,0.217608350351713,0.69847614289283,1,
0.848803168589633,0.302892199824715,0.452807646356033,0.5214431586113,0.248063952035973,0,
0.419838126399173,0.579842243645925,0.303863002787734,0.402541411390969,0.291281538845866,0,
0.364732219734803,0.674496056091148,0.261648745519713,0.454050374404357,0.283037721708718,0,
0.342862063027381,0.382997370727432,0.715452011150936,0.54163830270025,0.447914064451661,0,
0.621491303599105,0.483610867659947,0.414774990043807,0.388019060585432,0.302273295028728,0,
0.255381436197692,0.371603856266433,0.259657506969335,0.717948717948718,0.128903322508119,1,
0.350611331152058,0.501840490797546,0.763241736360016,0.217381438620377,0.222333250062453,0,
0.509385224728776,0.541279579316389,0.452608522500996,0.286362604946676,0.720209842618036,0,
0.461339762355777,0.451183172655565,0.508363201911589,0.781030179260268,0.191606295278541,0,
0.71895987601171,0.464855390008764,0.492831541218638,0.51690492398457,0.270547089682738,0,
0.311692784570346,0.342331288343558,0.54500199123855,0.862491490810075,0.32075943042718,1,
0.80144653004994,0.308851884312007,0.341099163679809,0.378261856137962,0.305520859355483,0,
0.485104184604787,0.679579316389132,0.271804062126643,0.308373042886317,0.287034723957032,0,
0.327535732736353,0.495880806310254,0.769215452011151,0.562287270251872,0.32075943042718,0,
0.322886171861546,0.305170902716915,0.435483870967742,0.663943725890629,0.106669997501874,1,
0.517478904770105,0.622611744084137,0.292712066905615,0.312684365781711,0.365725705720709,0,
0.345445152402273,0.429623137598598,0.539824771007567,0.790787383707738,0.137147139645266,1,
0.482348889271569,0.702015775635408,0.269812823576264,0.431359201270706,0.411941044216837,0,
0.399690029275013,0.539176161262051,0.276184786937475,0.317222600408441,0.29502872845366,0,
0.48768727397968,0.478702892199825,0.318996415770609,0.336056274109371,0.342493130152386,0,
0.342173239194076,0.514285714285714,0.692751891676623,0.653051962786476,0.199850112415688,1,
0.330118822111245,0.337423312883436,0.804659498207885,0.221238938053097,0.402947789158131,0,
0.334940588944377,0.58615249780894,0.698924731182796,0.583390061266167,0.32075943042718,0,
0.462372998105734,0.614723926380368,0.4852648347272,0.71000680735194,0.212340744441669,0,
0.549681418977097,0.371954425942156,0.334727200318598,0.383253914227366,0.341244066949788,0,
0.545204064060617,0.530061349693252,0.45957785742732,0.423190378942591,0.27579315513365,0,
0.418288272774238,0.592813321647678,0.276184786937475,0.317222600408441,0.361978516112915,0,
0.809368004132943,0.309377738825592,0.390083632019116,0.384161561152712,0.348738446165376,0,
0.643189254348201,0.535144609991236,0.505774591796097,0.321307011572498,0.35898076442668,0,
0.302910280695712,0.282909728308501,0.450418160095579,0.240299523485364,0.32075943042718,0,
0.358532805235061,0.403505696757231,0.766626841895659,0.590651236668936,0.452410691981014,0,
0.360082658859997,0.456266432953549,0.814615690959777,0.195144088949399,0.32075943042718,0,
0.348200447735492,0.540052585451358,0.48805256869773,0.419786702972544,0.296777416937297,0,
0.333562941277768,0.370902716914987,0.566706491437674,0.836623553437713,0.106669997501874,1,
0.533149646977785,0.434005258545136,0.558343289526085,0.508963013387792,0.695228578566076,1,
0.32047528844498,0.329360210341805,0.558741537236161,0.700022691173134,0.0876842368223832,1,
0.359393835026692,0.390709903593339,0.822381521306252,0.211708645336964,0.235323507369473,0,
0.348544859652144,0.533917616126205,0.4926324173636,0.416383027002496,0.286535098675993,0,
0.48183227139659,0.675021910604733,0.27757865392274,0.421375085091899,0.575318511116662,0,
0.476666092646806,0.513234005258545,0.306650736758264,0.328795098706603,0.304271796152885,0,
0.404167384191493,0.383347940403155,0.712465153325368,0.584070796460177,0.675993005246065,1,
0.315309109695195,0.382997370727432,0.729191557148546,0.169503063308373,0.21808643517362,0,
0.395384880316859,0.505170902716915,0.648546395858224,0.517358747447243,0.589058206345241,1,
0.340795591527467,0.497458369851008,0.599561927518917,0.253006580440209,0.402448163877092,0,
0.320303082486654,0.452059596844873,0.630824372759857,0.457680962105741,0.276042967774169,0,
0.464267263647322,0.438387379491674,0.517921146953405,0.432266848196052,0.376467649263053,0,
0.381780609609092,0.428571428571429,0.863600159299084,0.615611527115952,0.231326505121159,1,
0.346306182193904,0.476774758983348,0.855436081242533,0.207624234172907,0.32075943042718,0,
0.35904942311004,0.602629272567923,0.280565511748307,0.407306557749036,0.28878341244067,0,
0.346822800068882,0.319719544259422,0.719832735961768,0.55525300658044,0.610292280789408,0,
0.306354399862235,0.297808939526731,0.428912783751493,0.467665078284547,0.470147389457907,0,
0.333390735319442,0.297984224364592,0.445639187574671,0.67687769457681,0.831126655008743,0,
0.386257964525573,0.317791411042945,0.519912385503783,0.711141366008623,0.15388458656008,1,
0.51592905114517,0.625416301489921,0.279968140183194,0.407306557749036,0.355983012740445,0,
0.691923540554503,0.281858019281332,0.699123855037833,0.268663489902428,0.387959030726955,0,
0.586533494058894,0.574233128834356,0.311429709279172,0.338325391422737,0.302023482388209,0,
0.799035646633373,0.319368974583699,0.540621266427718,0.435216700703426,0.280539595303522,0,
0.527294644394696,0.480280455740578,0.479888490641179,0.744270478783753,0.212340744441669,0,
0.478560358188393,0.711831726555653,0.496017522899243,0.453142727479011,0.373969522857857,1,
0.389702083692096,0.685363716038563,0.285941855834329,0.320172452915816,0.289782663002748,0,
0.415532977441019,0.703768624014023,0.65531660692951,0.259360108917631,0.271046714963777,0,
0.916824522128466,0.18965819456617,0.451413779370769,0.397549353301566,0.303522358231327,0,
0.319442052695023,0.372655565293602,0.664675428116288,0.720898570456093,0.32075943042718,0,
0.323574995694851,0.362664329535495,0.69115890083632,0.68073519400953,0.597302023482388,1,
0.358016187360083,0.73216476774759,0.509358821186778,0.485137281597459,0.603547339495379,0,
0.365421043568107,0.491673970201577,0.701911589008363,0.620830496936692,0.194604046964776,1,
0.312726020320303,0.316389132340053,0.5147351652728,0.358747447243022,0.32075943042718,1,
0.363871189943172,0.37125328659071,0.166865790521705,0.0742001361470388,0.202598051461404,0,
0.349061477527122,0.707800175284838,0.509956192751892,0.428409348763331,0.368473644766425,0,
0.338212502152574,0.391411042944785,0.803663878932696,0.220558202859088,0.227829128153885,1,
0.422765627690718,0.81262050832603,0.269613699721227,0.416383027002496,0.282787909068199,0,
0.771654899259514,0.395968448729185,0.422739944245321,0.398910823689585,0.276542593055209,0,
0.374892371276046,0.416827344434706,0.670848267622461,0.742001361470388,0.197351986010492,1,
0.533149646977785,0.584925503943909,0.30605336519315,0.323349217154527,0.287534349238071,0,
0.346822800068882,0.628045574057844,0.569095977698128,0.486725663716814,0.388708468648514,0,
0.408816945066299,0.438387379491674,0.705097570688969,0.499886544134332,0.269547839120659,0,
0.375236783192698,0.671165644171779,0.243727598566308,0.432039936464715,0.283287534349238,0,
0.714999138970208,0.195617879053462,0.40720828355237,0.396414794644883,0.305520859355483,0,
0.539865679352506,0.67239263803681,0.579450418160096,0.310642160199682,0.293030227329503,1,
0.473910797313587,0.681156879929886,0.293508562325767,0.325391422736555,0.363977017237072,0,
0.219390390907525,0.102716914986854,0.571286340103544,0.238484229634672,0.240819385460904,1,
0.389874289650422,0.702366345311131,0.551573078454799,0.53188109825278,0.501124156882338,1,
0.328052350611331,0.36669588080631,0.221624850657109,0.849103698661221,0.085935548338746,1,
0.417771654899259,0.706047326906223,0.58821186778176,0.453142727479011,0.274793904571571,0,
0.403478560358188,0.67589833479404,0.553166069295101,0.454731109598366,0.375218586060455,0,
0.650594110556225,0.424539877300613,0.334129828753485,0.380077149988654,0.341743692230827,0,
0.350094713277079,0.307449605609115,0.552568697729988,0.847061493079192,0.12190856857357,0,
0.338556914069227,0.454864154250657,0.796694544006372,0.175175856591786,0.32075943042718,0,
0.333735147236094,0.390184049079755,0.649542015133413,0.838211935557068,0.32075943042718,0,
0.935250559669365,0.341805433829974,0.329151732377539,0.339913773542092,0.306520109917562,0,
0.602893060099879,0.324627519719544,0.395459976105137,0.412298615838439,0.289782663002748,0,
0.338212502152574,0.436459246275197,0.727996814018319,0.242568640798729,0.26255308518611,0,
0.621663509557431,0.452234881682734,0.321186778176025,0.336737009303381,0.305271046714964,0,
0.319958670570002,0.325679228746713,0.550975706889685,0.716360335829362,0.188108918311267,0,
0.395384880316859,0.735495179666959,0.275587415372362,0.413660086226458,0.369722707969023,0,
0.332529705527811,0.327432077125329,0.501592990840303,0.717041071023372,0.32075943042718,1,
0.457895643189254,0.681156879929886,0.265432098765432,0.575675062400726,0.246065450911816,0,
0.318064405028414,0.354601226993865,0.711668657905217,0.358747447243022,0.32075943042718,0,
0.359566040985018,0.382471516213848,0.867383512544803,0.214431586113002,0.184361728703472,0,
0.894782159462717,0.184750219106047,0.398845081640781,0.383707737690039,0.305770671996003,0,
0.321164112278285,0.31954425942156,0.455993628036639,0.535965509416837,0.32075943042718,0,
0.377819872567591,0.62646801051709,0.55973715651135,0.625822555026095,0.21808643517362,1,
0.900120544170828,0.172830850131464,0.340700915969733,0.344905831631495,0.337247064701474,0,
0.317547787153435,0.388255915863278,0.669056152927121,0.732244157022918,0.170622033474894,0,
0.730842087136215,0.297808939526731,0.422739944245321,0.340367597004765,0.307269547839121,0,
0.337351472360944,0.353198948290973,0.516328156113102,0.12094395280236,0.32075943042718,0,
0.471155501980368,0.545135845749343,0.437674233373158,0.415248468345813,0.283287534349238,0,
0.358705011193387,0.754601226993865,0.251294305057746,0.599273882459723,0.233325006245316,1,
0.538143619769244,0.551446099912358,0.313620071684588,0.328114363512594,0.351986010492131,0,
0.499052867229206,0.635758106923751,0.271007566706491,0.320172452915816,0.294279290532101,0,
0.407267091441364,0.753374233128834,0.275786539227399,0.417063762196506,0.289532850362228,0,
0.305493370070604,0.286415425065732,0.433691756272401,0.223961878829135,0.32075943042718,0,
0.363698983984846,0.425416301489921,0.757068896853843,0.237803494440663,0.260554584061954,0,
0.308076459445497,0.32182296231376,0.487654320987654,0.641933287950987,0.201348988258806,1,
0.371276046151197,0.669763365468887,0.603544404619673,0.548445654640345,0.32075943042718,0,
0.3903909075254,0.350219106047327,0.701911589008363,0.638529611980939,0.721458905820634,1,
0.340623385569141,0.518317265556529,0.73257666268419,0.620830496936692,0.226080439670247,1,
0.318925434820045,0.334618755477651,0.478693747510952,0.60857726344452,0.200349737696727,1,
0.850525228172895,0.346538124452235,0.335324571883712,0.343544361243476,0.335248563577317,0,
0.341312209402445,0.421910604732691,0.909398645957786,0.194009530292716,0.32075943042718,0,
0.368692956776304,0.482909728308501,0.794703305455994,0.220785114590424,0.423682238321259,0,
0.344756328568968,0.32988606485539,0.481481481481482,0.633991377354209,0.10267299525356,1,
0.471155501980368,0.589833479404032,0.29410593389088,0.329929657363286,0.345490881838621,0,
0.389185465817117,0.421034180543383,0.545201115093588,0.754481506693896,0.737696727454409,1,
0.297744101945927,0.199649430324277,0.439267224213461,0.495575221238938,0.32075943042718,0,
0.395212674358533,0.755652936021034,0.243727598566308,0.301565690946222,0.277292030976767,0,
0.342173239194076,0.325854513584575,0.50179211469534,0.786249149081007,0.32075943042718,1,
0.789392112967109,0.413146362839614,0.432497013142174,0.408441116405718,0.261803647264552,0,
0.371103840192871,0.591411042944785,0.537833532457188,0.431813024733379,0.32075943042718,0,
0.348200447735492,0.354776511831727,0.513938669852648,0.878148400272294,0.851611291531351,1,
0.619597038057517,0.346713409290096,0.39426523297491,0.404810528704334,0.289782663002748,0,
0.400551059066644,0.650832602979842,0.267224213460773,0.431586113002042,0.286784911316513,0,
0.451179610814534,0.57125328659071,0.783751493428913,0.257090991604266,0.273544841368973,1,
0.360254864818323,0.396844872918493,0.618876941457587,0.643748581801679,0.516112915313515,1,
0.541243327019115,0.574934268185802,0.502389486260454,0.485591105060132,0.32075943042718,1,
0.480799035646633,0.777388255915863,0.234966148944644,0.29906966190152,0.361229078191356,0,
0.849319786464612,0.391411042944785,0.460772600557547,0.444973905150896,0.290532100924307,0,
