541,5,2,
0.303082486654038,0.272042068361087,0.386698526483473,0.418652144315861,0.548588558581064,0,
0.339245737902531,0.400701139351446,0.698924731182796,0.745631949171772,0.32075943042718,0,
0.449801963147925,0.633128834355828,0.273596176821983,0.322668481960517,0.296027979015738,0,
0.587566729808851,0.541805433829974,0.437674233373158,0.474699341955979,0.46789907569323,0,
0.474427415188565,0.440315512708151,0.421346077260056,0.400045382346267,0.285535848113915,0,
0.82383330463234,0.369675723049956,0.32994822779769,0.33877921488541,0.305520859355483,0,
0.388496641983813,0.837510955302366,0.244125846276384,0.303154073065577,0.282538096427679,0,
0.369037368692957,0.356178790534619,0.514137793707686,0.64692534604039,0.550587059705221,1,
0.365076631651455,0.652234881682734,0.633412982875348,0.511912865895167,0.32075943042718,0,
0.316342345445152,0.323575810692375,0.514336917562724,0.72430224642614,0.32075943042718,1,
0.344756328568968,0.33444347063979,0.76742333731581,0.613342409802587,0.672495628278791,1,
0.370759428276218,0.333742331288344,0.635802469135802,0.786022237349671,0.181613789657757,0,
0.323919407611503,0.316564417177914,0.727996814018319,0.148854095756751,0.22408193854609,1,
0.39848458756673,0.667659947414549,0.608721624850657,0.484229634672113,0.274793904571571,0,
0.51902875839504,0.60578439964943,0.275189167662286,0.457227138643068,0.575318511116662,0,
0.376442224900982,0.428396143733567,0.469334926324174,0.225550260948491,0.611541343992006,1,
0.335629412777682,0.414723926380368,1,0.174948944860449,0.227829128153885,0,
0.34647838815223,0.326906222611744,0.614097968936679,0.535057862491491,0.32075943042718,1,
0.663509557430687,0.430148992112182,0.434488251692553,0.334921715452689,0.305271046714964,0,
0.404339590149819,0.317440841367222,0.517522899243329,0.792829589289766,0.171121658755933,0,
0.468572412605476,0.631200701139351,0.259458383114297,0.315634218289086,0.290781913564826,0,
0.121749612536594,0.091498685363716,0.304460374352847,0.324483775811209,0.292780414688983,0,
0.429998277940417,0.617703768624014,0.267622461170848,0.315634218289086,0.32075943042718,0,
0.436197692440158,0.660473269062226,0.666666666666667,0.457680962105741,0.280289782663003,1,
0.318925434820045,0.343207712532866,0.630227001194743,0.82187429090084,0.32075943042718,0,
0.729120027552953,0.300438212094654,0.490641178813222,0.589970501474926,0.236072945291032,0,
0.370931634234544,0.369149868536372,0.656113102349661,0.62355343771273,0.221583812140894,1,
0.320991906319959,0.330061349693252,0.22700119474313,0.817562968005446,0.32075943042718,0,
0.39262958498364,0.823838737949167,0.250298685782557,0.303154073065577,0.284286784911317,0,
0.535216118477699,0.546713409290096,0.294504181600956,0.330610392557295,0.300524606545091,0,
0.348544859652144,0.436985100788782,0.771007566706491,0.57476741547538,0.151636272795403,1,
0.315309109695195,0.287992988606486,0.460971724412585,0.158384388472884,0.32075943042718,0,
0.323919407611503,0.43102541630149,0.768817204301075,0.231676877694577,0.32075943042718,0,
0.370415016359566,0.483786152497809,0.290720828355237,0.313818924438393,0.273544841368973,0,
0.470466678147064,0.668361086765995,0.265232974910394,0.422282732017245,0.472395703222583,0,
0.430342689857069,0.689921121822962,0.276383910792513,0.299296573632857,0.259305520859355,0,
0.923884966419838,0.376687116564417,0.331541218637993,0.339006126616746,0.307019735198601,0,
0.444291372481488,0.608238387379492,0.471724412584628,0.428182437031995,0.262303272545591,0,
0.329946616152919,0.372129710780018,0.520708880923935,0.756296800544588,0.32075943042718,1,
0.320130876528328,0.412795793163891,0.735762644364795,0.184479237576583,0.182613040219835,0,
0.273463061821939,0.412269938650307,0.319992035045798,0.497844338552303,0.272045965525856,0,
0.500086102979163,0.369149868536372,0.412783751493429,0.334921715452689,0.351236572570572,0,
0.456517995522645,0.656266432953549,0.28494623655914,0.458134785568414,0.5515863102673,0,
0.620458067849147,0.455390008764242,0.314416567104739,0.386430678466077,0.345241069198101,0,
0.518339934561736,0.66432953549518,0.296495420151334,0.325164511005219,0.29502872845366,0,
0.319786464611676,0.308326029798422,0.529669454400637,0.790333560245065,0.102173369972521,0,
0.438608575856725,0.533567046450482,0.465750696933493,0.429543907420014,0.240319760179865,0,
0.332013087652833,0.315162138475022,0.690959776981282,0.627184025414114,0.496627529352985,0,
0.408472533149647,0.338124452234882,0.499601752289924,0.842296346721126,0.178616037971521,1,
0.338556914069227,0.377212971078002,0.857626443647949,0.239164964828682,0.241069198101424,0,
0.329085586361288,0.370201577563541,0.482477100756671,0.849330610392557,0.087184611541344,1,
0.318064405028414,0.381770376862401,0.661489446435683,0.945314272747901,0.0719460404696478,0,
0.317031169278457,0.421735319894829,0.623456790123457,0.281370546857273,0.279290532100924,0,
0.465644911313931,0.616827344434706,0.617084826762246,0.547764919446335,0.263802148388708,0,
0.360943688651627,0.474846625766871,0.706292313819195,0.611527115951895,0.207844116912316,1,
0.434992250731875,0.456792287467134,0.756670649143767,0.237803494440663,0.407444416687484,1,
0.690373686929568,0.549693251533742,0.290720828355237,0.566825504878602,0.255808143892081,0,
0.353538832443603,0.334794040315513,0.750497809637595,0.571363739505332,0.491131651261554,1,
0.457034613397624,0.689921121822962,0.281362007168459,0.629906966190152,0.226580064951287,0,
0.36214913035991,0.548641542506573,0.59557945041816,0.475833900612662,0.263552335748189,0,
0.367831926984674,0.361262050832603,0.499402628434886,0.744043567052417,0.067949038221334,1,
0.371276046151197,0.497808939526731,0.802270011947431,0.235080553664624,0.32075943042718,0,
0.342173239194076,0.38737949167397,0.539625647152529,0.549807125028364,0.32075943042718,1,
0.363698983984846,0.874145486415425,0.242333731581043,0.2809167233946,0.281039220584562,0,
0.799380058550026,0.33444347063979,0.336917562724014,0.378942591331972,0.335748188858356,0,
0.331840881694507,0.35284837861525,0.62962962962963,0.783753120036306,0.153135148638521,0,
0.628896159807129,0.320070113935145,0.400438072481083,0.393011118674835,0.283537346989758,0,
0.309626313070432,0.35407537248028,0.421545201115094,0.56569094622192,0.651011741194104,1,
0.402100912691579,0.838913234005258,0.258462763839108,0.292716133424098,0.40369722707969,0,
0.577578784225934,0.498510078878177,0.498407009159697,0.521216246879964,0.527104671496378,0,
0.349405889443775,0.308326029798422,0.682994822779769,0.685500340367597,0.124906320259805,0,
0.308765283278801,0.308851884312007,0.514934289127837,0.538461538461539,0.32075943042718,1,
0.407267091441364,0.753549517966696,0.275786539227399,0.416836850465169,0.289283037721709,0,
0.402100912691579,0.780718667835232,0.251493428912784,0.296573632856819,0.222583062702973,0,
0.35095574306871,0.30920245398773,0.70310633213859,0.647832992965736,0.566575068698476,0,
0.441363871189943,0.645574057843996,0.699522102747909,0.493533015656909,0.274793904571571,1,
0.33080764594455,0.476599474145486,0.728195937873357,0.219196732471069,0.254309268048963,0,
0.806096090924746,0.325679228746713,0.336320191158901,0.337644656228727,0.306270297277042,0,
0.365937661443086,0.76441717791411,0.278773397052967,0.317449512139778,0.36522608043967,0,
0.412433270191149,0.445574057843996,0.668657905217045,0.286589516678012,0.254059455408444,1,
0.730842087136215,0.369325153374233,0.435284747112704,0.413886997957794,0.453909567824132,0,
0.311003960737042,0.314636283961437,0.543409000398248,0.545949625595643,0.181363977017237,1,
0.382125021525745,0.587204206836109,0.65073675826364,0.506013160880417,0.32075943042718,0,
0.419149302565869,0.727081507449606,0.584826762246117,0.452915815747674,0.276042967774169,0,
0.383847081109006,0.666783523225241,0.537236160892075,0.248922169276152,0.690981763677242,0,
0.314964697778543,0.402453987730061,0.503783353245719,0.740639891082369,0.0686984761428929,1,
0.354744274151886,0.353374233128834,0.768219832735962,0.684138869979578,0.727204596552586,1,
0.491992422937834,0.685714285714286,0.278176025487853,0.517812570909916,0.458656007994005,0,
0.33080764594455,0.397195442594216,0.535244922341696,0.729975039709553,0.32075943042718,1,
0.326674702944722,0.429798422436459,0.487056949422541,0.628999319264806,0.528353734698976,1,
0.567935250559669,0.417353198948291,0.629032258064516,0.542092126162923,0.503622283287534,1,
0.358532805235061,0.662751971954426,0.544802867383512,0.229407760381212,0.32075943042718,0,
0.323574995694851,0.339526730937774,0.505376344086021,0.779441797140912,0.12840369722708,0,
0.581022903392457,0.541805433829974,0.634806849860613,0.304742455184933,0.291281538845866,0,
0.405889443774755,0.318492550394391,0.524691358024691,0.814386203766735,0.180614539095678,0,
0.65352161184777,0.34829097283085,0.345081640780565,0.374177444973905,0.310766924806395,0,
0.280867918029964,0.321998247151621,0.524691358024691,0.68595416383027,0.177866600049963,1,
0.339245737902531,0.448203330411919,0.921943448825169,0.174495121397776,0.222333250062453,0,
0.355949715860169,0.500087642418931,0.675627240143369,0.587928295892898,0.58306270297277,0,
0.312381608403651,0.329710780017528,0.613898845081641,0.577717267982755,0.32075943042718,0,
0.314275873945238,0.310780017528484,0.450816407805655,0.614476968459269,0.32075943042718,0,
0.325641467194765,0.323575810692375,0.507168458781362,0.847969140004538,0.131401448913315,0,
0.399173411400034,0.475372480280456,0.715452011150936,0.662355343771273,0.2305770671996,1,
0.466505941105562,0.666608238387379,0.282357626443648,0.455411844792376,0.575568323757182,0,
0.415016359566041,0.626993865030675,0.505973715651135,0.420467438166553,0.291531351486385,0,
0.394696056483554,0.66327782646801,0.292712066905615,0.319491717721806,0.360229827629278,0,
0.472188737730325,0.439439088518843,0.310434090003982,0.33287950987066,0.343492380714464,0,
0.323919407611503,0.312357581069238,0.473118279569892,0.547311095983662,0.221333999500375,1,
0.369381780609609,0.385977212971078,0.656113102349661,0.585659178579533,0.622283287534349,1,
0.45496814189771,0.401928133216477,0.320390282755874,0.383027002496029,0.349737696727454,0,
0.351988978818667,0.429097283085013,0.841497411389884,0.626049466757431,0.218336247814139,0,
0.366970897193043,0.351971954425942,0.835722819593787,0.201270705695484,0.49337996502623,1,
0.375236783192698,0.586678352322524,0.293309438470729,0.408668028137055,0.295778166375219,0,
0.381780609609092,0.497808939526731,0.679012345679012,0.692534604039029,0.208093929552835,1,
0.35543309798519,0.615775635407537,0.25647152528873,0.407533469480372,0.357981513864602,0,
0.788703289133804,0.29079754601227,0.402031063321386,0.377808032675289,0.347739195603298,0,
0.336662648527639,0.414373356704645,0.471923536439665,0.533923303834808,0.32075943042718,1,
0.303426898570691,0.272918492550394,0.411589008363202,0.490129339686862,0.32075943042718,0,
0.715860168761839,0.36091148115688,0.397252090800478,0.379623326525981,0.309268048963278,0,
0.430170483898743,0.531113058720421,0.29868578255675,0.43430905377808,0.226829877591806,0,
0.319958670570002,0.377212971078002,0.7463162086818,0.156342182890855,0.220834374219335,0,
0.367659721026347,0.681858019281332,0.570888092393469,0.526889040163376,0.32075943042718,0,
0.441708283106595,0.43680981595092,0.619872560732776,0.269117313365101,0.265800649512865,0,
0.321164112278285,0.33567046450482,0.503385105535643,0.779441797140912,0.32075943042718,1,
0.477699328396762,0.65749342681858,0.283552369573875,0.31404583616973,0.285286035473395,0,
0.321508524194937,0.36441717791411,0.745718837116687,0.582028590878148,0.32075943042718,0,
0.384363698983985,0.308676599474145,0.605137395459976,0.686181075561607,0.814639020734449,1,
0.57551231272602,0.442243645924627,0.446435682994823,0.325164511005219,0.216837371971022,0,
0.322541759944894,0.293777388255916,0.487256073277579,0.717041071023372,0.0422183362478141,1,
0.372309281901154,0.708150744960561,0.539028275587415,0.467891990015884,0.381214089432925,0,
0.491131393146203,0.594040315512708,0.52389486260454,0.651463580667121,0.228578566075443,0,
0.61047012226623,0.62068361086766,0.288132218239745,0.324937599273882,0.291031726205346,0,
0.316170139486826,0.34250657318142,0.661887694145759,0.628318584070796,0.32075943042718,0,
0.329946616152919,0.291498685363716,0.492831541218638,0.72952121624688,0.578066450162378,1,
0.342173239194076,0.397020157756354,0.715252887295898,0.224188790560472,0.231576317761679,1,
0.320303082486654,0.337598597721297,0.664277180406213,0.561379623326526,0.20534599050712,1,
0.396590322025142,0.665381244522349,0.554360812425329,0.648967551622419,0.2305770671996,1,
0.323058377819873,0.403856266432954,0.855436081242533,0.199909235307465,0.32075943042718,0,
0.412777682107801,0.496406660823839,0.562923138191955,0.26140231449966,0.724956282787909,0,
0.727053556053039,0.31603856266433,0.401234567901235,0.391876560018153,0.308018985760679,0,
0.349750301360427,0.336021034180543,0.870569494225408,0.547991831177672,0.414688983262553,0,
0.807645944549681,0.286765994741455,0.332536837913182,0.319945541184479,0.28828378715963,0,
0.367659721026347,0.654688869412796,0.657108721624851,0.517812570909916,0.32075943042718,0,
0.314620285861891,0.36091148115688,0.433890880127439,0.639210347174949,0.32075943042718,1,
0.392457379025314,0.804382120946538,0.221823974512147,0.294077603812117,0.268048963277542,0,
0.639572929223351,0.328133216476775,0.341696535244922,0.345132743362832,0.311266550087434,0,
0.321336318236611,0.385626643295355,0.793707686180804,0.168822328114364,0.221333999500375,0,
0.319269846736697,0.292725679228747,0.453006770211071,0.224869525754481,0.755933050212341,0,
0.90855863612881,0.176687116564417,0.338311429709279,0.380304061719991,0.304521608793405,0,
0.320647494403306,0.364592462751972,0.55236957387495,0.795098706603131,0.32075943042718,1,
0.585500258308937,0.376862401402279,0.281561131023497,0.773995915588836,0.210592055958031,0,
0.712416049595316,0.480105170902717,0.448626045400239,0.392784206943499,0.397951536347739,0,
0.368348544859652,0.590184049079755,0.495021903624054,0.461765373269798,0.32075943042718,0,
0.608575856724643,0.680806310254163,0.300677021107129,0.326299069661902,0.296027979015738,0,
0.320130876528328,0.429447852760736,0.637196336121067,0.254594962559564,0.276292780414689,0,
0.357499569485104,0.577563540753725,0.493827160493827,0.296346721125482,0.272045965525856,0,
0.724126054761495,0.314811568799299,0.412584627638391,0.379623326525981,0.342992755433425,0,
0.330291028069571,0.420508326029798,0.749900438072481,0.221919673247107,0.264301773669748,0,
0.722059583261581,0.279053461875548,0.344086021505376,0.37712729748128,0.309018236322758,0,
0.837609781298433,0.186503067484663,0.343488649940263,0.374404356705242,0.306520109917562,0,
0.763561219218185,0.319368974583699,0.34189565909996,0.374631268436578,0.33349987509368,0,
0.353366626485276,0.433654688869413,0.687574671445639,0.505559337417744,0.191356482638021,0,
0.385396934733942,0.425942156003506,0.677817602548785,0.243249375992739,0.254059455408444,1,
0.367487515068021,0.299386503067485,0.53863002787734,0.582028590878148,0.633275043717212,0,
0.387980024108834,0.609465381244522,0.551772202309837,0.447243022464261,0.368723457406945,0,
0.427415188565524,0.544259421560035,0.277379530067702,0.322895393691854,0.347739195603298,0,
0.593077320475288,0.619281332164768,0.268219832735962,0.409802586793737,0.282538096427679,0,
0.474599621146892,0.634706397896582,0.672242134607726,0.268890401633764,0.280039970022483,1,
0.348544859652144,0.30464504820333,0.660493827160494,0.689130928068981,0.126655008743442,0,
0.346822800068882,0.80806310254163,0.221823974512147,0.436351259360109,0.276292780414689,0,
0.202686412949888,0.100964066608238,0.193548387096774,0.226457907873837,0.646515113664751,1,
0.432409161356983,0.600350569675723,0.529072082835524,0.674154753800772,0.212590557082188,0,
0.37472016531772,0.429798422436459,0.528673835125448,0.619015203085999,0.191356482638021,1,
0.460478732564147,0.420333041191937,0.324372759856631,0.340821420467438,0.306270297277042,0,
0.386430170483899,0.528308501314636,0.548785344484269,0.292035398230088,0.409442917811641,0,
0.339245737902531,0.440140227870289,0.824970131421744,0.220558202859088,0.32075943042718,0,
0.336146030652661,0.717966695880806,0.233373158104341,0.433855230315407,0.374219335498376,0,
0.313242638195282,0.37353198948291,0.437275985663082,0.648740639891082,0.32075943042718,1,
0.504735663853969,0.548115687992989,0.537634408602151,0.711141366008623,0.227329502872845,1,
0.329774410194593,0.597370727432077,0.277777777777778,0.423871114136601,0.27554334249313,0,
0.319269846736697,0.292024539877301,0.453405017921147,0.216927615157704,0.780414688983262,0,
0.37248148785948,0.751971954425942,0.237554759060135,0.432266848196052,0.568323757182113,0,
0.329257792319614,0.41612620508326,0.754082039028276,0.235988200589971,0.32075943042718,0,
0.332874117444464,0.503593339176161,0.6415770609319,0.521216246879964,0.215338496127904,0,
0.379541932150852,0.626643295354952,0.591995221027479,0.452235080553665,0.273544841368973,0,
0.30928190115378,0.291673970201578,0.465153325368379,0.69571136827774,0.32075943042718,0,
0.366282073359738,0.331638913234005,0.706093189964158,0.619469026548673,0.761179115663252,1,
0.395557086275185,0.682208588957055,0.262246117084827,0.299523485364193,0.280289782663003,0,
0.350266919235405,0.334268185801928,0.557745917960972,0.834581347855684,0.644766425181114,1,
0.344756328568968,0.33444347063979,0.767622461170848,0.613342409802587,0.672495628278791,1,
0.351472360943689,0.446976336546889,0.688172043010753,0.650329022010438,0.32075943042718,1,
0.919407611503358,0.339176161262051,0.33552369573875,0.337190832766054,0.306769922558081,0,
0.587566729808851,0.670639789658195,0.274193548387097,0.321987746766508,0.295778166375219,0,
0.310487342862063,0.308851884312007,0.486857825567503,0.777172679827547,0.12165875593305,1,
0.354744274151886,0.33567046450482,0.519115890083632,0.699341955979124,0.599300524606545,1,
0.419493714482521,0.669588080631025,0.290720828355237,0.406625822555026,0.356982263302523,0,
0.335112794902704,0.440666082383874,0.864794902429311,0.206262763784888,0.636272795403447,0,
0.324091613569829,0.375284837861525,0.734767025089606,0.601542999773088,0.32075943042718,0,
0.313587050111934,0.327957931638913,0.46136997212266,0.464942137508509,0.700974269298026,1,
0.33528500086103,0.331288343558282,0.515929908403027,0.714771953710007,0.0806894828878341,1,
0.335801618736008,0.365293602103418,0.586818000796495,0.590424324937599,0.176117911566325,1,
0.51816772860341,0.432602979842244,0.686180804460374,0.243476287724075,0.268048963277542,0,
0.464956087480627,0.547239263803681,0.432696136997212,0.413660086226458,0.279790157381964,0,
0.344584122610642,0.531288343558282,0.609318996415771,0.786249149081007,0.161129153135149,0,
0.350266919235405,0.310078878177038,0.553763440860215,0.852280462899932,0.101174119410442,0,
0.330291028069571,0.375635407537248,0.625248904818797,0.838211935557068,0.157132150886835,0,
0.402273118649905,0.793163891323401,0.252688172043011,0.429090083957341,0.389208093929553,0,
0.361115894609953,0.706397896581946,0.24352847471127,0.443158611300204,0.32075943042718,0,
0.548131565352161,0.547765118317266,0.495619275189168,0.567733151803948,0.497376967274544,0,
0.443602548648183,0.800701139351446,0.247510951812027,0.48377581120944,0.402448163877092,0,
0.259858791114173,0.0813321647677476,0.178414974113899,0.227819378261856,0.246565076192855,0,
0.34871706561047,0.375460122699387,0.667463162086818,0.649194463353755,0.80789407944042,1,
0.404856208024798,0.587204206836109,0.597172441258463,0.280689811663263,0.27579315513365,0,
0.64232822455657,0.344084136722174,0.343488649940263,0.37644656228727,0.334748938296278,0,
0.555708627518512,0.470990359333918,0.302668259657507,0.327660540049921,0.297776667499375,0,
0.329602204236267,0.483786152497809,0.715651135005974,0.235761288858634,0.32075943042718,0,
0.548820389185466,0.507624890446976,0.682795698924731,0.299296573632857,0.288033974519111,0,
0.313587050111934,0.279579316389132,0.455993628036639,0.220104379396415,0.0579565326005496,0,
0.353366626485276,0.500964066608238,0.723416965352449,0.578851826639437,0.602048463652261,0,
0.395557086275185,0.51726555652936,0.661688570290721,0.251418198320853,0.271546340244816,0,
0.433270191148614,0.763014899211218,0.272600557546794,0.313818924438393,0.287534349238071,0,
0.357155157568452,0.784399649430324,0.662086818000797,0.479691400045382,0.277292030976767,1,
0.53383847081109,0.409640666082384,0.421943448825169,0.394826412525528,0.279290532100924,0,
0.378336490442569,0.368098159509202,0.774392672242134,0.223508055366462,0.32075943042718,1,
0.497847425520923,0.590359333917616,0.289924332935086,0.412525527569775,0.374718960779415,0,
0.337007060444291,0.412971078001753,0.78952608522501,0.644656228727025,0.32075943042718,1,
0.338901325985879,0.586503067484663,0.604340900039825,0.501474926253687,0.32075943042718,0,
0.52040640606165,0.338299737072743,0.394066109119873,0.391649648286816,0.280039970022483,0,
0.348200447735492,0.579842243645925,0.598964555953803,0.552983889267075,0.60879340494629,1,
0.338384708110901,0.462751971954426,0.911190760653126,0.181756296800545,0.32075943042718,0,
0.691751334596177,0.282033304119194,0.699123855037833,0.268663489902428,0.387959030726955,0,
0.391424143275357,0.393865030674847,0.704101951413779,0.5357385976855,0.44241818636023,0,
0.377819872567591,0.541630148992112,0.610911987256073,0.461765373269798,0.367724206844866,0,
0.358188393318409,0.640666082383874,0.266427718040621,0.423417290673928,0.293030227329503,0,
0.506113311520579,0.564241893076249,0.479490242931103,0.520989335148627,0.50612040969273,0,
0.34200103323575,0.722173531989483,0.271604938271605,0.408668028137055,0.359730202348239,0,
0.411400034441192,0.458545135845749,0.805854241338112,0.628999319264806,0.216337746689983,1,
0.348028241777165,0.346187554776512,0.44026284348865,0.602677558429771,0.32075943042718,1,
0.868434647838815,0.183523225241017,0.342692154520111,0.376219650555934,0.30776917312016,0,
0.44687446185638,0.330587204206836,0.626045400238949,0.681189017472203,0.699475393454909,1,
0.273118649905287,0.455565293602103,0.796495420151334,0.21261629226231,0.23082687984012,0,
0.409333562941278,0.480280455740578,0.425925925925926,0.402768323122305,0.285535848113915,0,
0.453418288272774,0.783347940403155,0.246515332536838,0.48241434082142,0.409193105171122,0,
0.544859652143964,0.359859772129711,0.337116686579052,0.381892443839347,0.343492380714464,0,
0.468744618563802,0.615775635407537,0.619076065312624,0.54095756750624,0.264051961029228,0,
0.317375581195109,0.404206836108677,0.750298685782557,0.219877467665078,0.255558331251561,0,
0.474083003271913,0.333041191936897,0.746714456391876,0.697980485591105,0.161878591056707,1,
0.305148958153952,0.290972830850131,0.473715651135006,0.473791695030633,0.430177366974769,0,
0.389874289650422,0.313234005258545,0.792512943050577,0.564329475833901,0.445915563327504,1,
0.308765283278801,0.301840490797546,0.415173237753883,0.254141139096891,0.573569822633025,0,
0.733425176511107,0.418229623137599,0.657108721624851,0.286135693215339,0.290032475643268,0,
0.271224384363699,0.488168273444347,0.693349263241736,0.504651690492399,0.32075943042718,0,
0.342173239194076,0.395793163891323,0.79231381919554,0.563421828908555,0.633774668998251,1,
0.54417082831066,0.372129710780018,0.452409398645958,0.33287950987066,0.304271796152885,0,
0.335801618736008,0.410692375109553,0.763042612504978,0.246879963694123,0.255308518611042,0,
0.434820044773549,0.378790534618756,0.401234567901235,0.377581120943953,0.341993504871347,0,
0.34647838815223,0.381069237510955,0.673835125448029,0.990696619015203,0.144141893579815,1,
0.337868090235922,0.425591586327783,0.79689366786141,0.206262763784888,0.180864351736198,1,
0.318581022903392,0.30692375109553,0.510752688172043,0.776038121170864,0.32075943042718,0,
0.492853452729464,0.367397020157756,0.338908801274393,0.380077149988654,0.308018985760679,0,
0.403478560358188,0.519018404907975,0.309637594583831,0.326752893124575,0.32075943042718,0,
0.372653693817806,0.653286590709904,0.796495420151334,0.270932607215793,0.26904821383962,1,
0.348028241777165,0.517966695880806,0.789326961369972,0.23144996596324,0.252060954284287,0,
0.898226278629241,0.169325153374233,0.397451214655516,0.377808032675289,0.337996502623033,0,
0.353711038401929,0.415249780893953,0.884109916367981,0.193555706830043,0.22458156382713,1,
0.618219390390907,0.409465381244522,0.458582238152131,0.441797140912185,0.276042967774169,0,
0.408816945066299,0.6045574057844,0.537634408602151,0.302246426140231,0.289283037721709,0,
0.366109867401412,0.29535495179667,0.517323775388291,0.601542999773088,0.614539095678241,0,
0.322369553986568,0.30464504820333,0.752887295898048,0.576355797594736,0.0696977267049713,1,
0.328052350611331,0.454513584574934,0.757467144563919,0.160426594054913,0.32075943042718,0,
0.367831926984674,0.733917616126205,0.547590601354042,0.60403902881779,0.240569572820385,1,
0.363354572068193,0.548641542506573,0.6194743130227,0.468345813478557,0.251311516362728,0,
0.343206474944033,0.463803680981595,0.713460772600558,0.585659178579533,0.632525605795653,1,
0.371792664026175,0.356879929886065,0.789924332935086,0.745858860903109,0.175868098925806,1,
0.57912863785087,0.445398773006135,0.329549980087614,0.383707737690039,0.342243317511866,0,
0.332185293611159,0.61612620508326,0.531859816806053,0.476968459269344,0.260804396702473,0,
0.432236955398657,0.5034180543383,0.302668259657507,0.399818470614931,0.299025730701974,0,
0.733252970552781,0.442243645924627,0.572481083233771,0.46879963694123,0.285036222832875,0,
0.481315653521612,0.458895705521472,0.304460374352847,0.328795098706603,0.32075943042718,0,
0.559669364560014,0.601928133216477,0.479091995221027,0.542319037894259,0.423432425680739,0,
0.531255381436198,0.719368974583699,0.516726403823178,0.307238484229635,0.288033974519111,0,
0.362665748234889,0.410692375109553,0.599163679808841,0.823235761288859,0.32075943042718,1,
0.338384708110901,0.485363716038563,0.498606133014735,0.428182437031995,0.349487884086935,0,
0.457895643189254,0.477826468010517,0.312823576264436,0.336056274109371,0.307019735198601,0,
0.274496297571896,0.328659070990359,0.641178813221824,0.358747447243022,0.32075943042718,0,
0.348544859652144,0.415600350569676,0.664277180406213,0.594054912638983,0.48713464901324,1,
0.325985879111417,0.296231375985977,0.474711270410195,0.140004538234627,0.714963777167125,0,
0.351127949027036,0.396143733567046,0.627240143369176,0.282958928976628,0.272295778166375,0,
0.300154985362494,0.280981595092025,0.447232178414974,0.235080553664624,0.32075943042718,0,
0.341828827277424,0.419807186678352,0.769613699721227,0.675062400726118,0.209093180114914,0,
0.389702083692096,0.577388255915863,0.824372759856631,0.225096437485818,0.245815638271297,0,
0.646633373514724,0.435056967572305,0.422739944245321,0.41025641025641,0.304521608793405,0,
0.259169967280868,0.395968448729185,0.639386698526483,0.19832085318811,0.567574319260555,1,
0.348889271568796,0.312708150744961,0.73257666268419,0.722033129112775,0.690482138396203,1,
0.395040468400207,0.576862401402279,0.489645559538033,0.762196505559337,0.193854609043218,0,
0.345272946443947,0.397370727432077,0.688968538430904,0.13592012707057,0.716462653010242,1,
0.277423798863441,0.192813321647677,0.265830346475508,0.660993873383254,0.638770921808644,0,
0.372137075942828,0.567922874671341,0.495818399044205,0.41479464488314,0.297027229577817,0,
0.491992422937834,0.627519719544259,0.630227001194743,0.255048786022237,0.281289033225081,1,
0.254864818322714,0.776161262050833,0.235563520509757,0.287724075334695,0.279540344741444,0,
0.323230583778199,0.450131463628396,0.627439267224213,0.25164511005219,0.268548588558581,0,
0.478560358188393,0.597546012269939,0.717642373556352,0.267755842977082,0.277791656257807,1,
0.430859307732047,0.562138475021911,0.763241736360016,0.247560698888133,0.32075943042718,0,
0.335629412777682,0.332340052585451,0.548785344484269,0.850011345586567,0.0624531601299026,1,
0.352333390735319,0.394741454864154,0.84010354440462,0.600181529385069,0.425430926804896,0,
0.84535904942311,0.371078001752848,0.411190760653126,0.518266394372589,0.250811891081689,0,
0.340623385569141,0.343382997370727,0.582636399840701,0.686181075561607,0.164876342742943,0,
0.33528500086103,0.504995617879053,0.499800876144962,0.421148173360563,0.361478890831876,0,
0.457895643189254,0.364943032427695,0.68379131819992,0.572498298162015,0.695228578566076,1,
0.395729292233511,0.603856266432954,0.563122262046993,0.248241434082142,0.709218086435174,0,
0.361804718443258,0.0506573181419807,0.100756670649144,0.191740412979351,0.233325006245316,0,
0.420182538315826,0.653637160385627,0.705694942254082,0.254821874290901,0.278291281538846,1,
0.496125365937661,0.461349693251534,0.502190362405416,0.769230769230769,0.196102922807894,0,
0.544343034268986,0.505170902716915,0.439466348068499,0.420240526435217,0.357981513864602,0,
0.416049595315998,0.444347063978966,0.319593787335723,0.33741774449739,0.308268798401199,0,
0.500258308937489,0.358983347940403,0.902230187176424,0.22169276151577,0.261803647264552,1,
0.449974169106251,0.710780017528484,0.284547988849064,0.470388019060585,0.492130901823632,0,
0.437230928190115,0.62874671340929,0.282954998008761,0.414113909689131,0.363727204596553,0,
0.341312209402445,0.537423312883436,0.527279968140183,0.433401406852734,0.360979265550837,0,
0.686585155846392,0.191586327782647,0.405814416567105,0.398683911958248,0.299525355983013,0,
0.89512657137937,0.314636283961437,0.339705296694544,0.344225096437486,0.310517112165876,0,
0.314275873945238,0.380718667835232,0.714854639585822,0.191513501248015,0.32075943042718,0,
0.320647494403306,0.325854513584575,0.492831541218638,0.658270932607216,0.58356232825381,1,
0.419493714482521,0.364066608238387,0.727399442453206,0.853641933287951,0.182862852860355,1,
0.447735491648011,0.473093777388256,0.428116288331342,0.336056274109371,0.304021983512366,0,
0.837093163423454,0.190008764241893,0.405017921146953,0.339233038348083,0.341993504871347,0,
0.272602032030308,0.130411919368975,0.710872162485066,0.0964374858180168,0.32075943042718,0,
0.340623385569141,0.431375985977213,0.788331342094783,0.168595416383027,0.571821134149388,1,
0.516617874978474,0.474496056091148,0.723616089207487,0.240299523485364,0.273544841368973,1,
0.357155157568452,0.454513584574934,0.899044205495818,0.603131381892444,0.226829877591806,0,
0.375236783192698,0.295179666958808,0.739545997610514,0.90764692534604,0.151636272795403,1,
0.356121921818495,0.764241893076249,0.227598566308244,0.466757431359201,0.491131651261554,0,
0.387118994317203,0.339702015775635,0.752090800477897,0.220331291127751,0.2305770671996,1,
0.943172033752368,0.336371603856266,0.335921943448825,0.335375538915362,0.306769922558081,0,
0.353366626485276,0.584925503943909,0.484667463162087,0.429997730882687,0.287034723957032,0,
0.602893060099879,0.382120946538124,0.632417363600159,0.551622418879056,0.451911066699975,0,
0.356466333735147,0.374583698510079,0.539824771007567,0.728159745858861,0.0612040969273045,1,
0.462372998105734,0.426117440841367,0.717443249701314,0.512820512820513,0.251561329003248,0,
0.344928534527295,0.507975460122699,0.618876941457587,0.248014522350806,0.32075943042718,0,
0.47735491648011,0.388606485539001,0.871963361210673,0.207170410710234,0.227579315513365,1,
0.312037196486998,0.322699386503067,0.186379928315412,0.723848422963467,0.122408193854609,1,
0.412777682107801,0.415425065731814,0.749701314217443,0.549353301565691,0.69223082687984,1,
0.488031685896332,0.517966695880806,0.575069693349263,0.449512139777627,0.470896827379465,0,
0.328052350611331,0.342857142857143,0.543010752688172,0.733832539142274,0.203847114664002,0,
0.387980024108834,0.744960560911481,0.277976901632816,0.309961425005673,0.368223832125906,0,
0.756328568968486,0.281332164767748,0.387495021903624,0.385523031540731,0.306769922558081,0,
0.476321680730153,0.725854513584575,0.277777777777778,0.312911277513047,0.384211841119161,0,
0.447907697606337,0.717616126205083,0.528076463560335,0.297027456319492,0.283787159630277,0,
0.316686757361805,0.306573181419807,0.455197132616487,0.702972543680508,0.560829377966525,1,
0.330463234027897,0.45398773006135,0.529470330545599,0.579078738370774,0.462653010242318,1,
0.793869467883589,0.295530236634531,0.419753086419753,0.392557295212162,0.300524606545091,0,
0.757189598760117,0.193865030674847,0.394663480684986,0.379396414794645,0.340244816387709,0,
0.32271396590322,0.418054338299737,0.893866985264835,0.189017472203313,0.432675493379965,0,
0.348028241777165,0.499561787905346,0.768418956591,0.227819378261856,0.221333999500375,0,
0.36352677802652,0.361612620508326,0.78494623655914,0.549126389834354,0.208093929552835,1,
0.416049595315998,0.539351446099912,0.532656312226205,0.410029498525074,0.353734698975768,0,
0.42448768727398,0.726029798422436,0.258462763839108,0.542772861356932,0.24981264051961,0,
0.352850008610298,0.587905346187555,0.279769016328156,0.324483775811209,0.298026480139895,0,
0.371276046151197,0.481332164767748,0.805057745917961,0.196959382800091,0.32075943042718,0,
0.205958326158085,0.574583698510079,0.527877339705297,0.2952121624688,0.277042218336248,0,
0.410022386774582,0.452936021034181,0.822978892871366,0.677785341502156,0.32075943042718,1,
0.272946443946961,0.317090271691499,0.247710075667065,0.160199682323576,0.32075943042718,1,
0.346995006027209,0.429973707274321,0.569494225408204,0.626730201951441,0.675243567324507,1,
0.862063027380747,0.347063978965819,0.425328554360812,0.510551395507148,0.266300274793905,0,
0.363182366109867,0.791235758106924,0.236559139784946,0.455638756523712,0.274044466650012,0,
0.350611331152058,0.741279579316389,0.231182795698925,0.484002722940776,0.577566824881339,0,
0.40967797485793,0.344609991235758,0.746913580246914,0.568867710460631,0.454409193105171,1,
0.544687446185638,0.532340052585451,0.487654320987654,0.319945541184479,0.291281538845866,0,
0.343723092819012,0.408588957055215,0.717443249701314,0.541865214431586,0.2305770671996,0,
0.408300327191321,0.563014899211218,0.672441258462764,0.527115951894713,0.575568323757182,1,
0.375236783192698,0.319018404907975,0.646555157307845,0.835262083049694,0.32075943042718,0,
0.351816772860341,0.395092024539877,0.718040621266428,0.629226230996142,0.706969772670497,1,
0.260375408989151,0.437160385626643,0.772003185981681,0.189698207397322,0.227579315513365,0,
0.552608920268641,0.505521472392638,0.458980485862206,0.422963467211255,0.278541094179365,0,
0.335801618736008,0.388781770376862,0.54042214257268,0.88359428182437,0.32075943042718,1,
0.314792491820217,0.320245398773006,0.448227797690163,0.591558883594282,0.578316262802898,0,
0.35319442052695,0.339000876424189,0.876344086021505,0.544588155207624,0.408943292530602,0,
0.334940588944377,0.323926380368098,0.520310633213859,0.616292262309961,0.579815138646015,1,
0.458756672980885,0.491673970201577,0.610712863401035,0.550487860222374,0.616537596802398,1,
0.441536077148269,0.711130587204207,0.272202309836718,0.313592012707057,0.290282288283787,0,
0.237472016531772,0.12760736196319,0.660892074870569,0.54163830270025,0.229328003997002,1,
0.310487342862063,0.307449605609115,0.491039426523298,0.670524166099387,0.566575068698476,1,
0.34871706561047,0.369149868536372,0.553166069295101,0.0515089630133878,0.32075943042718,0,
0.456345789564319,0.32988606485539,0.62405416168857,0.694803721352394,0.694229328003997,1,
0.334423971069399,0.383172655565294,0.812823576264436,0.202632176083504,0.32075943042718,0,
0.835887721715171,0.339526730937774,0.333333333333333,0.340594508736102,0.308518611041719,0,
0.544515240227312,0.46555652936021,0.427120669056153,0.336283185840708,0.348738446165376,0,
0.36214913035991,0.412445223488168,0.60294703305456,0.769230769230769,0.701723707219585,1,
0.33976235577751,0.580017528483786,0.570290720828355,0.487406398910824,0.21808643517362,0,
0.402789736524884,0.738124452234882,0.536439665471923,0.273201724529158,0.285036222832875,0,
0.311864990528672,0.302191060473269,0.522301871764237,0.513728159745859,0.32075943042718,1,
0.284139831238161,0.306222611744084,0.546794105933891,0.277739959155888,0.231576317761679,1,
0.406406061649733,0.529710780017528,0.560135404221426,0.418652144315861,0.358231326505121,0,
0.56655760289306,0.62524101665206,0.50457984866587,0.316088041751759,0.369972520609543,0,
0.333735147236094,0.515687992988606,0.605933890880127,0.248241434082142,0.32075943042718,0,
0.314448079903565,0.309027169149869,0.470728793309438,0.625822555026095,0.633025231076692,0,
0.761322541759945,0.346888694127958,0.343090402230187,0.344452008168822,0.334748938296278,0,
0.332529705527811,0.348466257668712,0.854241338112306,0.620376673474019,0.618286285286035,1,
0.346822800068882,0.440490797546012,0.680605336519315,0.659859314726571,0.165126155383462,1,
0.400034441191665,0.658895705521472,0.264436479490243,0.312684365781711,0.367224581563827,0,
0.37695884277596,0.744609991235758,0.269414575866189,0.416609938733833,0.280539595303522,0,
0.52040640606165,0.457668711656442,0.769613699721227,0.258679373723621,0.276042967774169,1,
0.316170139486826,0.351621384750219,0.454599761051374,0.509189925119129,0.503122658006495,0,
0.678663681763389,0.369325153374233,0.430904022301872,0.337871567960064,0.30751936047964,0,
0.370587222317892,0.657668711656442,0.626443647949024,0.514181983208532,0.32075943042718,0,
0.656276907180988,0.390534618755478,0.436877737953007,0.419559791241207,0.449412940294779,0,
0.328913380402962,0.487116564417178,0.520310633213859,0.501701837985024,0.32075943042718,0,
0.309798519028758,0.277826468010517,0.429111907606531,0.674381665532108,0.779915063702223,0,
0.31823661098674,0.350394390885188,0.580446037435285,0.705014749262537,0.482638021483887,1,
0.337179266402618,0.725854513584575,0.271206690561529,0.304515543453597,0.282538096427679,0,
0.419838126399173,0.332515337423313,0.768618080446037,0.224642614023145,0.418186360229828,1,
0.312381608403651,0.320420683610868,0.549980087614496,0.558883594281824,0.190856857356982,1,
0.374375753401068,0.42418930762489,0.629032258064516,0.51690492398457,0.226829877591806,1,
0.42672636473222,0.414548641542507,0.543010752688172,0.286816428409349,0.279790157381964,0,
0.339590149819184,0.35863277826468,0.445240939864596,0.59950079419106,0.191356482638021,1,
0.690201480971242,0.470464504820333,0.311429709279172,0.403902881778988,0.297027229577817,0,
0.311003960737042,0.343908851884312,0.413181999203505,0.461538461538462,0.556582563077692,1,
0.720854141553298,0.325854513584575,0.409597769812824,0.378488767869299,0.338496127904072,0,
0.324091613569829,0.305872042068361,0.602349661489446,0.749943272067166,0.1541343992006,0,
0.353711038401929,0.479228746713409,0.571286340103544,0.803948264125255,0.32075943042718,1,
0.340795591527467,0.445223488168273,0.914376742333732,0.164057181756297,0.227829128153885,0,
0.369381780609609,0.401752848378615,0.772401433691756,0.576128885863399,0.648013989507869,1,
0.332357499569485,0.363891323400526,0.947033054559936,0.138643067846608,0.449662752935299,1,
0.786120199758912,0.195267309377739,0.396057347670251,0.381211708645337,0.297526854858856,0,
0.342173239194076,0.375284837861525,0.571883711668658,0.604265940549126,0.233574818885836,1,
0.338556914069227,0.785626643295355,0.26742333731581,0.457227138643068,0.576067949038221,0,
0.583261580850697,0.568098159509203,0.300278773397053,0.325164511005219,0.295528353734699,0,
0.327880144653005,0.324978089395267,0.444046196734369,0.735420921261629,0.142393205096178,1,
0.684518684346478,0.353549517966696,0.385702907208284,0.382119355570683,0.338745940544592,0,
0.932667470294472,0.329009640666082,0.41636798088411,0.461765373269798,0.290282288283787,0,
0.712416049595316,0.411042944785276,0.307048984468339,0.400045382346267,0.370721958531102,0,
0.461339762355777,0.5034180543383,0.659697331740342,0.489448604492852,0.606545091181614,1,
0.732736352677803,0.190184049079755,0.40442054958184,0.401406852734286,0.297027229577817,0,
0.32495264336146,0.468536371603856,0.71963361210673,0.512820512820513,0.32075943042718,0,
0.603065266058206,0.382471516213848,0.632417363600159,0.551849330610393,0.451911066699975,0,
0.440847253314965,0.699035933391762,0.283950617283951,0.317903335602451,0.288033974519111,0,
0.325297055278113,0.437510955302366,0.645758661887694,0.266621284320399,0.32075943042718,0,
0.481660065438264,0.598422436459246,0.2536837913182,0.404129793510324,0.381963527354484,0,
0.335112794902704,0.352322524101665,0.858622062923138,0.181529385069208,0.414688983262553,0,
0.31823661098674,0.492024539877301,0.690760653126244,0.529838892670751,0.32075943042718,0,
0.436369898398485,0.711130587204207,0.273397052966945,0.315634218289086,0.290032475643268,0,
0.419493714482521,0.705872042068361,0.266228594185583,0.416609938733833,0.265800649512865,0,
0.35319442052695,0.370201577563541,0.568100358422939,0.765373269798049,0.32075943042718,1,
0.788531083175478,0.30692375109553,0.341696535244922,0.376900385749943,0.307019735198601,0,
0.331496469777854,0.296231375985977,0.509956192751892,0.728613569321534,0.0784411691231576,1,
0.369898398484588,0.598071866783523,0.282755874153724,0.320399364647152,0.298276292780415,0,
0.788531083175478,0.292375109553024,0.417562724014337,0.392330383480826,0.301773669747689,0,
0.761839159634923,0.284662576687117,0.401234567901235,0.409121851599728,0.299775168623532,0,
0.315309109695195,0.317090271691499,0.458980485862206,0.566598593147266,0.545340994254309,0,
0.32271396590322,0.35863277826468,0.580246913580247,0.709552983889267,0.175618286285286,1,
0.319269846736697,0.300613496932515,0.473516527279968,0.847288404810529,0.113664751436423,0,
0.589288789392113,0.323225241016652,0.821983273596177,0.225777172679828,0.266300274793905,0,
0.315825727570174,0.313584574934268,0.537634408602151,0.641933287950987,0.646015488383712,1,
0.426898570690546,0.525503943908852,0.612504978096376,0.505786249149081,0.467399450412191,1,
0.678319269846737,0.400525854513585,0.333731581043409,0.387111413660086,0.343992005995503,0,
0.433270191148614,0.625591586327783,0.297092791716448,0.320172452915816,0.290781913564826,0,
0.395729292233511,0.510078878177038,0.29231381919554,0.324256864079873,0.302023482388209,0,
0.338384708110901,0.526730937773883,0.523496614894464,0.432266848196052,0.360229827629278,0,
0.450835198897882,0.36546888694128,0.330943847072879,0.375765827093261,0.309767674244317,0,
0.647322197348028,0.51954425942156,0.511549183592194,0.320399364647152,0.359980014988758,0,
0.368865162734631,0.660122699386503,0.272799681401832,0.307465395960971,0.291531351486385,0,
0.322369553986568,0.357756354075372,0.468538430904022,0.438847288404811,0.545590806894829,1,
0.271913208197004,0.419106047326906,0.926523297491039,0.177671885636487,0.32075943042718,0,
0.759083864301705,0.327256792287467,0.33452807646356,0.339686861810756,0.355483387459405,0,
0.355088686068538,0.731814198071867,0.243329350856233,0.468345813478557,0.494129402947789,0,
0.412088858274496,0.581419807186678,0.301274392672242,0.399364647152258,0.292280789407944,0,
0.495780954021009,0.465381244522349,0.317005177220231,0.337644656228727,0.304771421433925,0,
0.833304632340279,0.356003505696757,0.41178813221824,0.566371681415929,0.264051961029228,0,
0.463578439814018,0.606485539000876,0.304460374352847,0.324256864079873,0.293280039970022,0,
0.714654727053556,0.445048203330412,0.330744723217841,0.340367597004765,0.341244066949788,0,
0.420354744274152,0.731113058720421,0.54958183990442,0.474926253687316,0.471146640019985,0,
0.446357843981402,0.501489921121823,0.305854241338112,0.331971862945314,0.303522358231327,0,
0.32271396590322,0.312007011393514,0.556152927120669,0.744724302246426,0.170622033474894,0,
0.385396934733942,0.378790534618756,0.835125448028674,0.195371000680735,0.503122658006495,1,
0.374203547442741,0.738825591586328,0.273795300677021,0.308373042886317,0.281289033225081,0,
0.599621146891682,0.370376862401402,0.332935085623258,0.384842296346721,0.340994254309268,0,
0.548820389185466,0.504995617879053,0.510155316606929,0.427955525300658,0.404946290282288,0,
0.388668847942139,0.669763365468887,0.278773397052967,0.428863172226004,0.616787409442918,0,
0.337179266402618,0.2988606485539,0.58641975308642,0.668255048786022,0.124906320259805,1,
0.30704322369554,0.283610867659947,0.420350457984867,0.481279782164738,0.32075943042718,0,
0.345445152402273,0.336546888694128,0.597371565113501,0.541411390968913,0.571821134149388,1,
0.918202169795075,0.36091148115688,0.330545599362804,0.340140685273429,0.306769922558081,0,
0.39262958498364,0.787554776511832,0.240143369175627,0.446335375538915,0.277541843617287,0,
0.413983123816084,0.40578439964943,0.699123855037833,0.694576809621057,0.0409692730452161,1,
0.403822972274841,0.339000876424189,0.697729988052569,0.555479918311777,0.597052210841869,1,
0.453246082314448,0.635758106923751,0.265432098765432,0.312911277513047,0.32075943042718,0,
0.400206647149991,0.45749342681858,0.616487455197133,0.538007714998865,0.665500874344242,1,
0.489237127604615,0.36091148115688,0.393070489844683,0.378715679600635,0.342992755433425,0,
0.352505596693646,0.654688869412796,0.487256073277579,0.437485818016791,0.243067699225581,0,
0.376614430859308,0.740403155127082,0.252887295898049,0.487406398910824,0.528353734698976,1,
0.411572240399518,0.338825591586328,0.709279171644763,0.654867256637168,0.465400949288034,1,
0.328396762527983,0.360385626643295,0.57447232178415,0.687315634218289,0.203597302023482,0,
0.372825899776132,0.427344434706398,0.527678215850259,0.639664170637622,0.183362478141394,1,
0.382469433442397,0.749167397020158,0.559936280366388,0.459723167687769,0.32075943042718,0,
0.323919407611503,0.42524101665206,0.524293110314616,0.631722260040844,0.32075943042718,0,
0.352161184776993,0.738299737072743,0.233373158104341,0.498978897208986,0.599800149887584,0,
0.394523850525228,0.65977212971078,0.566109119872561,0.270932607215793,0.277292030976767,0,
0.321852936111589,0.302191060473269,0.498008761449622,0.73405945087361,0.158131401448913,0,
0.670914413638712,0.279754601226994,0.465153325368379,0.776491944633537,0.188858356232825,0,
0.570173928017909,0.61384750219106,0.584826762246117,0.48309507601543,0.282538096427679,0,
0.389874289650422,0.818755477651183,0.242333731581043,0.529158157476742,0.253310017486885,0,
0.819011537799208,0.314811568799299,0.595181202708084,0.295439074200136,0.294529103172621,0,
0.707077664887205,0.193865030674847,0.406013540422143,0.403675970047651,0.304021983512366,0,
0.361632512484932,0.406836108676599,0.835523695738749,0.212843203993646,0.228578566075443,0,
0.410883416566213,0.419982471516214,0.598168060533652,0.596777853415022,0.780414688983262,1,
0.475977268813501,0.0552147239263804,0.254281162883313,0.721579305650102,0.175118661004247,0,
0.493370070604443,0.390885188431201,0.693747510951812,0.505786249149081,0.254808893330003,1,
0.53607714826933,0.72532865907099,0.509757068896854,0.309734513274336,0.288033974519111,0,
0.323919407611503,0.47239263803681,0.735165272799681,0.205582028590878,0.215588308768424,0,
0.347167211985535,0.59193689745837,0.687972919155715,0.514862718402541,0.249562827879091,0,
0.432753573273635,0.656792287467134,0.492035045798487,0.466757431359201,0.556082937796653,0,
0.516962286895126,0.553198948290973,0.28673835125448,0.32834127524393,0.295278541094179,0,
0.471672119855347,0.674496056091148,0.286340103544405,0.323349217154527,0.294029477891581,0,
0.483382125021526,0.52760736196319,0.564516129032258,0.476968459269344,0.399700224831376,0,
0.311003960737042,0.260297984224365,0.383114297092792,0.482868164284094,0.152885335998002,1,
0.517995522645084,0.64487291849255,0.619673436877738,0.285001134558657,0.28853359980015,1,
0.312898226278629,0.330236634531113,0.510752688172043,0.0769230769230769,0.32075943042718,1,
0.312209402445325,0.31498685363716,0.533452807646356,0.494213750850919,0.123657257057207,1,
0.334251765111073,0.322173531989483,0.49542015133413,0.874290900839573,0.106170372220834,0,
0.373686929567763,0.473269062226117,0.787335722819594,0.645563875652371,0.1668748438671,1,
0.523161701394868,0.505170902716915,0.461768219832736,0.476060812343998,0.580064951286535,0,
0.183915963492337,0.0781770376862401,0.170649143767423,0.161788064442932,0.199350487134649,1,
0.431375925607026,0.69535495179667,0.521306252489048,0.308146131154981,0.353235073694729,0,
0.668503530222146,0.405609114811569,0.330346475507766,0.389380530973451,0.347239570322258,0,
0.310831754778715,0.319368974583699,0.603146156909598,0.885409575675062,0.32075943042718,0,
0.35457206819356,0.426292725679229,0.838908801274393,0.209439528023599,0.557332000999251,1,
0.368176338901326,0.781419807186678,0.259259259259259,0.432266848196052,0.510617037222083,0,
0.355605303943516,0.470289219982471,0.55515730784548,0.490583163149535,0.415938046465151,1,
0.307732047528844,0.307099035933392,0.582437275985663,0.793510324483776,0.32075943042718,0,
0.735491648011021,0.191411042944785,0.402827558741537,0.389834354436124,0.287784161878591,0,
0.518512140520062,0.597020157756354,0.276782158502589,0.404356705241661,0.257806645016238,0,
0.32495264336146,0.315687992988606,0.472122660294703,0.584751531654186,0.32075943042718,1,
0.35991045290167,0.782120946538124,0.247112704101951,0.462219196732471,0.486635023732201,0,
0.62751851214052,0.156529360210342,0.334129828753485,0.340821420467438,0.306769922558081,0,
0.302221456862407,0.268536371603856,0.402827558741537,0.469026548672566,0.659505370971771,0,
0.368865162734631,0.323751095530237,0.57626443647949,0.836396641706376,0.32075943042718,1,
0.393318408816945,0.77703768624014,0.279171644763043,0.427274790106649,0.532600549587809,0,
0.312553814361977,0.298334794040315,0.459776981282358,0.754027683231223,0.32075943042718,0,
0.904597899087308,0.183347940403155,0.396853843090402,0.341502155661448,0.336247814139395,0,
0.351644566902015,0.614022787028922,0.295499800876145,0.425459496255956,0.290282288283787,0,
0.316342345445152,0.357756354075372,0.631819992035046,0.57930565010211,0.163377466899825,1,
