540,5,2,
0.405545031858102,0.417353198948291,0.636200716845878,0.194463353755389,0.76292780414689,1,
0.311864990528672,0.28501314636284,0.443448825169255,0.51622418879056,0.32075943042718,0,
0.372998105734458,0.632077125328659,0.726403823178017,0.535284774222827,0.257556832375718,0,
0.493886688479421,0.610517090271692,0.305455993628037,0.331064216019968,0.347989008243817,0,
0.39262958498364,0.54022787028922,0.579450418160096,0.434535965509417,0.32075943042718,0,
0.356638539693473,0.639964943032428,0.272202309836718,0.320626276378489,0.300024981264052,0,
0.323747201653177,0.379141104294479,0.766029470330546,0.598366235534377,0.32075943042718,0,
0.608059238849664,0.714811568799299,0.288928713659896,0.320399364647152,0.296027979015738,0,
0.498536249354228,0.0858895705521472,0.310035842293907,0.39142273655548,0.299275543342493,0,
0.333735147236094,0.315863277826468,0.608323377140581,0.73020195144089,0.516862353235074,0,
0.353022214568624,0.335144609991236,0.543608124253286,0.855230315407307,0.728453659755184,1,
0.441019459273291,0.550043821209465,0.305057745917961,0.406852734286363,0.256807394454159,0,
0.308076459445497,0.340578439964943,0.651931501393867,0.714771953710007,0.32075943042718,0,
0.36128810056828,0.503768624014023,0.60752688172043,0.464488314045836,0.253809642767924,0,
0.342173239194076,0.325679228746713,0.501592990840303,0.786022237349671,0.32075943042718,1,
0.425693128982263,0.757581069237511,0.551174830744723,0.285908781484003,0.37172120909318,0,
0.30928190115378,0.308501314636284,0.488649940262843,0.834354436124348,0.0969273045216088,1,
0.340278973652488,0.426643295354952,0.806849860613301,0.626503290220104,0.32075943042718,0,
0.311003960737042,0.367922874671341,0.428116288331342,0.615157703653279,0.562827879090682,1,
0.335973824694334,0.419631901840491,0.451214655515731,0.465849784433855,0.431676242817887,0,
0.469433442397107,0.615600350569676,0.255675029868578,0.405491263898344,0.383712215838121,0,
0.3903909075254,0.38387379491674,0.757068896853843,0.246199228500113,0.424681488883337,1,
0.351816772860341,0.531989482909728,0.482875348466746,0.41547538007715,0.355233574818886,0,
0.717926640261753,0.288694127957932,0.385503783353246,0.377354209212616,0.336497626779915,0,
0.514379197520234,0.590008764241893,0.278375149342891,0.250737463126844,0.626030477142143,0,
0.638884105390046,0.420157756354075,0.434488251692553,0.339459950079419,0.308018985760679,0,
0.406750473566385,0.383698510078878,0.634010354440462,0.546403449058316,0.12190856857357,1,
0.495264336146031,0.596143733567046,0.296097172441258,0.416383027002496,0.287034723957032,0,
0.795247115550198,0.406836108676599,0.511350059737157,0.325164511005219,0.30102423182613,0,
0.479765799896676,0.436459246275197,0.30884109916368,0.331971862945314,0.305770671996003,0,
0.385569140692268,0.32988606485539,0.770609318996416,0.641706376219651,0.709967524356732,1,
0.330979851902876,0.499211218229623,0.626045400238949,0.242114817336056,0.32075943042718,0,
0.473738591355261,0.59421560035057,0.277976901632816,0.411164057181756,0.287784161878591,0,
0.323919407611503,0.32182296231376,0.512345679012346,0.805763557975947,0.32075943042718,0,
0.401928706733253,0.767221735319895,0.245519713261649,0.557522123893805,0.238571071696228,0,
0.391940761150336,0.329184925503944,0.753285543608124,0.622645790787384,0.71796152885336,1,
0.321852936111589,0.485188431200701,0.615292712066906,0.48241434082142,0.267299525355983,0,
0.457034613397624,0.485714285714286,0.683193946634807,0.521216246879964,0.492880339745191,1,
0.340795591527467,0.477125328659071,0.957387495021904,0.188109825277967,0.32075943042718,0,
0.170139486826244,0.31726555652936,0.396057347670251,0.392330383480826,0.300274793904572,0,
0.436714310315137,0.708851884312007,0.665870171246515,0.276151577036533,0.277541843617287,1,
0.847425520923024,0.32182296231376,0.332935085623258,0.395053324256864,0.305770671996003,0,
0.330463234027897,0.331113058720421,0.480485862206292,0.673474018606762,0.32075943042718,1,
0.35457206819356,0.417879053461876,0.835125448028674,0.181529385069208,0.222583062702973,0,
0.357843981401756,0.537072743207713,0.577658303464755,0.257771726798275,0.32075943042718,0,
0.528844498019631,0.401752848378615,0.512544802867383,0.503517131835716,0.401948538596053,1,
0.488031685896332,0.387204206836109,0.334727200318598,0.374631268436578,0.340244816387709,0,
0.521956259686585,0.483085013146363,0.494822779769016,0.726117540276832,0.204096927304522,0,
0.382813845359049,0.585276073619632,0.483273596176822,0.442931699568868,0.2433175118661,0,
0.473566385396935,0.580017528483786,0.485065710872162,0.708418425232584,0.23107669248064,0,
0.355088686068538,0.523926380368098,0.830943847072879,0.214431586113002,0.32075943042718,0,
0.273118649905287,0.145486415425066,0.193548387096774,0.173133651009757,0.206095428428678,1,
0.572584811434476,0.519368974583699,0.440461967343688,0.32834127524393,0.351986010492131,0,
0.525572584811434,0.692725679228747,0.556551174830745,0.312230542319038,0.290781913564826,1,
0.390218701567074,0.751796669588081,0.238749502190362,0.446789199001588,0.27554334249313,0,
0.317375581195109,0.264855390008764,0.536041417761848,0.246199228500113,0.116662503122658,1,
0.312898226278629,0.280981595092025,0.47331740342493,0.674381665532108,0.594304271796153,0,
0.330979851902876,0.350394390885188,0.236160892074871,0.90832766054005,0.0582063452410692,1,
0.39262958498364,0.32760736196319,0.66726403823178,0.547991831177672,0.440169872595553,1,
0.388841053900465,0.788255915863278,0.221425726802071,0.294985250737463,0.369972520609543,0,
0.378680902359222,0.610517090271692,0.69852648347272,0.225323349217155,0.32075943042718,0,
0.389702083692096,0.853812445223488,0.222222222222222,0.462219196732471,0.441668748438671,0,
0.627174100223868,0.339000876424189,0.390282755874154,0.404810528704334,0.286035473394954,0,
0.305148958153952,0.279053461875548,0.434488251692553,0.587247560698888,0.32075943042718,0,
0.460995350439125,0.677125328659071,0.256272401433692,0.594962559564329,0.248813389957532,0,
0.33976235577751,0.7034180543383,0.279171644763043,0.4642614023145,0.687984011991007,0,
0.304115722403995,0.282383873794917,0.433293508562326,0.228500113455866,0.854359230577067,0,
0.464095057688996,0.556178790534619,0.5221027479092,0.705922396187883,0.20534599050712,1,
0.399862235233339,0.773707274320771,0.212066905615293,0.301565690946222,0.28203847114664,0,
0.341828827277424,0.370376862401402,0.552767821585026,0.268209666439755,0.32075943042718,1,
0.799724470466678,0.427344434706398,0.436678614097969,0.417290673927842,0.39770172370722,0,
0.628035130015498,0.406134969325153,0.399044205495818,0.390515089630134,0.354484136897327,0,
0.313242638195282,0.374057843996494,0.620669056152927,0.758565917857953,0.32075943042718,0,
0.627690718098846,0.446625766871166,0.599761051373955,0.601769911504425,0.249562827879091,0,
0.476149474771827,0.628571428571429,0.266228594185583,0.415929203539823,0.406195353484886,0,
0.325641467194765,0.301840490797546,0.491039426523298,0.482187429090084,0.32075943042718,0,
0.461167556397451,0.375635407537248,0.746714456391876,0.224642614023145,0.567824131901074,1,
0.309626313070432,0.291323400525854,0.46415770609319,0.694122986158384,0.32075943042718,0,
0.348372653693818,0.444347063978966,0.875348466746316,0.199455411844792,0.212590557082188,0,
0.553642156018598,0.423838737949167,0.33273596176822,0.342409802586794,0.337746689982513,0,
0.360943688651627,0.351095530236635,0.969135802469136,0.233038348082596,0.449163127654259,1,
0.877044945755123,0.298685363716039,0.340900039824771,0.341275243930111,0.307019735198601,0,
0.696056483554331,0.548992112182296,0.297291915571485,0.601089176310415,0.251811141643767,0,
0.342517651110728,0.449079754601227,0.867980884109916,0.208758792829589,0.231326505121159,0,
0.352333390735319,0.3977212971078,0.704101951413779,0.562287270251872,0.458656007994005,0,
0.338040296194248,0.392638036809816,0.881322182397451,0.20285908781484,0.236572570572071,0,
0.341484415360771,0.422787028921998,0.900637196336121,0.18788291354663,0.219585311016737,0,
0.388668847942139,0.337072743207713,0.681800079649542,0.631949171772181,0.491381463902073,1,
0.46168417427243,0.630148992112182,0.295898048586221,0.401633764465623,0.280539595303522,0,
0.273979679696918,0.420333041191937,0.75089605734767,0.217381438620377,0.223082687984012,0,
0.358705011193387,0.61840490797546,0.699721226602947,0.526435216700703,0.234074444166875,0,
0.344067504735664,0.524627519719544,0.660892074870569,0.692534604039029,0.169123157631776,1,
0.311348372653694,0.364592462751972,0.44305057745918,0.522804628999319,0.643767174619036,0,
0.453762700189426,0.700788781770377,0.242532855436081,0.315407306557749,0.518860854359231,0,
0.355777509901843,0.494478527607362,0.611509358821187,0.265032902201044,0.275293529852611,0,
0.477182710521784,0.397020157756354,0.516129032258065,0.437258906285455,0.375718211341494,0,
0.421732391940761,0.679228746713409,0.471127041019514,0.665759019741321,0.238071446415189,0,
0.315136903736869,0.301665205959684,0.463958582238152,0.775584297708192,0.566824881338996,0,
0.35991045290167,0.45170902716915,0.684189565909996,0.51622418879056,0.207094678990757,0,
0.699845014637506,0.363540753724803,0.426921545201115,0.341048332198775,0.337746689982513,0,
0.805062855174789,0.335144609991236,0.337714058144166,0.378261856137962,0.308268798401199,0,
0.329774410194593,0.33567046450482,0.482875348466746,0.513047424551849,0.32075943042718,0,
0.344584122610642,0.409815950920245,0.844086021505376,0.200816882232811,0.415438421184112,0,
0.319269846736697,0.325854513584575,0.548187972919156,0.737236215112321,0.185360979265551,0,
0.425865334940589,0.609815950920245,0.235762644364795,0.303380984796914,0.366974768923308,0,
0.418977096607543,0.735144609991236,0.260254878534448,0.290900839573406,0.549337996502623,0,
0.813673153091097,0.184750219106047,0.396853843090402,0.42001361470388,0.297027229577817,0,
0.525400378853108,0.667484662576687,0.570888092393469,0.488540957567506,0.275043717212091,0,
0.352333390735319,0.546187554776512,0.488251692552768,0.419559791241207,0.354983762178366,0,
0.308593077320475,0.297808939526731,0.454201513341298,0.490129339686862,0.32075943042718,1,
0.321852936111589,0.320245398773006,0.65531660692951,0.585886090310869,0.066699975018736,0,
0.340451179610815,0.514285714285714,0.574074074074074,0.457680962105741,0.400699475393455,0,
0.762183571551576,0.401928133216477,0.455993628036639,0.461992285001135,0.377716712465651,0,
0.340623385569141,0.431375985977213,0.788331342094783,0.548899478103018,0.571821134149388,1,
0.473738591355261,0.714285714285714,0.27937076861808,0.427047878375312,0.475393454908818,0,
0.499225073187532,0.446976336546889,0.817801672640382,0.252325845246199,0.274793904571571,0,
0.35991045290167,0.485889570552147,0.950219036240542,0.193555706830043,0.242568073944542,0,
0.368692956776304,0.555477651183173,0.299084030266826,0.410710233719083,0.296777416937297,0,
0.490959187187877,0.495179666958808,0.315611310234966,0.335148627184025,0.342243317511866,0,
0.349061477527122,0.458895705521472,0.592393468737555,0.481506693896074,0.191606295278541,0,
0.370587222317892,0.622787028921998,0.29231381919554,0.322214658497844,0.296777416937297,0,
0.33166867573618,0.37931638913234,0.922540820390283,0.172906739278421,0.222832875343492,1,
0.334596177027725,0.410867659947415,0.799283154121864,0.174041297935103,0.32075943042718,0,
0.378853108317548,0.320420683610868,0.648944643568299,0.810074880871341,0.139895078690982,0,
0.61270879972447,0.609290096406661,0.301672640382318,0.42001361470388,0.505121159130652,0,
0.716893404511796,0.411218229623138,0.333731581043409,0.384388472884048,0.340744441668748,0,
0.710693990012054,0.276950043821209,0.465352449223417,0.640571817562968,0.222583062702973,0,
0.40072326502497,0.826643295354952,0.268418956591,0.301792602677558,0.413689732700475,0,
0.385224728775616,0.303593339176161,0.68379131819992,0.513274336283186,0.494129402947789,1,
0.358532805235061,0.355477651183173,0.754480286738351,0.737463126843658,0.70522108418686,1,
0.353366626485276,0.327432077125329,0.795101553166069,0.538007714998865,0.413439920059955,1,
0.358877217151713,0.554250657318142,0.512544802867383,0.434535965509417,0.280539595303522,0,
0.271052178405373,0.442944785276074,0.663281561131023,0.235080553664624,0.32075943042718,0,
0.581539521267436,0.547239263803681,0.287534846674632,0.297708191513501,0.552835373469898,0,
0.341140003444119,0.530411919368975,0.495021903624054,0.419105967778534,0.292030976767424,0,
0.354055450318581,0.381069237510955,0,0.253460403902882,0.247314514114414,0,
0.463750645772344,0.443120070113935,0.760852250099562,0.533015656909462,0.427679240569573,1,
0.436369898398485,0.297808939526731,0.605137395459976,0.802813705468573,0.596802398201349,1,
0.424143275357327,0.526555652936021,0.287136598964556,0.326979804855911,0.347239570322258,0,
0.643878078181505,0.447502191060473,0.46415770609319,0.438166553210801,0.287034723957032,0,
0.338901325985879,0.605609114811569,0.720230983671844,0.219423644202405,0.253559830127404,0,
0.355777509901843,0.459070990359334,0.540223018717642,0.544588155207624,0.431676242817887,1,
0.397623557775099,0.541980718667835,0.601553166069295,0.564102564102564,0.631776167874094,0,
0.672119855346995,0.298685363716039,0.344285145360414,0.373950533242569,0.332750437172121,0,
0.326846908903048,0.344609991235758,0.567901234567901,0.511005218969821,0.648513614788908,1,
0.658859996555881,0.51498685363716,0.565909996017523,0.290673927842069,0.289283037721709,0,
0.346822800068882,0.349167397020158,0.434886499402628,0.610846380757885,0.485385960529603,1,
0.357843981401756,0.618755477651183,0.677021107128634,0.53641933287951,0.235823132650512,0,
0.341484415360771,0.599474145486415,0.586220629231382,0.488087134104833,0.208843367474394,0,
0.814017565007749,0.177388255915863,0.395659099960175,0.334014068527343,0.292530602048464,0,
0.282762183571552,1,0.26742333731581,0.301338779214885,0.280039970022483,0,
0.33080764594455,0.364767747589833,0.562325766626842,0.638983435443612,0.32075943042718,1,
0.366970897193043,0.69307624890447,0.74173636001593,0.252325845246199,0.272295778166375,1,
0.267435853280523,0.180543382997371,0.269812823576264,0.632176083503517,0.32075943042718,1,
0.365593249526434,0.339000876424189,0.716248506571087,0.584070796460177,0.764676492630527,1,
0.522817289478216,0.418580192813322,0.609518120270808,0.610619469026549,0.491381463902073,0,
0.368004132943,0.57125328659071,0.594583831142971,0.49217154526889,0.248313764676493,0,
0.653349405889444,0.501665205959684,0.512345679012346,0.319037894259133,0.357232075943043,0,
0.365248837609781,0.511130587204207,0.478096375945838,0.307465395960971,0.292530602048464,0,
0.771999311176167,0.28501314636284,0.343488649940263,0.378034944406626,0.305520859355483,0,
0.32856896848631,0.303768624014023,0.487455197132616,0.745405037440436,0.713464901324007,1,
0.534871706561047,0.627519719544259,0.25647152528873,0.313138189244384,0.345740694479141,0,
0.329946616152919,0.36091148115688,0.516328156113102,0.744043567052417,0.531351486385211,1,
0.340795591527467,0.561963190184049,0.73257666268419,0.223281143635126,0.32075943042718,0,
0.626140864473911,0.330236634531113,0.341696535244922,0.390515089630134,0.26929802648014,0,
0.345617358360599,0.320070113935145,0.631819992035046,0.712049012933969,0.765176117911566,1,
0.77992078525917,0.494127957931639,0.307048984468339,0.435216700703426,0.41044216837372,0,
0.38143619769244,0.57475898334794,0.602747909199522,0.280462899931926,0.277042218336248,0,
0.327535732736353,0.317791411042945,0.468140183193947,0.692988427501702,0.118411191606295,1,
0.856380230755984,0.312357581069238,0.460175228992433,0.489448604492852,0.3974519110667,0,
0.568968486309626,0.406310254163015,0.68478693747511,0.55593374177445,0.511866100424682,1,
0.368865162734631,0.68273444347064,0.532457188371167,0.465169049239846,0.252060954284287,0,
0.335973824694334,0.454864154250657,0.510155316606929,0.554572271386431,0.32075943042718,1,
0.408300327191321,0.336546888694128,0.784348864994026,0.591558883594282,0.635023732200849,1,
0.745824005510591,0.338475021910605,0.33910792512943,0.380984796914,0.305520859355483,0,
0.446013432064749,0.628921998247152,0.258064516129032,0.307919219423644,0.3592305770672,0,
0.352677802651972,0.393514460999124,0.831939466348068,0.594054912638983,0.425930552085936,0,
0.656449113139315,0.469938650306748,0.326363998407009,0.336737009303381,0.33999500374719,0,
0.341140003444119,0.333567046450482,0.48805256869773,0.28023598820059,0.568073944541594,0,
0.382297227484071,0.299211218229623,0.469534050179211,0.730655774903562,0.569822633025231,1,
0.333390735319442,0.313234005258545,0.769812823576264,0.56501021102791,0.482138396202848,0,
0.381091785775788,0.803330411919369,0.276184786937475,0.297935103244838,0.401199100674494,0,
0.38143619769244,0.755652936021034,0.205097570688969,0.438620376673474,0.270297277042218,0,
0.609436886516273,0.361437335670464,0.40442054958184,0.391195824824143,0.302023482388209,0,
0.765283278801446,0.324452234881683,0.654719235364397,0.283639664170638,0.28853359980015,0,
0.667642500430515,0.47361963190184,0.321585025886101,0.339913773542092,0.342493130152386,0,
0.309798519028758,0.370902716914987,0.197132616487455,0.762877240753347,0.170372220834374,1,
0.312553814361977,0.325153374233129,0.587017124651533,0.87973678239165,0.32075943042718,0,
0.32856896848631,0.37703768624014,0.612504978096376,0.765373269798049,0.136397701723707,1,
0.360599276734975,0.640841367221735,0.556551174830745,0.517585659178579,0.539345490881839,1,
0.332874117444464,0.383347940403155,0.858821186778176,0.1976401179941,0.457406944791406,0,
0.494575512312726,0.575635407537248,0.299283154121864,0.325618334467892,0.35273544841369,0,
0.31375925607026,0.333041191936897,0.640382317801673,0.855911050601316,0.32075943042718,0,
0.482693301188221,0.343558282208589,0.92831541218638,0.216700703426367,0.258805895578316,1,
0.542965386602376,0.609465381244522,0.250298685782557,0.317449512139778,0.294029477891581,0,
0.656965731014293,0.306397896581946,0.393667861409797,0.38620376673474,0.283537346989758,0,
0.417255037024281,0.655915863277826,0.664078056551175,0.275924665305196,0.278291281538846,0,
0.588772171517134,0.337773882559159,0.342293906810036,0.378942591331972,0.337746689982513,0,
0.349922507318753,0.432252410166521,0.614297092791716,0.545949625595643,0.32075943042718,0,
0.304287928362321,0.28273444347064,0.448227797690163,0.255729521216247,0.32075943042718,0,
0.374031341484415,0.827519719544259,0.259856630824373,0.500567279328341,0.271046714963777,0,
0.366798691234717,0.68624014022787,0.634010354440462,0.274336283185841,0.272045965525856,0,
0.345272946443947,0.442944785276074,0.697331740342493,0.673247106875425,0.32075943042718,1,
0.336490442569313,0.787028921998247,0.263440860215054,0.642160199682324,0.226829877591806,0,
0.360599276734975,0.4022787028922,0.823178016726404,0.612434762877241,0.465650761928554,0,
0.579645255725848,0.560736196319018,0.303863002787734,0.39596097118221,0.349737696727454,0,
0.436025486481832,0.716213847502191,0.27299880525687,0.316995688677105,0.28828378715963,0,
0.446013432064749,0.628396143733567,0.268418956591,0.3238030406172,0.376717461903572,0,
0.85569140692268,0.34022787028922,0.565113500597372,0.313138189244384,0.298026480139895,0,
0.364732219734803,0.334268185801928,0.706093189964158,0.610165645563876,0.126904821383962,1,
0.37472016531772,0.674320771253287,0.557745917960972,0.286816428409349,0.277541843617287,0,
0.809195798174617,0.315512708150745,0.338311429709279,0.342409802586794,0.308768423682238,0,
0.701567074220768,0.41384750219106,0.413978494623656,0.40117994100295,0.370721958531102,0,
0.527294644394696,0.460473269062226,0.459776981282358,0.446108463807579,0.251811141643767,0,
0.412949888066127,0.654513584574934,0.716646754281163,0.528704334014069,0.264801398950787,1,
0.320647494403306,0.343382997370727,0.511549183592194,0.659859314726571,0.161378965775668,1,
0.637678663681763,0.407361963190184,0.333134209478295,0.385296119809394,0.305021234074444,0,
0.659721026347512,0.450832602979842,0.45221027479092,0.460857726344452,0.484636522608044,0,
0.314448079903565,0.36091148115688,0.795101553166069,0.556614476968459,0.234324256807394,0,
0.261064232822456,0.317616126205083,0.229390681003584,0.13592012707057,0.32075943042718,1,
0.542965386602376,0.331113058720421,0.399044205495818,0.392330383480826,0.302772920309768,0,
0.33080764594455,0.339351446099912,0.489446435682995,0.519854776491945,0.32075943042718,0,
0.42311003960737,0.513935144609991,0.469534050179211,0.412298615838439,0.296027979015738,0,
0.395557086275185,0.431200701139351,0.740541616885703,0.22237349670978,0.26305271046715,1,
0.352850008610298,0.347063978965819,0.850457984866587,0.19310188336737,0.418935798151386,0,
0.330291028069571,0.483610867659947,0.634010354440462,0.266167460857726,0.404946290282288,0,
0.438264163940072,0.524802804557406,0.251294305057746,0.310869071931019,0.32075943042718,0,
0.426381952815567,0.518843120070114,0.662485065710872,0.525073746312684,0.475393454908818,1,
0.310315136903737,0.329184925503944,0.466746316208682,0.21715452688904,1,0,
0.390563113483726,0.669938650306748,0.662883313420948,0.248695257544815,0.32075943042718,0,
0.336834854485965,0.290446976336547,0.486459577857427,0.878375312003631,0.136897327004746,0,
0.703289133804029,0.367747589833479,0.43747510951812,0.331971862945314,0.308018985760679,0,
0.361115894609953,0.401928133216477,0.787335722819594,0.627184025414114,0.454409193105171,0,
0.322886171861546,0.451183172655565,0.650139386698526,0.46811890174722,0.274793904571571,0,
0.344584122610642,0.598948290972831,0.557347670250896,0.555479918311777,0.211091681239071,0,
0.316170139486826,0.312883435582822,0.452409398645958,0.243022464261402,0.60929303022733,1,
0.40520061994145,0.672743207712533,0.285742731979291,0.41479464488314,0.254309268048963,0,
0.310659548820389,0.331638913234005,0.592592592592593,0.567052416609939,0.199100674494129,1,
0.317719993111762,0.29079754601227,0.455993628036639,0.178579532561833,0.32075943042718,0,
0.3903909075254,0.0872918492550394,0.590402230187176,0.230769230769231,0.32075943042718,0,
0.386430170483899,0.354951796669588,0.776782158502589,0.249149081007488,0.491881089183113,1,
0.323574995694851,0.369500438212095,0.855436081242533,0.180167914681189,0.704721458905821,1,
0.321680730153263,0.318492550394391,0.470927917164476,0.770819151350125,0.145890582063452,1,
0.33304632340279,0.547063978965819,0.783751493428913,0.188790560471976,0.249562827879091,0,
0.349061477527122,0.635758106923751,0.248705694942254,0.43430905377808,0.273295028728454,0,
0.327880144653005,0.30464504820333,0.493229788928714,0.705695484456546,0.783912065950537,1,
0.542965386602376,0.331113058720421,0.399044205495818,0.392330383480826,0.302523107669248,0,
0.386257964525573,0.32182296231376,0.658701712465153,0.660993873383254,0.759680239820135,1,
0.47511623902187,0.619807186678352,0.555555555555556,0.276832312230542,0.284536597551836,1,
0.50111933872912,0.577388255915863,0.624850657108722,0.582482414340821,0.240069947539345,1,
0.360082658859997,0.479579316389132,0.64058144165671,0.740639891082369,0.200599550337247,1,
0.32633029102807,0.360736196319018,0.585424133811231,0.787610619469027,0.143642268298776,1,
0.482865507146547,0.686765994741455,0.287335722819594,0.311549807125028,0.353984511616288,0,
0.310315136903737,0.322699386503067,0.429908403026683,0.543226684819605,0.32075943042718,1,
0.343550886860685,0.411042944785276,0.748904818797292,0.610165645563876,0.685485885585811,1,
0.464267263647322,0.423488168273444,0.424133811230585,0.398910823689585,0.29502872845366,0,
0.355949715860169,0.518667835232252,0.652727996814018,0.486271840254141,0.22408193854609,1,
0.357499569485104,0.465731814198072,0.769812823576264,0.544361243476288,0.562827879090682,1,
0.507318753228862,0.430499561787905,0.754082039028276,0.487860222373497,0.393454908818386,0,
0.33166867573618,0.398948290972831,0.552966945440064,0.495575221238938,0.32075943042718,1,
0.404856208024798,0.707099035933392,0.541019514137794,0.563648740639891,0.240569572820385,1,
0.325813673153091,0.512708150744961,0.515929908403027,0.431132289539369,0.363227579315513,0,
0.345272946443947,0.518667835232252,0.295698924731183,0.32902201043794,0.298775918061454,0,
0.373342517651111,0.595617879053462,0.260254878534448,0.313818924438393,0.293779665251062,0,
0.31152057861202,0.323225241016652,0.535444046196734,0.713864306784661,0.101174119410442,1,
0.347511623902187,0.551270815074496,0.286539227399442,0.321987746766508,0.32075943042718,0,
0.507318753228862,0.611218229623138,0.295499800876145,0.408894939868391,0.358481139145641,0,
0.407783709316342,0.611042944785276,0.286937475109518,0.3238030406172,0.349987509367974,0,
0.449285345272946,0.603155127081507,0.535045798486659,0.306557749035625,0.294279290532101,1,
0.269330118822111,0.163014899211218,0.502986857825567,0.190152030859995,0.684486635023732,1,
0.377647666609265,0.631901840490798,0.469932297889287,0.72884048105287,0.217087184611541,0,
0.378336490442569,0.38159509202454,0.77757865392274,0.590424324937599,0.493130152385711,1,
0.354744274151886,0.460648553900088,0.548387096774194,0.78738370773769,0.167124656507619,1,
0.149819183743758,0.423312883435583,0.306451612903226,0.328114363512594,0.338496127904072,0,
0.3271913208197,0.331638913234005,0.562126642771804,0.803040617199909,0.169622782912815,0,
0.638367487515068,0.407361963190184,0.333333333333333,0.385069208078058,0.336247814139395,0,
0.443774754606509,0.277300613496932,0.845280764635603,0.20739732244157,0.216837371971022,1,
0.258481143447563,0.534618755477651,0.162485065710872,0.213297027456319,0.242068448663502,0,
0.378164284484243,0.617703768624014,0.598964555953803,0.450646698434309,0.272045965525856,0,
0.627690718098846,0.446625766871166,0.599761051373955,0.601769911504425,0.249562827879091,0,
0.776132254175994,0.368624014022787,0.421146953405018,0.402087587928296,0.460904321758681,0,
0.354055450318581,0.374057843996494,0.663281561131023,0.710914454277286,0.0694479140644517,1,
0.360427070776649,0.569500438212095,0.726602947033055,0.234853641933288,0.250562078441169,0,
0.379541932150852,0.484136722173532,0.67184388689765,0.272974812797822,0.261054209342993,1,
0.475632856896849,0.513409290096407,0.695340501792115,0.228046289993193,0.270047464401699,1,
0.377819872567591,0.647502191060473,0.572481083233771,0.529158157476742,0.248063952035973,1,
0.765455484759773,0.356879929886065,0.440063719633612,0.450873610165646,0.28853359980015,0,
0.385052522817289,0.434706397896582,0.616089207487057,0.28999319264806,0.383962028478641,0,
0.480454623729981,0.578439964943032,0.28036638789327,0.401633764465623,0.292780414688983,0,
0.420354744274152,0.483435582822086,0.55794504181601,0.466076696165192,0.378965775668249,0,
0.340106767694162,0.431200701139351,0.636798088410992,0.250283639664171,0.32075943042718,0,
0.354055450318581,0.798247151621385,0.281959378733572,0.448377581120944,0.524106919810142,0,
0.349233683485449,0.36669588080631,0.777379530067702,0.544361243476288,0.233325006245316,0,
0.323747201653177,0.398071866783523,0.815013938669853,0.22237349670978,0.32075943042718,0,
0.384191493025659,0.712883435582822,0.595977698128236,0.287043340140685,0.32075943042718,0,
0.311003960737042,0.288343558282209,0.469733174034249,0.314499659632403,0.212090931801149,0,
0.404856208024798,0.697984224364593,0.560334528076464,0.489221692761516,0.263802148388708,0,
0.336318236610987,0.316914986853637,0.58641975308642,0.130247333787157,0.904571571321509,1,
0.790597554675392,0.180368098159509,0.342692154520111,0.376673474018607,0.306520109917562,0,
0.574823488892716,0.53444347063979,0.663480684986061,0.282051282051282,0.280789407944042,0,
0.281212329946616,0.182471516213848,0.246515332536838,0.766507828454731,0.149138146390207,1,
0.3791975202342,0.612795793163891,0.53126244524094,0.301338779214885,0.281289033225081,0,
0.480626829688307,0.383347940403155,0.698725607327758,0.508055366462446,0.255058705970522,1,
0.838987428965042,0.368273444347064,0.321784149741139,0.337871567960064,0.306769922558081,0,
0.408128121232995,0.556529360210342,0.306650736758264,0.328114363512594,0.302023482388209,0,
0.31823661098674,0.290271691498685,0.454400637196336,0.192648059904697,0.69897576817387,0,
0.429998277940417,0.451533742331288,0.652927120669056,0.256410256410256,0.277541843617287,1,
0.340623385569141,0.398948290972831,0.882516925527678,0.209893351486272,0.242068448663502,0,
0.140003444119167,0.401402278702892,0.277180406212664,0.3238030406172,0.301773669747689,0,
0.360082658859997,0.391235758106924,0.500199123855038,0.582709326072158,0.32075943042718,1,
0.321164112278285,0.399824715162138,0.705097570688969,0.813251645110052,0.32075943042718,0,
0.653004993972791,0.43908851884312,0.426324173636002,0.413660086226458,0.304021983512366,0,
0.519545376270019,0.376336546888694,0.673636001592991,0.731109598366236,0.195103672245816,1,
0.729981057344584,0.451183172655565,0.31063321385902,0.391876560018153,0.387959030726955,0,
0.485620802479766,0.512883435582822,0.464954201513341,0.433401406852734,0.252060954284287,0,
0.782331668675736,0.293251533742331,0.417363600159299,0.393691853868845,0.300774419185611,0,
0.434303426898571,0.716389132340053,0.288729589804859,0.321080099841162,0.289283037721709,0,
0.909247459962115,0.31954425942156,0.428116288331342,0.436805082822782,0.291031726205346,0,
0.423798863440675,0.522699386503067,0.280764635603345,0.319037894259133,0.30127404446665,0,
0.392285173066988,0.69079754601227,0.535444046196734,0.474926253687316,0.612790407194604,0,
0.547442741518857,0.386678352322524,0.423934687375548,0.405945087361017,0.297277042218336,0,
0.55088686068538,0.606134969325153,0.281561131023497,0.432039936464715,0.521358980764427,0,
0.259169967280868,0.382296231375986,0.69573874950219,0.181983208531881,0.201598800899326,1,
0.376442224900982,0.438737949167397,0.538032656312226,0.66643975493533,0.175868098925806,1,
0.339934561735836,0.795267309377739,0.262046993229789,0.452008168822328,0.529103172620535,0,
0.703461339762356,0.339000876424189,0.341099163679809,0.381892443839347,0.30751936047964,0,
0.424315481315654,0.717440841367222,0.273795300677021,0.309280689811663,0.287784161878591,0,
0.339934561735836,0.386853637160386,0.737953006770211,0.667574313592013,0.207594304271796,0,
0.258136731530911,0.42296231375986,0.526881720430108,0.267302019514409,0.370971771171621,0,
0.337351472360944,0.52760736196319,0.597570688968538,0.465169049239846,0.32075943042718,0,
0.415705183399346,0.492199824715162,0.291716447630426,0.402768323122305,0.266050462153385,0,
0.462545204064061,0.620157756354075,0.745320589406611,0.248695257544815,0.32075943042718,0,
0.337007060444291,0.301314636283961,0.516328156113102,0.577944179714091,0.517112165875593,1,
0.364387807818151,0.302541630148992,0.548785344484269,0.610165645563876,0.514364226829878,0,
0.729120027552953,0.331814198071867,0.672441258462764,0.277966870887225,0.287034723957032,0,
0.431892543482004,0.765644171779141,0.2463162086818,0.499659632402995,0.255808143892081,0,
0.678319269846737,0.191060473269062,0.445838311429709,0.710233719083277,0.207594304271796,0,
0.742896504219046,0.301314636283961,0.419553962564715,0.405491263898344,0.256807394454159,0,
0.3159979335285,0.317440841367222,0.487654320987654,0.814159292035398,0.32075943042718,0,
0.310142930945411,0.342857142857143,0.421346077260056,0.52666212843204,0.710966774918811,1,
0.318925434820045,0.324802804557406,0.529271206690561,0.554345359655094,0.569822633025231,1,
0.449629757189599,0.414022787028922,0.485065710872162,0.542092126162923,0.527354484136897,1,
0.612536593766144,0.421384750219106,0.578056551174831,0.293169956886771,0.369223082687984,0,
0.81711727225762,0.358983347940403,0.453803265631223,0.484229634672113,0.273295028728454,0,
0.332185293611159,0.428571428571429,0.727200318598168,0.232811436351259,0.32075943042718,0,
0.314620285861891,0.359509202453988,0.421146953405018,0.476741547538008,0.32075943042718,1,
0.32633029102807,0.307099035933392,0.502190362405416,0.801906058543227,0.693729702722958,1,
0.34871706561047,0.421384750219106,0.59557945041816,0.533242568640799,0.26929802648014,0,
0.315825727570174,0.302541630148992,0.467343687773795,0.677331518039483,0.32075943042718,1,
0.366626485276391,0.547063978965819,0.294902429311031,0.318130247333787,0.291031726205346,0,
0.58584467022559,0.439263803680982,0.592592592592593,0.520308599954618,0.184111916062953,1,
0.431031513690374,0.302015775635407,0.768219832735962,0.236215112321307,0.445665750686985,1,
0.356121921818495,0.617703768624014,0.580645161290323,0.50260948491037,0.245815638271297,0,
0.567246426726365,0.333917616126205,0.397650338510554,0.393464942137508,0.33949537846615,0,
0.50111933872912,0.336371603856266,0.316806053365193,0.399364647152258,0.297776667499375,0,
0.272946443946961,0.341104294478528,0.542612504978096,0.747674154753801,0.113914564076942,1,
0.633201308765283,0.473794916739702,0.302668259657507,0.412298615838439,0.297277042218336,0,
0.395384880316859,0.265381244522349,0.676821983273596,0.554572271386431,0.178616037971521,1,
0.505768899603926,0.398773006134969,0.313022700119474,0.382119355570683,0.305770671996003,0,
0.545204064060617,0.510429447852761,0.450617283950617,0.669843430905378,0.211091681239071,0,
0.327019114861374,0.328659070990359,0.802668259657507,0.21783526208305,0.401698725955533,0,
0.311692784570346,0.370552147239264,0.711270410195141,0.190605854322668,0.42917811641269,0,
0.896332013087653,0.423488168273444,0.429510155316607,0.425913319718629,0.352235823132651,0,
0.332874117444464,0.430324276950044,0.897650338510554,0.142727479010665,0.32075943042718,0,
0.407267091441364,0.590008764241893,0.265033851055356,0.316088041751759,0.290032475643268,0,
0.511623902187016,0.637686240140228,0.295898048586221,0.324256864079873,0.370971771171621,0,
0.883244360254865,0.390008764241893,0.326762246117085,0.390288177898797,0.407944041968524,0,
0.636817633890133,0.469062226117441,0.326164874551971,0.340594508736102,0.346739945041219,0,
0.385569140692268,0.347063978965819,0.76284348864994,0.499432720671659,0.508868348738446,1,
0.320647494403306,0.330411919368975,0.485463958582238,0.891309280689812,0.126655008743442,0,
0.408816945066299,0.438387379491674,0.705097570688969,0.499659632402995,0.269547839120659,0,
0.335629412777682,0.329535495179667,0.739745121465551,0.734967097798956,0.178116412690482,0,
0.347683829860513,0.437861524978089,0.553365193150139,0.774222827320172,0.12815388458656,1,
0.359738246943344,0.665030674846626,0.521306252489048,0.514862718402541,0.620534599050712,0,
0.38591355260892,0.319018404907975,0.510553564317005,0.73405945087361,0.164376717461904,1,
0.403995178233167,0.707274320771253,0.248307447232178,0.442477876106195,0.460654509118161,1,
0.321336318236611,0.335845749342682,0.479888490641179,0.830496936691627,0.128653509867599,0,
0.430859307732047,0.762313759859772,0.234169653524492,0.49217154526889,0.392455658256308,0,
0.702083692095747,0.346538124452235,0.338709677419355,0.34263671431813,0.332500624531601,0,
0.452901670397796,0.4988606485539,0.624850657108722,0.532561833446789,0.602048463652261,1,
0.425865334940589,0.855915863277826,0.231182795698925,0.302019514408895,0.285785660754434,0,
0.343034268985707,0.417703768624014,0.852648347272003,0.210800998411618,0.236322757931551,0,
0.482521095229895,0.385801928133217,0.704301075268817,0.504197867029725,0.25630776917312,1,
0.822800068882383,0.292024539877301,0.402628434886499,0.406625822555026,0.298526105420934,0,
0.38367487515068,0.525503943908852,0.710075667064914,0.599727705922396,0.261054209342993,1,
0.369553986567935,0.367397020157756,0.567901234567901,0.716360335829362,0.194853859605296,1,
0.407955915274668,0.591411042944785,0.539625647152529,0.302473337871568,0.289782663002748,0,
0.397451351816773,0.851533742331288,0.225806451612903,0.42523258452462,0.283037721708718,0,
0.573962459101085,0.433829973707274,0.451413779370769,0.288631722260041,0.639020734449163,0,
0.402445324608231,0.776336546888694,0.270410195141378,0.297481279782165,0.268298775918061,0,
0.375236783192698,0.621560035056968,0.776383910792513,0.239845700022691,0.259055708218836,0,
0.341656621319098,0.42524101665206,0.87495021903624,0.17812570909916,0.42917811641269,0,
0.356638539693473,0.401051709027169,0.866985264834727,0.199001588382119,0.226080439670247,0,
0.423971069399001,0.761787905346188,0.267025089605735,0.314726571363739,0.367474394204347,0,
0.338556914069227,0.336546888694128,0.529271206690561,0.229634672112548,0.809392955283537,0,
0.468572412605476,0.319193689745837,0.707487056949422,0.560018152938507,0.259805146140395,1,
0.341484415360771,0.469062226117441,0.469534050179211,0.312684365781711,0.291031726205346,0,
0.338384708110901,0.524627519719544,0.512943050577459,0.442704787837531,0.32075943042718,0,
0.331496469777854,0.381945661700263,0.469334926324174,0.769684592693442,0.0564576567574319,1,
0.425865334940589,0.593865030674847,0.294504181600956,0.318130247333787,0.292030976767424,0,
0.395557086275185,0.43102541630149,0.740342493030665,0.22237349670978,0.26305271046715,1,
0.533494058894438,0.446976336546889,0.428116288331342,0.407987292943045,0.295778166375219,0,
0.275012915446874,0.3954425942156,0.713859020310633,0.572725209893352,0.214838870846865,0,
0.191148613742035,0,0.2536837913182,0.2119355570683,0.32075943042718,1,
0.369553986567935,0.336021034180543,0.770808442851454,0.559337417744497,0.48713464901324,1,
0.387635612192182,0.43330411919369,0.81521306252489,0.510324483775811,0.252810392205846,0,
0.488376097812984,0.338299737072743,0.702309836718439,0.503063308373043,0.2560579565326,1,
0.807645944549681,0.286765994741455,0.332337714058144,0.319945541184479,0.28828378715963,0,
0.555192009643534,0.574057843996494,0.306849860613301,0.329929657363286,0.296527604296777,0,
0.328913380402962,0.338825591586328,0.406810035842294,0.623780349444066,0.678990756932301,1,
0.447046667814706,0.579491673970202,0.479689366786141,0.295439074200136,0.672495628278791,0,
0.343550886860685,0.436634531113059,0.926125049780964,0.208531881098253,0.32075943042718,0,
0.380230755984157,0.627344434706398,0.561728395061728,0.450192874971636,0.26904821383962,0,
0.748751506802135,0.344434706397897,0.333930704898447,0.376900385749943,0.312015988008993,0,
0.425520923023937,0.70920245398773,0.280963759458383,0.320626276378489,0.289782663002748,0,
0.41191665231617,0.660999123575811,0.257666268418957,0.313592012707057,0.32075943042718,0,
0.307387635612192,0.300438212094654,0.494623655913978,0.494894486044929,0.206844866350237,0,
0.333735147236094,0.402103418054338,0.295698924731183,0.275243930111187,0.425930552085936,0,
0.419493714482521,0.646275197195443,0.46694544006372,0.685273428636261,0.235573320009993,0,
0.339073531944205,0.296056091148116,0.494623655913978,0.872702518720218,0.144641518860854,0,
0.681074565179955,0.428396143733567,0.445440063719634,0.460403902881779,0.25655758181364,0,
0.447563285689685,0.751446099912358,0.268618080446037,0.312684365781711,0.284786410192356,0,
0.612536593766144,0.430674846625767,0.325169255276782,0.34331744951214,0.336747439420435,0,
0.509040812812123,0.648378615249781,0.588809239346874,0.285228046289993,0.28853359980015,1,
0.765455484759773,0.193339176161262,0.39705296694544,0.380757885182664,0.338995753185111,0,
0.334079559152747,0.356178790534619,0.667064914376742,0.792148854095757,0.179115663252561,0,
0.413466505941106,0.594040315512708,0.260852250099562,0.303834808259587,0.289283037721709,0,
0.54055450318581,0.585626643295355,0.257268020708881,0.320626276378489,0.29502872845366,0,
0.39848458756673,0.530061349693252,0.274990043807248,0.321760835035171,0.294529103172621,0,
0.499225073187532,0.675197195442594,0.609916367980884,0.28477422282732,0.279290532100924,1,
0.367659721026347,0.365994741454864,0.516726403823178,0.629226230996142,0.609792655508369,1,
0.355777509901843,0.305170902716915,0.540023894862604,0.797594735647833,0.174868848363727,0,
0.313587050111934,0.343908851884312,0.479291119076065,0.706830043113229,0.32075943042718,0,
0.403306354399862,0.714636283961437,0.532656312226205,0.431813024733379,0.367724206844866,0,
0.732908558636129,0.358457493426819,0.436678614097969,0.339459950079419,0.305021234074444,0,
0.470122266230412,0.478352322524102,0.642373556352051,0.26594054912639,0.599550337247065,1,
0.331840881694507,0.404031551270815,0.242731979291119,0.862037667347402,0.0689482887834124,1,
0.452212846564491,0.5011393514461,0.758064516129032,0.553891536192421,0.259805146140395,1,
0.315309109695195,0.340753724802805,0.47152528872959,0.562287270251872,0.32075943042718,0,
0.585500258308937,0.617002629272568,0.465352449223417,0.409121851599728,0.287784161878591,0,
0.395729292233511,0.613146362839614,0.496614894464357,0.434082142046744,0.370971771171621,0,
0.443085930773205,0.529535495179667,0.669653524492234,0.240753346948037,0.26904821383962,1,
0.181677286034097,0.543032427695004,0.284747112704102,0.314499659632403,0.289782663002748,0,
0.523678319269847,0.438387379491674,0.306650736758264,0.336510097572044,0.33999500374719,0,
0.413122094024453,0.621910604732691,0.707088809239347,0.249375992738825,0.268298775918061,0,
0.517478904770105,0.478702892199825,0.303066507367583,0.324256864079873,0.293529852610542,0,
0.36214913035991,0.888694127957932,0.206889685384309,0.276832312230542,0.32075943042718,0,
0.472016531771999,0.577563540753725,0.299084030266826,0.403222146584978,0.2178366225331,0,
0.457895643189254,0.396319018404908,0.731780167264038,0.219196732471069,0.561828628528604,1,
0.318064405028414,0.342156003505697,0.495619275189168,0.556160653505786,0.180364726455159,1,
0.382297227484071,0.299211218229623,0.469534050179211,0.730882686634899,0.570072445665751,1,
0.363182366109867,0.346187554776512,0.676025487853445,0.850692080780576,0.138895828128903,1,
0.793180644050284,0.368448729184925,0.417164476304261,0.398683911958248,0.383212590557082,0,
0.332357499569485,0.302366345311131,0.469135802469136,0.74903562514182,0.745191106669997,1,
0.485620802479766,0.528834355828221,0.579450418160096,0.487860222373497,0.41693729702723,0,
0.343895298777338,0.307624890446976,0.699123855037833,0.597912412071704,0.600549587809143,0,
0.564491131393146,0.622611744084137,0.264436479490243,0.407533469480372,0.29477891581314,0,
0.344756328568968,0.457142857142857,0.710075667064914,0.209212616292262,0.245316012990257,0,
0.318408816945066,0.384574934268186,0.701712465153325,0.81597458588609,0.152635523357482,0,
0.340623385569141,0.326205083260298,0.439267224213461,0.668028137054686,0.513364976267799,1,
0.411744446357844,0.688869412795793,0.265432098765432,0.279101429543907,0.613040219835124,0,
0.533149646977785,0.524978089395267,0.709876543209876,0.27501701837985,0.286285286035473,1,
0.371964869984501,0.796669588080631,0.60015929908403,0.519854776491945,0.26929802648014,1,
0.266919235405545,0.484312007011393,0.842891278375149,0.210574086680281,0.32075943042718,0,
0.384535904942311,0.624364592462752,0.550975706889685,0.471295665985931,0.32075943042718,0,
0.635267780265197,0.674320771253287,0.291517323775388,0.327660540049921,0.298276292780415,0,
0.310659548820389,0.31954425942156,0.587216248506571,0.267755842977082,0.228078940794404,0,
0.344584122610642,0.571603856266433,0.694743130227001,0.516451100521897,0.242068448663502,0,
0.358016187360083,0.357756354075372,0.541816009557945,0.723394599500794,0.624031976017987,1,
0.460650938522473,0.420157756354075,0.809239346873755,0.220331291127751,0.247314514114414,1,
0.42896504219046,0.474496056091148,0.315611310234966,0.331518039482641,0.32075943042718,0,
0.337007060444291,0.435056967572305,0.826164874551971,0.22237349670978,0.32075943042718,0,
0.431720337523678,0.61262050832603,0.505177220230984,0.549353301565691,0.465650761928554,1,
0.343723092819012,0.360560911481157,0.887096774193548,0.186067619695938,0.443917062203348,1,
0.309970724987085,0.321647677475898,0.458383114297093,0.775584297708192,0.32075943042718,1,
0.345100740485621,0.330937773882559,0.604938271604938,0.531654186521443,0.32075943042718,1,
0.267435853280523,0.476774758983348,0.676224611708483,0.235534377127297,0.32075943042718,0,
0.893576717754434,0.2988606485539,0.338709677419355,0.34331744951214,0.308518611041719,0,
0.373514723609437,0.788606485539001,0.253285543608124,0.307465395960971,0.282538096427679,0,
0.85345272946444,0.432602979842244,0.433890880127439,0.422055820285909,0.353734698975768,0,
0.907180988462201,0.181770376862401,0.39426523297491,0.34263671431813,0.309767674244317,0,
0.546065093852247,0.468185801928133,0.451413779370769,0.393918765600182,0.264301773669748,0,
0.329085586361288,0.49079754601227,0.728992433293508,0.520762423417291,0.32075943042718,0,
0.281728947821595,0.320070113935145,0.511150935882119,0.717267982754708,0.0729452910317262,1,
0.365076631651455,0.342857142857143,0.825169255276782,0.195597912412072,0.549837621783662,1,
0.446357843981402,0.337773882559159,0.639784946236559,0.6761969593828,0.668498626030477,1,
0.36128810056828,0.542681858019281,0.660493827160494,0.240526435216701,0.25031226580065,0,
0.360599276734975,0.398948290972831,0.821784149741139,0.701611073292489,0.191856107919061,0,
0.396073704150164,0.37125328659071,0.762445240939865,0.525073746312684,0.407694229328004,0,
0.722059583261581,0.289044697633655,0.44305057745918,0.336963921034717,0.303272545590807,0,
0.3271913208197,0.352497808939527,0.476503385105536,0.854549580213297,0.0612040969273045,1,
0.332013087652833,0.380718667835232,0.740740740740741,0.231676877694577,0.247314514114414,0,
0.373686929567763,0.755652936021034,0.25647152528873,0.588382119355571,0.233075193604796,0,
0.448079903564663,0.727782646801052,0.280764635603345,0.319945541184479,0.28878341244067,0,
0.499052867229206,0.628396143733567,0.497013142174432,0.253914227365555,0.517112165875593,0,
0.353366626485276,0.361086765994741,0.795898048586221,0.641706376219651,0.692730452160879,1,
0.39262958498364,0.413146362839614,0.787733970529669,0.270024960290447,0.455908068948289,0,
0.718615464095058,0.291148115687993,0.404022301871764,0.405945087361017,0.305021234074444,0,
0.32633029102807,0.312182296231376,0.515929908403027,0.520535511685954,0.500624531601299,1,
0.3903909075254,0.391761612620508,0.654719235364397,0.218969820739732,0.197851611291531,1,
0.4423971069399,0.533041191936897,0.463162086818001,0.428636260494668,0.246814888833375,0,
0.372653693817806,0.765644171779141,0.254082039028276,0.303834808259587,0.283287534349238,0,
0.562252453934906,0.646099912357581,0.290720828355237,0.323349217154527,0.356982263302523,0,
0.332013087652833,0.313234005258545,0.687176423735564,0.649648286816428,0.498626030477142,0,
0.403478560358188,0.419456617002629,0.791119076065313,0.669843430905378,0.181613789657757,1,
0.317892199070088,0.329710780017528,0.505177220230984,0.879509870660313,0.32075943042718,1,
0.416049595315998,0.539351446099912,0.532656312226205,0.307465395960971,0.353734698975768,0,
0.327363526778026,0.361262050832603,0.539625647152529,0.281597458588609,0.630527104671496,1,
0.316686757361805,0.496231375985977,0.654121863799283,0.184933061039256,0.32075943042718,0,
0.396590322025142,0.79193689745837,0.251891676622859,0.297481279782165,0.224831376467649,0,
0.414844153607715,0.540929009640666,0.519514137793708,0.266848196051736,0.724956282787909,0,
0.87807818150508,0.333742331288344,0.33452807646356,0.340821420467438,0.309018236322758,0,
0.386774582400551,0.618755477651183,0.779968140183194,0.223281143635126,0.247064701473895,0,
0.55088686068538,0.353549517966696,0.345280764635603,0.346721125482187,0.330502123407444,0,
0.269157912863785,0.335495179666959,0.137793707686181,0.207170410710234,0.184861353984512,1,
0.324608231444808,0.363365468886941,0.623855037833532,0.797594735647833,0.125405945540844,1,
0.777854313759256,0.360385626643295,0.333731581043409,0.408668028137055,0.298775918061454,0,
0.423971069399001,0.549693251533742,0.536041417761848,0.462219196732471,0.395203597302023,1,
0.798519028758395,0.295179666958808,0.635603345280765,0.293623780349444,0.287784161878591,0,
0.383330463234028,0.612971078001753,0.252090800477897,0.437712729748128,0.32075943042718,0,
0.35991045290167,0.576336546888694,0.496415770609319,0.461311549807125,0.32075943042718,0,
0.378680902359222,0.419456617002629,0.700517722023098,0.513501248014522,0.421184111916063,0,
0.393662820733597,0.632778264680105,0.629828753484667,0.275470841842523,0.278790906819885,0,
0.423971069399001,0.48045574057844,0.658303464755078,0.290900839573406,0.242568073944542,1,
0.358016187360083,0.392287467134093,0.866387893269614,0.226230996142501,0.450162378216338,0,
0.303426898570691,0.287116564417178,0.446236559139785,0.237576582709326,0.32075943042718,0,
0.3271913208197,0.330937773882559,0.803464755077658,0.21261629226231,0.402448163877092,0,
0.318753228861719,0.409290096406661,0.831541218637993,0.182437031994554,0.32075943042718,0,
0.713104873428621,0.314460999123576,0.412783751493429,0.340594508736102,0.338496127904072,0,
0.437058722231789,0.278001752848379,0.725408203902827,0.533242568640799,0.427929053210092,1,
0.319786464611676,0.322173531989483,0.594384707287933,0.266621284320399,0.406195353484886,1,
0.358877217151713,0.381945661700263,0.514336917562724,0.641252552756978,0.32075943042718,1,
0.66695367659721,0.451007887817704,0.326164874551971,0.402314499659632,0.303022732950287,0,
0.157740657826761,0.34250657318142,0.457586618876941,0.317222600408441,0.274544091931052,0,
0.377992078525917,0.665381244522349,0.222023098367184,0.295665985931473,0.283787159630277,1,
0.336318236610987,0.541454864154251,0.691955396256472,0.60403902881779,0.194104421683737,0,
0.331152057861202,0.301840490797546,0.442453205894066,0.632856818697527,0.666999750187359,0,
0.641122782848287,0.503067484662577,0.287335722819594,0.403902881778988,0.28878341244067,0,
0.402789736524884,0.631375985977213,0.709677419354839,0.263898343544361,0.259055708218836,0,
0.381608403650766,0.497107800175285,0.801075268817204,0.53641933287951,0.201348988258806,0,
