540,5,2,
0.332185293611159,0.539000876424189,0.489247311827957,0.417517585659179,0.32075943042718,0,
0.344928534527295,0.339351446099912,0.457387495021904,0.682550487860222,0.118161378965776,1,
0.347511623902187,0.37475898334794,0.525886101154918,0.545041978670297,0.535598301274045,1,
0.311348372653694,0.313935144609991,0.62226204699323,0.603812117086453,0.233574818885836,0,
0.471672119855347,0.630674846625767,0.70131421744325,0.27501701837985,0.278790906819885,1,
0.384535904942311,0.68501314636284,0.24452409398646,0.307238484229635,0.290032475643268,0,
0.396073704150164,0.478878177037686,0.856232576662684,0.199682323576129,0.252810392205846,1,
0.377475460650939,0.689044697633655,0.244723217841497,0.42977081915135,0.284036972270797,0,
0.33976235577751,0.586327782646801,0.71505376344086,0.51690492398457,0.32075943042718,0,
0.365593249526434,0.54478527607362,0.224412584627638,0.470161107329249,0.597052210841869,0,
0.306698811778888,0.286765994741455,0.451612903225806,0.200589970501475,0.776417686734949,0,
0.436025486481832,0.707800175284838,0.235762644364795,0.445200816882233,0.32075943042718,0,
0.412088858274496,0.532865907099036,0.267821585025886,0.308599954617654,0.28178865850612,0,
0.511623902187016,0.538124452234882,0.300278773397053,0.267075107783072,0.693979515363477,0,
0.442569312898226,0.630499561787905,0.691756272401434,0.503063308373043,0.272795403447414,1,
0.328396762527983,0.325854513584575,0.495818399044205,0.64238711141366,0.948038970771921,0,
0.578267608059239,0.472217353198948,0.322779769016328,0.390515089630134,0.353984511616288,0,
0.390046495608748,0.818930762489045,0.242333731581043,0.529158157476742,0.253310017486885,0,
0.507490959187188,0.637510955302366,0.299084030266826,0.32312230542319,0.381963527354484,0,
0.332701911486137,0.460122699386503,0.65810434090004,0.249375992738825,0.2560579565326,0,
0.32942999827794,0.486415425065732,0.560533651931501,0.435443612434763,0.32075943042718,0,
0.325813673153091,0.344434706397897,0.462166467542812,0.524393011118675,0.625281039220585,1,
0.340967797485793,0.329360210341805,0.5073675826364,0.795779441797141,0.125156132900325,1,
0.496986395729292,0.683610867659947,0.582437275985663,0.436805082822782,0.369223082687984,1,
0.728603409677975,0.300438212094654,0.490442054958184,0.589970501474926,0.236572570572071,0,
0.389185465817117,0.467659947414549,0.745121465551573,0.247787610619469,0.26929802648014,0,
0.337351472360944,0.480280455740578,0.55973715651135,0.279782164737917,0.382213339995004,0,
0.324780437403134,0.317966695880806,0.420549581839904,0.515997277059224,0.32075943042718,1,
0.847769932839676,0.354951796669588,0.337116686579052,0.344905831631495,0.309268048963278,0,
0.454451524022731,0.478001752848379,0.679012345679012,0.654413433174495,0.207094678990757,1,
0.405717237816428,0.81034180543383,0.252688172043011,0.522577717267983,0.415188608543592,1,
0.386774582400551,0.311305872042068,0.772003185981681,0.571136827773996,0.730202348238821,1,
0.343550886860685,0.394040315512708,0.587017124651533,0.58974358974359,0.32075943042718,1,
0.892543482004477,0.316564417177914,0.336320191158901,0.383253914227366,0.341244066949788,0,
0.42087136214913,0.496406660823839,0.544006371963361,0.457907873837077,0.37846615038721,0,
0.624935422765628,0.377738825591586,0.398446833930705,0.395734059450874,0.360479640269798,0,
0.868090235922163,0.184399649430324,0.34189565909996,0.343090537780803,0.308018985760679,0,
0.309626313070432,0.286415425065732,0.445639187574671,0.595870206489675,0.220084936297777,1,
0.324263819528156,0.34478527607362,0.505774591796097,0.790560471976401,0.136397701723707,0,
0.353366626485276,0.435933391761613,0.689167662285942,0.499659632402995,0.187109667749188,0,
0.379714138109179,0.570727432077125,0.850457984866587,0.216700703426367,0.240569572820385,0,
0.33528500086103,0.437686240140228,0.771405814416567,0.231676877694577,0.463902073444916,0,
0.349922507318753,0.457142857142857,0.542413381123059,0.795552530065804,0.178865850612041,1,
0.927156879628035,0.296056091148116,0.343090402230187,0.342863626049467,0.333749687734199,0,
0.388324436025486,0.617703768624014,0.295898048586221,0.403902881778988,0.284286784911317,0,
0.311176166695368,0.280631025416301,0.43010752688172,0.682323576128886,0.771171621284037,0,
0.331840881694507,0.34022787028922,0.690760653126244,0.0821420467438166,0.215838121408943,0,
0.339245737902531,0.349517966695881,0.726802070888092,0.59428182437032,0.206844866350237,0,
0.315825727570174,0.351971954425942,0.687176423735564,0.587928295892898,0.460654509118161,0,
0.260892026864129,0.117616126205083,0.203305455993628,0.213523939187656,0.240819385460904,0,
0.337007060444291,0.333742331288344,0.490043807248108,0.64306784660767,0.614289283037722,0,
0.397451351816773,0.718317265556529,0.276184786937475,0.415248468345813,0.253809642767924,0,
0.375408989151025,0.415249780893953,0.744125846276384,0.258452461992285,0.265550836872346,0,
0.435336662648528,0.606310254163015,0.266029470330546,0.312230542319038,0.284036972270797,0,
0.309626313070432,0.291323400525854,0.475308641975309,0.560018152938507,0.785910567074694,1,
0.364732219734803,0.338299737072743,0.790521704500199,0.587020648967552,0.113165126155383,1,
0.331152057861202,0.339351446099912,0.664874551971326,0.498978897208986,0.32075943042718,1,
0.441536077148269,0.496406660823839,0.315013938669853,0.329248922169276,0.344991256557582,0,
0.46616152918891,0.731288343558282,0.278574273197929,0.45450419786703,0.474893829627779,0,
0.345100740485621,0.408764241893076,0.516925527678216,0.783299296573633,0.653260054958781,1,
0.654210435681075,0.388431200701139,0.32815611310235,0.379169503063308,0.301773669747689,0,
0.345789564318925,0.430148992112182,0.929311031461569,0.180848649875199,0.226580064951287,0,
0.33166867573618,0.356003505696757,0.506172839506173,0.753800771499887,0.32075943042718,0,
0.753401067676942,0.286765994741455,0.453006770211071,0.582028590878148,0.264551586310267,0,
0.494747718271052,0.55056967572305,0.669056152927121,0.526889040163376,0.268798401199101,1,
0.819872567590839,0.334794040315513,0.407606531262445,0.432720671658725,0.298775918061454,0,
0.445152402273119,0.73567046450482,0.280565511748307,0.319491717721806,0.291531351486385,0,
0.489753745479594,0.70464504820333,0.28036638789327,0.31926480599047,0.29477891581314,0,
0.550198036852075,0.634881682734443,0.481083233771406,0.409802586793737,0.354234324256807,0,
0.837437575340107,0.18615249780894,0.384309040223019,0.380530973451327,0.299275543342493,0,
0.314103667986912,0.307274320771253,0.551772202309837,0.519854776491945,0.32075943042718,1,
0.404339590149819,0.704820333041192,0.267025089605735,0.30428863172226,0.285785660754434,0,
0.818667125882555,0.17581069237511,0.417761847869375,0.451100521896982,0.261304021983512,0,
0.355260892026864,0.354250657318142,0.747311827956989,0.539823008849557,0.229078191356483,0,
0.393318408816945,0.547414548641542,0.682994822779769,0.683458134785568,0.236322757931551,1,
0.313931462028586,0.303067484662577,0.540621266427718,0.502836396641706,0.32075943042718,1,
0.307904253487171,0.339702015775635,0.50179211469534,0.853641933287951,0.32075943042718,0,
0.488892715687963,0.384399649430324,0.410394265232975,0.380530973451327,0.340994254309268,0,
0.733252970552781,0.330937773882559,0.477100756670649,0.466530519627865,0.405945540844367,0,
0.333907353194421,0.328483786152498,0.44205495818399,0.563875652371228,0.586560079940045,0,
0.672119855346995,0.452059596844873,0.45499800876145,0.457907873837077,0.262053459905071,0,
0.547959359393835,0.508326029798422,0.521306252489048,0.437939641479464,0.400199850112416,0,
0.275185121405201,0.353900087642419,0.678614097968937,0.630360789652825,0.32075943042718,0,
0.737213707594283,0.361437335670464,0.430904022301872,0.340594508736102,0.337496877341994,0,
0.589460995350439,0.61262050832603,0.287933094384707,0.294985250737463,0.501373969522858,0,
0.482865507146547,0.59649430324277,0.502588610115492,0.688223281143635,0.242318261304022,0,
0.340451179610815,0.431726555652936,0.854440461967344,0.185613796233265,0.218336247814139,0,
0.446357843981402,0.469588080631025,0.693349263241736,0.554118447923758,0.534099425430927,1,
0.352505596693646,0.317966695880806,0.741138988450816,0.653278874517813,0.49387959030727,0,
0.664370587222318,0.387204206836109,0.337514934289128,0.384161561152712,0.348238820884337,0,
0.431892543482004,0.528834355828221,0.289127837514934,0.324483775811209,0.29502872845366,0,
0.445841226106423,0.421209465381245,0.818797291915571,0.537100068073519,0.226080439670247,1,
0.348028241777165,0.350744960560911,0.511350059737157,0.869752666212843,0.842118411191606,1,
0.3271913208197,0.336196319018405,0.653325368379132,0.502155661447697,0.642018486135398,1,
0.317719993111762,0.290622261174408,0.454201513341298,0.190605854322668,0.32075943042718,0,
0.50111933872912,0.653111305872042,0.264834727200319,0.424098025867937,0.283287534349238,0,
0.317892199070088,0.339877300613497,0.632815611310235,0.813024733378716,0.160629527854109,0,
0.35457206819356,0.331814198071867,0.633412982875348,0.521896982073973,0.530102423182613,0,
0.816772860340968,0.17703768624014,0.392871365989646,0.342409802586794,0.30751936047964,0,
0.335801618736008,0.41262050832603,0.887495021903624,0.16383027002496,0.473394953784662,0,
0.333735147236094,0.661349693251534,0.254480286738351,0.489448604492852,0.32075943042718,0,
0.361976924401584,0.591411042944785,0.298088410991637,0.319037894259133,0.297776667499375,0,
0.877733769588428,0.182646801051709,0.399442453205894,0.384615384615385,0.306020484636523,0,
0.363698983984846,0.374233128834356,0.779769016328156,0.798275470841842,0.176367724206845,0,
0.34871706561047,0.373882559158633,0.853046594982079,0.645110052189698,0.206345241069198,0,
0.339245737902531,0.378439964943032,0.884309040223019,0.647832992965736,0.53859605296028,1,
0.571723781642845,0.444522348816827,0.650935882118678,0.521216246879964,0.529852610542093,1,
0.426381952815567,0.621735319894829,0.2536837913182,0.314726571363739,0.356982263302523,0,
0.468744618563802,0.55407537248028,0.312624452409399,0.334694803721352,0.345740694479141,0,
0.619941449974169,0.379141104294479,0.429311031461569,0.33877921488541,0.309018236322758,0,
0.314620285861891,0.306573181419807,0.55057745917961,0.802132970274563,0.122158381214089,1,
0.352677802651972,0.421735319894829,0.63878932696137,0.610392557295212,0.492630527104671,1,
0.426381952815567,0.620858895705521,0.24910394265233,0.312230542319038,0.359730202348239,0,
0.332529705527811,0.460823838737949,0.632616487455197,0.251191286589517,0.261054209342993,0,
0.725159290511452,0.435056967572305,0.315013938669853,0.339006126616746,0.32075943042718,0,
0.382469433442397,0.789307624890447,0.262246117084827,0.432266848196052,0.468898326255309,0,
0.737902531427587,0.315162138475022,0.336519315013939,0.341729067392784,0.350487134649013,0,
0.322886171861546,0.304820333041192,0.436678614097969,0.67165872475607,0.138895828128903,1,
0.36576545548476,0.667309377738826,0.638988450816408,0.446789199001588,0.272295778166375,0,
0.462372998105734,0.696056091148116,0.523297491039426,0.448150669389607,0.278041468898326,1,
0.377647666609265,0.374057843996494,0.77299880525687,0.194463353755389,0.450911816137897,1,
0.352677802651972,0.468185801928133,0.896256471525289,0.200363058770138,0.240569572820385,0,
0.351127949027036,0.323575810692375,0.751294305057746,0.626730201951441,0.46140394703972,0,
0.40967797485793,0.588957055214724,0.566507367582636,0.622418879056047,0.212840369722708,0,
0.340278973652488,0.326205083260298,0.437076861808045,0.653732697980486,0.510866849862603,1,
0.32271396590322,0.360035056967572,0.71784149741139,0.620149761742682,0.164126904821384,1,
0.347856035818839,0.73794916739702,0.277777777777778,0.309734513274336,0.286035473394954,0,
0.356638539693473,0.441893076248904,0.671445639187575,0.514635806671205,0.202348238820884,0,
0.337007060444291,0.288168273444347,0.484468339307049,0.863399137735421,0.122408193854609,0,
0.473049767521956,0.595092024539877,0.668060533651932,0.291354663036079,0.286285286035473,1,
0.383330463234028,0.66783523225241,0.645758661887694,0.499886544134332,0.32075943042718,0,
0.313931462028586,0.359859772129711,0.503783353245719,0.716133424098026,0.32075943042718,0,
0.681074565179955,0.346187554776512,0.340900039824771,0.383934649421375,0.308518611041719,0,
0.349061477527122,0.321998247151621,0.656909597769813,0.130928068981166,0.805645765675743,1,
0.328224556569657,0.338650306748466,0.513739545997611,0.793964147946449,0.195353484886335,0,
0.427587394523851,0.771779141104295,0.278574273197929,0.427728613569322,0.420434673994504,0,
0.342517651110728,0.418229623137599,0.746913580246914,0.160426594054913,0.680989258056458,1,
0.52264508351989,0.330587204206836,0.392672242134608,0.390288177898797,0.267299525355983,0,
0.322025142069916,0.31375985977213,0.479490242931103,0.166326299069662,0.32075943042718,0,
0.320819700361632,0.327957931638913,0.463759458383114,0.181302473337872,0.848363727204597,0,
0.510590666437059,0.620333041191937,0.295300677021107,0.320853188109825,0.404946290282288,0,
0.352333390735319,0.324802804557406,0.655714854639586,0.629906966190152,0.789407944041969,1,
0.332185293611159,0.407537248028046,0.808243727598566,0.211027910142954,0.246814888833375,0,
0.333735147236094,0.550043821209465,0.498805256869773,0.417063762196506,0.350487134649013,0,
0.352161184776993,0.453637160385627,0.705097570688969,0.656455638756524,0.142892830377217,1,
0.321336318236611,0.295179666958808,0.469334926324174,0.286135693215339,0.32075943042718,0,
0.752023420010332,0.290446976336547,0.400637196336121,0.410029498525074,0.300774419185611,0,
0.612881005682797,0.374583698510079,0.399442453205894,0.394599500794191,0.360729452910317,0,
0.359221629068366,0.508851884312007,0.731979291119076,0.23734967097799,0.254808893330003,0,
0.388324436025486,0.527256792287467,0.254281162883313,0.304742455184933,0.277292030976767,0,
0.326502496986396,0.324627519719544,0.4926324173636,0.605400499205809,0.958281289033225,0,
0.53383847081109,0.453461875547765,0.421146953405018,0.394372589062855,0.279040719460405,0,
0.358360599276735,0.406836108676599,0.753285543608124,0.627184025414114,0.482638021483887,0,
0.324608231444808,0.480806310254163,0.772202309836718,0.556614476968459,0.32075943042718,0,
0.336318236610987,0.303768624014023,0.456192751891677,0.71454504197867,0.738695978016488,0,
0.347511623902187,0.401577563540754,0.531859816806053,0.250510551395507,0.32075943042718,1,
0.323058377819873,0.518492550394391,0.498207885304659,0.437031994554118,0.32075943042718,0,
0.382813845359049,0.408764241893076,0.658900836320191,0.561152711595189,0.233075193604796,1,
0.329602204236267,0.328308501314636,0.445639187574671,0.673020195144089,0.145390956782413,1,
0.335629412777682,0.433654688869413,0.981879729191557,0.167233945995008,0.32075943042718,0,
0.420699156190804,0.470990359333918,0.208482676224612,0.617653732697981,0.24381713714714,1,
0.781815050800758,0.354250657318142,0.441656710473915,0.339006126616746,0.340744441668748,0,
0.316170139486826,0.292900964066608,0.469334926324174,0.47401860676197,0.611791156632526,0,
0.318064405028414,0.3056967572305,0.465551573078455,0.19310188336737,0.32075943042718,0,
0.303771310487343,0.28273444347064,0.500199123855038,0.460630814613115,0.208843367474394,1,
0.313587050111934,0.358457493426819,0.441855834328953,0.521216246879964,0.32075943042718,0,
0.424143275357327,0.48045574057844,0.658502588610115,0.290900839573406,0.242568073944542,1,
0.366109867401412,0.364767747589833,0.754480286738351,0.566371681415929,0.670247314514114,1,
0.315481315653522,0.511130587204207,0.564516129032258,0.514181983208532,0.32075943042718,0,
0.337868090235922,0.502541630148992,0.767025089605735,0.186294531427275,0.483137646764926,0,
0.64456690201481,0.487642418930762,0.463361210673039,0.448150669389607,0.288033974519111,0,
0.326674702944722,0.480806310254163,0.773397052966945,0.166326299069662,0.246065450911816,0,
0.346133976235578,0.399649430324277,0.669653524492234,0.600635352847742,0.480389707719211,1,
0.360082658859997,0.740403155127082,0.245519713261649,0.442931699568868,0.558830876842368,0,
0.340795591527467,0.388957055214724,0.855635205097571,0.238257317903336,0.244066949787659,0,
0.367315309109695,0.737423312883436,0.551174830744723,0.506240072611754,0.263302523107669,1,
0.323919407611503,0.316739702015776,0.193349263241736,0.654867256637168,0.185111166625031,0,
0.313587050111934,0.350219106047327,0.55236957387495,0.855230315407307,0.32075943042718,0,
0.412605476149475,0.370727432077125,0.701911589008363,0.850238257317903,0.32075943042718,1,
0.454623729981057,0.489219982471516,0.628833134209478,0.482641252552757,0.656007994004497,1,
0.351472360943689,0.371428571428571,0.852449223416965,0.13523939187656,0.206095428428678,0,
0.602032030308249,0.337773882559159,0.389884508164078,0.406625822555026,0.284786410192356,0,
0.422765627690718,0.440666082383874,0.528076463560335,0.613342409802587,0.471646265301024,1,
0.553642156018598,0.683786152497809,0.268219832735962,0.44860449285228,0.414189357981514,0,
0.259169967280868,0.0757230499561788,0.739944245320589,0.13455865668255,0.32075943042718,0,
0.80368520750818,0.393514460999124,0.522301871764237,0.419105967778534,0.292030976767424,0,
0.342517651110728,0.484312007011393,0.882915173237754,0.209212616292262,0.242068448663502,0,
0.446013432064749,0.774583698510079,0.255874153723616,0.453369639210347,0.404946290282288,0,
0.497675219562597,0.521297107800175,0.308442851453604,0.331291127751305,0.305770671996003,0,
0.306354399862235,0.294829097283085,0.489446435682995,0.476514635806671,0.223332500624532,0,
0.267952471155502,0.459070990359334,0.881720430107527,0.171318357159065,0.202348238820884,0,
0.349061477527122,0.541805433829974,0.477499004380725,0.421601996823236,0.296777416937297,0,
0.32271396590322,0.356879929886065,0.83731581043409,0.159745858860903,0.751186610042468,1,
0.502841398312382,0.674846625766871,0.516726403823178,0.554572271386431,0.260804396702473,1,
0.486654038229723,0.336196319018405,0.428116288331342,0.412298615838439,0.276792405695728,0,
0.806957120716377,0.375985977212971,0.337514934289128,0.380077149988654,0.336997252060954,0,
0.343723092819012,0.588606485539001,0.653126244524094,0.52598139323803,0.241568823382463,0,
0.394868262441881,0.336546888694128,0.704301075268817,0.620603585205355,0.216087934049463,1,
0.282762183571552,0.187730061349693,0.273795300677021,0.142273655547992,0.32075943042718,1,
0.416221801274324,0.358808063102542,0.861608920748706,0.178579532561833,0.427429427929053,0,
0.811434475632857,0.479404031551271,0.430904022301872,0.330837304288632,0.302523107669248,0,
0.509385224728776,0.361787905346188,0.337714058144166,0.379396414794645,0.336997252060954,0,
0.369209574651283,0.354951796669588,0.80426125049781,0.526889040163376,0.482388208843367,1,
0.315481315653522,0.309027169149869,0.462763839107925,0.576809621057409,0.540844366724956,0,
0.382125021525745,0.621034180543383,0.281959378733572,0.319491717721806,0.297027229577817,0,
0.346133976235578,0.420858895705521,0.855635205097571,0.617199909235307,0.204096927304522,0,
0.404856208024798,0.430324276950044,0.737953006770211,0.243930111186748,0.424931301523857,0,
0.649905286722921,0.434005258545136,0.461170848267622,0.435670524166099,0.287284536597552,0,
0.965903220251421,0.334969325153374,0.337116686579052,0.339006126616746,0.334998750936797,0,
0.388496641983813,0.588431200701139,0.530465949820788,0.298842750170184,0.25655758181364,1,
0.808506974341312,0.476073619631902,0.314814814814815,0.334694803721352,0.303522358231327,0,
0.504046840020665,0.519018404907975,0.303663878932696,0.400272294077604,0.297526854858856,0,
0.334940588944377,0.317440841367222,0.759458383114297,0.558202859087815,0.472645515863103,0,
0.84759772688135,0.321998247151621,0.332935085623258,0.395053324256864,0.305770671996003,0,
0.468916824522128,0.409465381244522,0.321385902031063,0.339459950079419,0.305770671996003,0,
0.32942999827794,0.289570552147239,0.502389486260454,0.799183117767189,0.641518860854359,1,
0.32942999827794,0.321998247151621,0.557546794105934,0.646017699115044,0.81413939545341,1,
0.396418116066816,0.421384750219106,0.641178813221824,0.22691173133651,0.691481388958281,1,
0.446357843981402,0.483085013146363,0.538231780167264,0.619922850011346,0.202847864101924,1,
0.521267435853281,0.483786152497809,0.779569892473118,0.264579078738371,0.278790906819885,1,
0.372137075942828,0.374408413672217,0.464755077658303,0.630133877921489,0.530352235823133,1,
0.352850008610298,0.371779141104295,0.824372759856631,0.565917857953256,0.67324506620035,1,
0.3159979335285,0.279404031551271,0.446833930704898,0.587247560698888,0.744191856107919,0,
0.432753573273635,0.399298860648554,0.777976901632816,0.59882005899705,0.581314014489133,1,
0.314275873945238,0.371779141104295,0.494424532058941,0.819378261856138,0.32075943042718,1,
0.346995006027209,0.441016652059597,0.866786140979689,0.213977762650329,0.191606295278541,1,
0.759772688135009,0.299912357581069,0.682397451214655,0.278647606081234,0.28853359980015,0,
0.501808162562425,0.709903593339176,0.546395858223815,0.430905377808033,0.286285286035473,0,
0.332529705527811,0.541805433829974,0.649342891278375,0.597458588609031,0.19860104921309,0,
0.536421560185982,0.500613496932515,0.313620071684588,0.335829362378035,0.343742193354984,0,
0.375064577234372,0.588957055214724,0.793508562325767,0.203993646471523,0.32075943042718,0,
0.359566040985018,0.333742331288344,0.510951812027081,0.708191513501248,0.595553334998751,1,
0.328052350611331,0.294127957931639,0.190561529271207,0.72498298162015,0.087184611541344,1,
0.824349922507319,0.332515337423313,0.574870569494225,0.301111867483549,0.297277042218336,0,
0.334079559152747,0.329184925503944,0.491835921943449,0.631949171772181,0.676992255808144,1,
0.317375581195109,0.301665205959684,0.508562325766627,0.827547084184252,0.32075943042718,1,
0.343206474944033,0.533041191936897,0.454798884906412,0.408668028137055,0.296527604296777,0,
0.45049078698123,0.687642418930763,0.280565511748307,0.254368050828228,0.565326005495878,0,
0.375408989151025,0.347589833479404,0.751095181202708,0.698207397322442,0.659755183612291,1,
0.411572240399518,0.744609991235758,0.249900438072481,0.308373042886317,0.286035473394954,0,
0.33080764594455,0.380718667835232,0.54599761051374,0.908554572271386,0.32075943042718,1,
0.342345445152402,0.388781770376862,0.747710075667065,0.680962105740867,0.207344491631277,0,
0.583433786809024,0.526029798422436,0.67642373556352,0.279782164737917,0.279790157381964,0,
0.882727742379886,0.364592462751972,0.33452807646356,0.3380984796914,0.30751936047964,0,
0.316514551403479,0.295880806310254,0.467741935483871,0.801452235080554,0.154634024481639,0,
0.482693301188221,0.343558282208589,0.92831541218638,0.216700703426367,0.258556082937797,1,
0.340795591527467,0.351095530236635,0.573874950219036,0.568413886997958,0.32075943042718,1,
0.340967797485793,0.71375985977213,0.269414575866189,0.310415248468346,0.284286784911317,0,
0.266574823488893,0.439789658194566,0.778176025487853,0.133877921488541,0.32075943042718,0,
0.639400723265025,0.608238387379492,0.266029470330546,0.477195371000681,0.393454908818386,0,
0.484931978646461,0.619281332164768,0.661887694145759,0.266394372589063,0.284036972270797,1,
0.333218529361116,0.338650306748466,0.483074472321784,0.722486952575448,0.610791906070447,0,
0.602548648183227,0.610517090271692,0.521306252489048,0.31404583616973,0.370971771171621,0,
0.270018942655416,0.397370727432077,0.808641975308642,0.627184025414114,0.217586809892581,0,
0.322197348028242,0.392638036809816,0.525288729589805,0.591785795325618,0.234074444166875,0,
0.942311003960737,0.386327782646801,0.333134209478295,0.383707737690039,0.370222333250062,0,
0.333390735319442,0.407011393514461,0.460971724412585,0.469707283866576,0.451911066699975,0,
0.40520061994145,0.678878177037686,0.647152528872959,0.555706830043113,0.263802148388708,1,
0.317892199070088,0.325854513584575,0.535444046196734,0.667347401860676,0.199100674494129,1,
0.320130876528328,0.461700262927257,0.5221027479092,0.434082142046744,0.32075943042718,0,
0.345789564318925,0.338475021910605,0.781760254878534,0.562060358520535,0.457406944791406,1,
0.36214913035991,0.42418930762489,0.838908801274393,0.20285908781484,0.32075943042718,1,
0.365248837609781,0.333041191936897,0.716447630426125,0.663036078965282,0.595303522358231,1,
0.226450835198898,0.0929009640666082,0.304659498207885,0.335602450646698,0.303522358231327,0,
0.343895298777338,0.446801051709027,0.683990442054958,0.247560698888133,0.255558331251561,0,
0.320303082486654,0.331814198071867,0.590203106332139,0.245518493306104,0.187359480389708,1,
0.326846908903048,0.52182296231376,0.503783353245719,0.43430905377808,0.36547589308019,0,
0.336318236610987,0.561612620508326,0.280963759458383,0.418198320853188,0.294279290532101,0,
0.418460478732564,0.675547765118317,0.498606133014735,0.455411844792376,0.200599550337247,0,
0.342517651110728,0.435758106923751,0.517722023098367,0.44474699341956,0.40394703972021,0,
0.407611503358016,0.768098159509202,0.262046993229789,0.307465395960971,0.28878341244067,0,
0.311176166695368,0.301314636283961,0.437873357228196,0.557068300431132,0.601798651011741,0,
0.451868434647839,0.641717791411043,0.267622461170848,0.319037894259133,0.293529852610542,0,
0.325469261236439,0.311305872042068,0.474711270410195,0.727252098933515,0.125655758181364,1,
0.420182538315826,0.639263803680982,0.299084030266826,0.405945087361017,0.358231326505121,0,
0.401067676941622,0.747940403155127,0.21505376344086,0.42977081915135,0.32075943042718,0,
0.316858963320131,0.334268185801928,0.648944643568299,0.769684592693442,0.19260554584062,0,
0.838298605131738,0.359158632778265,0.41816009557945,0.312230542319038,0.46789907569323,0,
0.332013087652833,0.313234005258545,0.687176423735564,0.649648286816428,0.498626030477142,0,
0.337351472360944,0.452585451358457,0.762046993229789,0.246199228500113,0.254559080689483,1,
0.607026003099707,0.33567046450482,0.392074870569494,0.40571817562968,0.290032475643268,0,
0.327707938694679,0.44487291849255,0.731381919553963,0.22759246653052,0.26255308518611,0,
0.625107628723954,0.396669588080631,0.454599761051374,0.75811209439528,0.233824631526355,0,
0.371103840192871,0.480105170902717,0.790720828355237,0.656001815293851,0.19210592055958,1,
0.336490442569313,0.306573181419807,0.73436877737953,0.655321080099841,0.779915063702223,1,
0.380058550025831,0.511656441717791,0.550776583034647,0.751758565917858,0.186360229827629,1,
0.483554330979852,0.518317265556529,0.446634806849861,0.286135693215339,0.7694229328004,0,
0.680902359221629,0.493952673093777,0.541218637992832,0.500340367597005,0.274544091931052,0,
0.883416566213191,0.328659070990359,0.410593389088013,0.395280235988201,0.392205845615788,0,
0.364043395901498,0.662576687116564,0.793906810035842,0.267982754708418,0.267799150637022,1,
0.40967797485793,0.347589833479404,0.728395061728395,0.752893124574541,0.53235073694729,1,
0.824005510590666,0.192462751971954,0.342293906810036,0.374858180167915,0.336997252060954,0,
0.374547959359394,0.296231375985977,0.735563520509757,0.907193101883367,0.150886834873845,1,
0.437575340106768,0.535144609991236,0.463361210673039,0.428182437031995,0.24356732450662,0,
0.532633029102807,0.593865030674847,0.636200716845878,0.489675516224189,0.280789407944042,1,
0.444807990356466,0.620858895705521,0.27299880525687,0.435216700703426,0.267049712715463,0,
0.37695884277596,0.82418930762489,0.253484667463162,0.49739051508963,0.273544841368973,0,
0.280867918029964,0.184750219106047,0.249502190362405,0.630587701384162,0.639020734449163,1,
0.402100912691579,0.767922874671341,0.521505376344086,0.429090083957341,0.370971771171621,0,
0.463406233855691,0.414373356704645,0.52568697729988,0.428636260494668,0.382463152635523,0,
0.375408989151025,0.32182296231376,0.634607726005575,0.716814159292035,0.0764426679990008,1,
0.661443085930773,0.369325153374233,0.334328952608522,0.377808032675289,0.342742942792905,0,
0.443774754606509,0.375109553023663,0.326363998407009,0.343998184706149,0.337496877341994,0,
0.340278973652488,0.391060473269062,0.768219832735962,0.72044474699342,0.32075943042718,0,
0.356982951610126,0.497458369851008,0.469534050179211,0.432039936464715,0.32075943042718,0,
0.32047528844498,0.263628396143734,0.329749103942652,0.520762423417291,0.0866849862603048,1,
0.388324436025486,0.705170902716915,0.225009956192752,0.293396868618108,0.32075943042718,0,
0.344067504735664,0.345135845749343,0.679609717244126,0.535284774222827,0.498875843117662,1,
0.325124849319786,0.364066608238387,0.521704500199124,0.650782845473111,0.169372970272296,0,
0.534527294644395,0.616827344434706,0.288132218239745,0.415248468345813,0.367724206844866,0,
0.846908903048045,0.168799298860649,0.336917562724014,0.380077149988654,0.302772920309768,0,
0.311176166695368,0.305346187554776,0.488649940262843,0.781030179260268,0.162877841618786,1,
0.462200792147408,0.665907099035933,0.305455993628037,0.324937599273882,0.29502872845366,0,
0.328913380402962,0.312182296231376,0.46594982078853,0.192874971636034,0.32075943042718,1,
0.570346133976236,0.63908851884312,0.286340103544405,0.408668028137055,0.361728703472396,0,
0.336146030652661,0.341805433829974,0.697530864197531,0.206489675516224,0.855608293779665,1,
0.49216462889616,0.65170902716915,0.623257666268419,0.302473337871568,0.28853359980015,1,
0.329085586361288,0.478352322524102,0.861409796893668,0.184479237576583,0.236572570572071,0,
0.347339417943861,0.37353198948291,0.751692552767822,0.157930565010211,0.226330252310767,0,
0.755295333218529,0.176511831726556,0.340501792114695,0.340367597004765,0.341244066949788,0,
0.420182538315826,0.79421560035057,0.209677419354839,0.445654640344906,0.366475143642268,0,
0.312381608403651,0.340403155127081,0.230784547988849,0.829362378034944,0.110666999750187,1,
0.317892199070088,0.367747589833479,0.676224611708483,0.771272974812798,0.32075943042718,0,
0.524711555019804,0.687817703768624,0.272799681401832,0.31336510097572,0.292530602048464,0,
0.388668847942139,0.451183172655565,0.848068498606133,0.217381438620377,0.250562078441169,1,
0.46168417427243,0.507624890446976,0.659099960175229,0.624687996369412,0.171621284036972,1,
0.411055622524539,0.560560911481157,0.48984468339307,0.444520081688223,0.249313015238571,1,
0.375925607026003,0.615950920245399,0.662485065710872,0.496255956432948,0.257057207094679,0,
0.567074220768039,0.333742331288344,0.397650338510554,0.393464942137508,0.33949537846615,0,
0.733597382469433,0.484837861524978,0.433890880127439,0.447469934195598,0.401698725955533,0,
0.773721370759428,0.282559158632778,0.618478693747511,0.287497163603358,0.394953784661504,0,
0.347856035818839,0.418755477651183,0.947232178414974,0.140912185159973,0.195353484886335,0,
0.310142930945411,0.31603856266433,0.581441656710474,0.891309280689812,0.32075943042718,0,
0.385396934733942,0.426117440841367,0.677817602548785,0.243249375992739,0.253809642767924,1,
0.363698983984846,0.550744960560911,0.595977698128236,0.474245518493306,0.32075943042718,0,
0.394868262441881,0.636985100788782,0.488849064117881,0.444520081688223,0.32075943042718,0,
0.335973824694334,0.401577563540754,0.692751891676623,0.18788291354663,0.646764926305271,1,
0.392973996900293,0.802453987730061,0.261250497809638,0.518039482641253,0.258306270297277,0,
0.322369553986568,0.344434706397897,0.690362405416169,0.551622418879056,0.207344491631277,1,
0.314620285861891,0.312357581069238,0.594384707287933,0.882913546630361,0.32075943042718,0,
0.360254864818323,0.485539000876424,0.572481083233771,0.454731109598366,0.32075943042718,0,
0.338212502152574,0.33444347063979,0.530266825965751,0.228273201724529,0.812140894329253,0,
0.345100740485621,0.51954425942156,0.473516527279968,0.417971409121852,0.294029477891581,0,
0.323919407611503,0.358983347940403,0.467941059338909,0.538234626730202,0.32075943042718,1,
0.405889443774755,0.541630148992112,0.462365591397849,0.319491717721806,0.32075943042718,0,
0.349750301360427,0.709903593339176,0.258661887694146,0.297708191513501,0.287284536597552,0,
0.324780437403134,0.367397020157756,0.6047391477499,0.519854776491945,0.268048963277542,1,
0.336146030652661,0.636459246275197,0.560732775786539,0.486044928522805,0.383462403197602,0,
0.493197864646117,0.5977212971078,0.279569892473118,0.510778307238484,0.254559080689483,0,
0.700189426554159,0.440841367221735,0.439466348068499,0.587474472430225,0.252060954284287,0,
0.336662648527639,0.363540753724803,0.705495818399044,0.574994327206717,0.432675493379965,1,
0.87136214913036,0.345311130587204,0.43110314615691,0.51690492398457,0.276292780414689,0,
0.334940588944377,0.297458369851008,0.509956192751892,0.56954844565464,0.505370971771172,1,
0.393835026691924,0.412795793163891,0.71505376344086,0.485818016791468,0.240319760179865,0,
0.429481660065438,0.322699386503067,0.611509358821187,0.841388699795779,0.157881588808394,0,
0.513518167728603,0.35863277826468,0.337514934289128,0.385296119809394,0.349487884086935,0,
0.33166867573618,0.339351446099912,0.478494623655914,0.664397549353302,0.32075943042718,1,
0.366626485276391,0.375460122699387,0.607925129430506,0.742455184933061,0.196852360729453,0,
0.405028413983124,0.438913234005259,0.705097570688969,0.253687315634218,0.490881838621034,1,
0.694678835887722,0.465030674846626,0.412982875348467,0.407079646017699,0.296527604296777,0,
0.781642844842431,0.422085889570552,0.425726802070888,0.30496936691627,0.398950786909818,0,
0.497847425520923,0.592638036809816,0.276981282357626,0.312684365781711,0.376467649263053,0,
0.305837781987257,0.295004382120946,0.433691756272401,0.471522577717268,0.633774668998251,0,
0.330291028069571,0.290622261174408,0.456192751891677,0.610619469026549,0.781663752185861,1,
0.311692784570346,0.320595968448729,0.53584229390681,0.554799183117767,0.32075943042718,1,
0.413638711899432,0.633654688869413,0.709876543209876,0.262536873156342,0.381463902073445,0,
0.344584122610642,0.452760736196319,0.699123855037833,0.892216927615158,0.143392455658256,1,
0.733597382469433,0.189833479404032,0.340501792114695,0.384161561152712,0.306270297277042,0,
0.669020148097124,0.344259421560035,0.339705296694544,0.38234626730202,0.336497626779915,0,
0.320130876528328,0.355477651183173,0.570888092393469,0.828227819378262,0.165126155383462,0,
0.344411916652316,0.520070113935145,0.887295898048586,0.178352620830497,0.32075943042718,0,
0.326846908903048,0.350043821209465,0.515929908403027,0.271613342409803,0.690482138396203,1,
0.273635267780265,0.350394390885188,0.653126244524094,0.584070796460177,0.32075943042718,0,
0.363871189943172,0.398247151621385,0.935284747112704,0.585205355116859,0.228578566075443,0,
0.517306698811779,0.597370727432077,0.293707686180804,0.313592012707057,0.364976267799151,0,
0.620285861890821,0.392287467134093,0.433492632417364,0.401633764465623,0.247564326754934,0,
0.362493542276563,0.618930762489045,0.535045798486659,0.46811890174722,0.588558581064202,0,
0.384019287067333,0.394040315512708,0.802270011947431,0.174948944860449,0.467399450412191,1,
0.303771310487343,0.281507449605609,0.43110314615691,0.221012026321761,0.85236072945291,0,
0.832960220423627,0.44943032427695,0.321385902031063,0.459269344225096,0.283787159630277,0,
0.448940933356294,0.501840490797546,0.28952608522501,0.33287950987066,0.32075943042718,0,
0.274840709488548,0.141454864154251,0.666666666666667,0.14431586113002,0.32075943042718,0,
0.781987256759084,0.293251533742331,0.417363600159299,0.393691853868845,0.30102423182613,0,
0.363871189943172,0.512532865907099,0.876344086021505,0.233945995007942,0.244816387709218,0,
0.499913897020837,0.463803680981595,0.426921545201115,0.403222146584978,0.361478890831876,0,
0.554158773893577,0.440666082383874,0.451413779370769,0.415021556614477,0.27579315513365,0,
0.458928878939211,0.595793163891323,0.622859418558343,0.491036986612208,0.534599050711966,0,
0.397451351816773,0.499035933391762,0.294504181600956,0.329475833900613,0.302273295028728,0,
0.382641639400723,0.43680981595092,0.780167264038232,0.230542319037894,0.260804396702473,0,
0.399345617358361,0.767572304995618,0.482676224611708,0.574540503744044,0.238571071696228,0,
0.556569657310143,0.479929886064855,0.45400238948626,0.422282732017245,0.28203847114664,0,
0.725848114344756,0.293952673093777,0.53126244524094,0.690719310188337,0.227829128153885,0,
0.324436025486482,0.443470639789658,0.852648347272003,0.201951440889494,0.224831376467649,0,
0.363698983984846,0.538650306748466,0.289326961369972,0.317222600408441,0.29502872845366,0,
0.453934906147753,0.645749342681858,0.685981680605336,0.476514635806671,0.277292030976767,1,
0.387980024108834,0.299211218229623,0.694544006371963,0.520762423417291,0.493130152385711,1,
0.42087136214913,0.388431200701139,0.736957387495022,0.722033129112775,0.128903322508119,1,
0.373859135526089,0.490446976336547,0.684388689765034,0.699795779441797,0.19210592055958,1,
0.518856552436714,0.448553900087642,0.449223416965352,0.443839346494214,0.223082687984012,0,
0.434992250731875,0.560736196319018,0.300677021107129,0.411390968913093,0.240319760179865,0,
0.3903909075254,0.56319018404908,0.597769812823576,0.441116405718176,0.28228828378716,0,
0.327880144653005,0.3056967572305,0.503385105535643,0.77240753346948,0.742443167624282,1,
0.382469433442397,0.465907099035933,0.832138590203106,0.560018152938507,0.245815638271297,1,
0.312381608403651,0.336196319018405,0.549980087614496,0.56501021102791,0.32075943042718,1,
0.51816772860341,0.367221735319895,0.717642373556352,0.73474018606762,0.217336997252061,1,
0.33304632340279,0.382296231375986,0.8805256869773,0.194236442024053,0.457906570072446,0,
0.319614258653349,0.41384750219106,0.750497809637595,0.232811436351259,0.32075943042718,0,
0.306182193903909,0.322348816827344,0.113102349661489,0.751531654186521,0.32075943042718,0,
0.371792664026175,0.356704645048203,0.592194344882517,0.702972543680508,0.193105171121659,1,
0.421904597899087,0.595267309377739,0.281362007168459,0.314953483095076,0.32075943042718,0,
0.563113483726537,0.490622261174408,0.310234966148945,0.338325391422737,0.340744441668748,0,
0.348889271568796,0.523225241016652,0.805057745917961,0.230088495575221,0.32075943042718,0,
0.364560013776477,0.495530236634531,0.281959378733572,0.324029952348536,0.29502872845366,0,
0.335801618736008,0.416827344434706,0.932297889287137,0.194463353755389,0.32075943042718,0,
0.337179266402618,0.552497808939527,0.561131023496615,0.542319037894259,0.234823882088434,0,
0.353883244360255,0.550920245398773,0.875149342891278,0.21783526208305,0.252810392205846,0,
0.434820044773549,0.573356704645048,0.294902429311031,0.39664170637622,0.32075943042718,0,
0.322369553986568,0.315687992988606,0.774591796097172,0.528931245745405,0.145390956782413,1,
0.850697434131221,0.307975460122699,0.522500995619275,0.315634218289086,0.298526105420934,0,
0.331840881694507,0.45521472392638,0.678016726403823,0.224642614023145,0.242068448663502,0,
0.320130876528328,0.290271691498685,0.485862206292314,0.702064896755162,0.10267299525356,1,
0.359221629068366,0.407537248028046,0.864396654719235,0.207851145904243,0.245316012990257,0,
0.398656793525056,0.774057843996494,0.283353245718837,0.596097118221012,0.23732200849363,0,
0.361976924401584,0.348115687992989,0.668857029072083,0.760154299977309,0.14763927054709,1,
0.334940588944377,0.294653812445223,0.515929908403027,0.8738370773769,0.32075943042718,0,
0.479421387980024,0.530061349693252,0.303663878932696,0.400726117540277,0.295278541094179,0,
0.419321508524195,0.656266432953549,0.277180406212664,0.315634218289086,0.371221583812141,0,
0.820561391424143,0.186327782646801,0.340700915969733,0.343544361243476,0.308268798401199,0,
0.465644911313931,0.58737949167397,0.483671843886898,0.632176083503517,0.221583812140894,0,
0.473221973480282,0.535144609991236,0.710872162485066,0.516678012253234,0.26929802648014,1,
0.264336146030653,0.0718667835232252,0.798486658701712,0.16451100521897,0.191856107919061,0,
0.70552781126227,0.305521472392638,0.412783751493429,0.341048332198775,0.33949537846615,0,
0.475805062855175,0.531463628396144,0.305057745917961,0.295892897662809,0.765675743192606,0,
0.373514723609437,0.684312007011394,0.667064914376742,0.533696392103472,0.260554584061954,0,
0.338556914069227,0.41489921121823,0.912783751493429,0.16972997503971,0.483387459405446,0,
0.689340451179611,0.454163014899211,0.498805256869773,0.319945541184479,0.368223832125906,0,
0.386602376442225,0.322524101665206,0.662485065710872,0.790787383707738,0.138895828128903,0,
0.372825899776132,0.441717791411043,0.648347272003186,0.710460630814613,0.148888333749688,1,
0.323747201653177,0.351621384750219,0.546794105933891,0.77240753346948,0.125405945540844,1,
0.339590149819184,0.376511831726556,0.694942254082039,0.560698888132516,0.226580064951287,1,
0.958842775960048,0.174583698510079,0.339307048984468,0.343771272974813,0.309767674244317,0,
0.445841226106423,0.523575810692375,0.618279569892473,0.274563194917177,0.285785660754434,1,
0.832099190631996,0.330236634531113,0.336320191158901,0.399591558883594,0.304271796152885,0,
0.311176166695368,0.283085013146363,0.451214655515731,0.757658270932607,0.635523357481889,0,
0.311692784570346,0.327957931638913,0.431302270011947,0.55525300658044,0.32075943042718,1,
0.340795591527467,0.405258545135846,0.68837116686579,0.533469480372135,0.223832125905571,0,
0.64680557947305,0.435056967572305,0.422939068100358,0.41025641025641,0.304521608793405,0,
0.332013087652833,0.417353198948291,0.424532058940661,0.467438166553211,0.457157132150887,0,
0.324091613569829,0.424364592462752,0.533851055356432,0.648059904697073,0.199600299775169,0,
0.381780609609092,0.443821209465381,0.800876144962167,0.228727025187202,0.26255308518611,0,
0.364387807818151,0.415249780893953,0.824970131421744,0.230769230769231,0.404946290282288,0,
0.275185121405201,0.136371603856266,0.130426125049781,0.0503744043567052,0.162628028978266,0,
0.801790941966592,0.407186678352323,0.508363201911589,0.319037894259133,0.299025730701974,0,
0.399517823316687,0.634355828220859,0.257068896853843,0.310642160199682,0.293030227329503,0,
0.39262958498364,0.44715162138475,0.74352847471127,0.76401179941003,0.191856107919061,1,
0.311864990528672,0.330411919368975,0.633612106730386,0.82051282051282,0.155383462403198,0,
0.258825555364216,0.578264680105171,0.506969334926324,0.466984343090538,0.32075943042718,0,
0.339934561735836,0.372480280455741,0.59279171644763,0.826185613796233,0.0549587809143143,1,
0.37024281040124,0.808939526730938,0.237355635205098,0.454958021329703,0.32075943042718,0,
0.749612536593766,0.311130587204207,0.410991636798088,0.378942591331972,0.343742193354984,0,
0.375925607026003,0.692199824715162,0.512146555157308,0.547991831177672,0.49337996502623,1,
0.309109695195454,0.341980718667835,0.205694942254082,0.951667801225323,0.32075943042718,0,
0.367831926984674,0.376687116564417,0.85663082437276,0.672339459950079,0.202847864101924,0,
0.313414844153608,0.357931638913234,0.448028673835125,0.55071477195371,0.32075943042718,1,
0.677458240055106,0.328308501314636,0.39705296694544,0.380077149988654,0.337996502623033,0,
0.563630101601515,0.430324276950044,0.446634806849861,0.309961425005673,0.647014738945791,0,
0.260375408989151,0.512182296231376,0.782755874153724,0.521216246879964,0.237821633774669,0,
0.343895298777338,0.342331288343558,0.894066109119873,0.579759473564783,0.451161628778416,1,
0.314620285861891,0.32410166520596,0.538430904022302,0.754481506693896,0.32075943042718,1,
0.340795591527467,0.473269062226117,0.589406610911987,0.461538461538462,0.32075943042718,0,
0.52040640606165,0.434706397896582,0.443249701314217,0.442931699568868,0.222083437421934,0,
0.338556914069227,0.448028045574058,0.81521306252489,0.558202859087815,0.239320509617787,0,
0.42311003960737,0.482559158632778,0.481282357626444,0.411390968913093,0.375718211341494,0,
0.429826071982091,0.622085889570552,0.275985663082437,0.276605400499206,0.688733449912565,0,
0.404856208024798,0.646275197195443,0.26284348864994,0.424778761061947,0.357731701224082,0,
0.341484415360771,0.409290096406661,0.800079649542015,0.155661447696846,0.32075943042718,0,
0.39400723265025,0.310078878177038,0.801274392672242,0.643521670070343,0.638021483887085,1,
0.345789564318925,0.445398773006135,0.471724412584628,0.428409348763331,0.32075943042718,0,
0.5464095057689,0.630148992112182,0.290919952210275,0.401860676196959,0.27554334249313,0,
0.399517823316687,0.529710780017528,0.247710075667065,0.306103925572952,0.280039970022483,0,
0.331324263819528,0.420508326029798,0.819792911190761,0.190832766054005,0.206844866350237,0,
0.254692612364388,0.761262050832603,0.239346873755476,0.283866575901974,0.278041468898326,0,
0.388496641983813,0.448378615249781,0.661489446435683,0.259813932380304,0.634024481638771,1,
0.574134665059411,0.319018404907975,0.386897650338511,0.386430678466077,0.277541843617287,0,
0.317375581195109,0.328308501314636,0.487256073277579,0.610619469026549,0.457656757431926,1,
0.33976235577751,0.413146362839614,0.664675428116288,0.538461538461539,0.423432425680739,0,
0.268813500947133,0.320070113935145,0.498008761449622,0.721125482187429,0.0637022233325007,1,
0.469605648355433,0.376336546888694,0.577459179609717,0.600181529385069,0.437921558830877,1,
0.48097124160496,0.515162138475022,0.290123456790123,0.478783753120036,0.4484136897327,0,
0.347167211985535,0.44715162138475,0.570688968538431,0.470841842523259,0.18611041718711,0,
0.39262958498364,0.827344434706398,0.220430107526882,0.451781257090992,0.278291281538846,0,
0.36576545548476,0.648904469763365,0.562923138191955,0.477422282732017,0.518611041718711,0,
0.517306698811779,0.422261174408414,0.423934687375548,0.389834354436124,0.346739945041219,0,
0.426209746857241,0.523575810692375,0.554559936280366,0.461311549807125,0.382213339995004,0,
0.768038574134665,0.281507449605609,0.39984070091597,0.40639891082369,0.302023482388209,0,
0.332013087652833,0.315162138475022,0.690959776981282,0.62741093714545,0.496877341993505,0,
0.446357843981402,0.501489921121823,0.420151334129829,0.385523031540731,0.337996502623033,0,
0.677458240055106,0.357230499561788,0.441656710473915,0.309961425005673,0.430177366974769,0,
0.418977096607543,0.336722173531989,0.763440860215054,0.201497617426821,0.424181863602298,1,
0.353883244360255,0.581069237510955,0.598964555953803,0.474472430224643,0.229328003997002,1,
0.349750301360427,0.641893076248904,0.276184786937475,0.427274790106649,0.291531351486385,0,
0.254003788531083,0.610867659947415,0.270808442851454,0.299977308826866,0.32075943042718,0,
0.541759944894093,0.47817703768624,0.307248108323377,0.331744951213978,0.350736947289533,0,
0.318064405028414,0.370902716914987,0.441855834328953,0.511232130701157,0.0874344241818636,0,
0.364904425693129,0.460999123575811,0.532457188371167,0.463807578851827,0.283787159630277,0,
0.404684002066471,0.812445223488168,0.269812823576264,0.29906966190152,0.470647014738946,0,
0.367143103151369,0.420333041191937,0.826363998407009,0.224415702291808,0.242568073944542,0,
0.352161184776993,0.47239263803681,0.898247710075667,0.201724529158157,0.244816387709218,0,
0.335112794902704,0.316213847502191,0.728594185583433,0.568867710460631,0.440669497876593,0,
0.339934561735836,0.365819456617003,0.54958183990442,0.267075107783072,0.32075943042718,1,
0.35095574306871,0.445749342681858,0.771604938271605,0.524166099387338,0.261304021983512,0,
0.308593077320475,0.31603856266433,0.426921545201115,0.47333787156796,0.570072445665751,0,
0.354744274151886,0.372304995617879,0.481282357626444,0.626276378488768,0.654758930801899,1,
0.304115722403995,0.281682734443471,0.446037435284747,0.235307465395961,0.32075943042718,0,
0.500947132770794,0.541279579316389,0.305256869772999,0.398683911958248,0.297277042218336,0,
0.415705183399346,0.698510078878177,0.270011947431302,0.414567733151804,0.281039220584562,0,
0.348889271568796,0.60578439964943,0.256073277578654,0.438847288404811,0.32075943042718,0,
0.336662648527639,0.31954425942156,0.733572281959379,0.571136827773996,0.434673994504122,0,
0.335973824694334,0.421910604732691,0.776981282357626,0.241434082142047,0.255308518611042,0,
0.352161184776993,0.531989482909728,0.475906013540422,0.414567733151804,0.355233574818886,0,
0.239882899948338,0.0304995617879053,0.243329350856233,0.295892897662809,0.283037721708718,0,
0.496125365937661,0.461349693251534,0.502389486260454,0.769230769230769,0.196352735448414,0,
0.435508868606854,0.554776511831727,0.287136598964556,0.413206262763785,0.253559830127404,0,
0.520923023936628,0.443996494303243,0.304062126642772,0.336963921034717,0.33949537846615,0,
0.397623557775099,0.470815074496056,0.214257268020709,0.297254368050828,0.272545590806895,0,
0.323574995694851,0.307274320771253,0.498207885304659,0.743589743589744,0.32075943042718,0,
0.310659548820389,0.321647677475898,0.577459179609717,0.358747447243022,0.32075943042718,0,
0.563974513518168,0.51726555652936,0.517921146953405,0.449058316314954,0.419185610791906,0,
0.393146202858619,0.624364592462752,0.59378733572282,0.47401860676197,0.276542593055209,0,
0.428448424315481,0.691323400525855,0.574273197929112,0.506920807805764,0.456157881588808,1,
0.392457379025314,0.72532865907099,0.513938669852648,0.471068754254595,0.495378466150387,1,
0.335629412777682,0.299386503067485,0.506172839506173,0.55593374177445,0.497626779915064,1,
0.352677802651972,0.44715162138475,0.690163281561131,0.547084184252326,0.219335498376218,0,
0.400034441191665,0.340052585451358,0.644563918757467,0.499432720671659,0.447414439170622,1,
0.337007060444291,0.337072743207713,0.681800079649542,0.181302473337872,0.89732700474644,1,
0.357155157568452,0.44592462751972,0.665272799681402,0.515997277059224,0.195353484886335,0,
0.268296883072154,0.320420683610868,0.257268020708881,0.100068073519401,0.32075943042718,1,
0.652488376097813,0.35056967572305,0.39247311827957,0.402768323122305,0.286285286035473,0,
0.412088858274496,0.776687116564417,0.285941855834329,0.427501701837985,0.515613290032476,0,
0.668331324263819,0.496406660823839,0.540621266427718,0.517131835715906,0.269797651761179,0,
