540,5,2,
0.562596865851558,0.384574934268186,0.621863799283154,0.594962559564329,0.460404696477642,0,
0.345617358360599,0.455565293602103,0.891875746714456,0.144088949398684,0.204096927304522,0,
0.45806784914758,0.357405784399649,0.33452807646356,0.379396414794645,0.305520859355483,0,
0.534527294644395,0.500964066608238,0.457785742731979,0.722033129112775,0.214838870846865,0,
0.318753228861719,0.345135845749343,0.65252887295898,0.649421375085092,0.141893579815139,1,
0.45806784914758,0.423663453111306,0.465153325368379,0.611527115951895,0.502872845365975,1,
0.375408989151025,0.495880806310254,0.859816806053365,0.201724529158157,0.421184111916063,1,
0.480282417771655,0.482033304119194,0.285941855834329,0.330837304288632,0.343242568073945,0,
0.280179094196659,0.188781770376862,0.274392672242135,0.707964601769911,0.0249812640519611,1,
0.620113655932495,0.320595968448729,0.400438072481083,0.393011118674835,0.282787909068199,0,
0.349233683485449,0.423663453111306,0.770011947431302,0.599954617653733,0.581314014489133,1,
0.528844498019631,0.485188431200701,0.305854241338112,0.39664170637622,0.278041468898326,0,
0.629584983640434,0.465381244522349,0.526284348864994,0.461084638075789,0.256807394454159,0,
0.339073531944205,0.430674846625767,0.802867383512545,0.180394826412526,0.240069947539345,0,
0.485276390563113,0.675723049956179,0.293906810035842,0.324483775811209,0.367974019485386,0,
0.306354399862235,0.280631025416301,0.443249701314217,0.621284320399365,0.729952535598301,0,
0.505424487687274,0.582471516213848,0.291517323775388,0.40639891082369,0.355983012740445,0,
0.328741174444636,0.31375985977213,0.493229788928714,0.615157703653279,0.32075943042718,1,
0.818322713965903,0.191761612620508,0.395260852250099,0.341048332198775,0.303022732950287,0,
0.35095574306871,0.316213847502191,0.725607327757865,0.628999319264806,0.569822633025231,0,
0.489409333562941,0.559859772129711,0.293110314615691,0.322214658497844,0.293280039970022,0,
0.317547787153435,0.382997370727432,0.821585025886101,0.195824824143408,0.187109667749188,0,
0.778715343550887,0.287992988606486,0.343687773795301,0.379396414794645,0.305271046714964,0,
0.329257792319614,0.44943032427695,0.531859816806053,0.606535057862492,0.21159130652011,0,
0.344928534527295,0.585977212971078,0.273795300677021,0.427955525300658,0.290032475643268,0,
0.325469261236439,0.405609114811569,0.82536837913182,0.209893351486272,0.251061703722208,0,
0.397279145858447,0.718667835232252,0.293707686180804,0.320626276378489,0.356982263302523,0,
0.41191665231617,0.439439088518843,0.694743130227001,0.513728159745859,0.264801398950787,0,
0.548992595143792,0.577914110429448,0.465551573078455,0.628999319264806,0.238571071696228,0,
0.367143103151369,0.340403155127081,0.757467144563919,0.203993646471523,0.434923807144642,1,
0.332529705527811,0.657843996494303,0.497610513739546,0.761515770365328,0.184611541343992,0,
0.421043568107456,0.727081507449606,0.26284348864994,0.302246426140231,0.541593804646515,0,
0.469950060272085,0.56441717791411,0.494026284348865,0.26072157930565,0.60929303022733,0,
0.3271913208197,0.366520595968449,0.540621266427718,0.640344905831632,0.12790407194604,1,
0.789564318925435,0.183172655565294,0.6342094782955,0.472884048105287,0.266799900074944,0,
0.463406233855691,0.756003505696757,0.528872958980486,0.505786249149081,0.399200599550337,0,
0.315481315653522,0.312532865907099,0.451015531660693,0.24574540503744,0.590057456907319,1,
0.345789564318925,0.44364592462752,0.661688570290721,0.487860222373497,0.240819385460904,0,
0.686412949888066,0.464154250657318,0.501592990840303,0.319945541184479,0.37172120909318,0,
0.853969347339418,0.346538124452235,0.398048586220629,0.384161561152712,0.304271796152885,0,
0.325813673153091,0.512007011393514,0.823775388291517,0.201270705695484,0.32075943042718,0,
0.794902703633546,0.327081507449606,0.337913181999204,0.387111413660086,0.305770671996003,0,
0.501808162562425,0.53339176161262,0.314615690959777,0.334240980258679,0.345740694479141,0,
0.402273118649905,0.372830850131464,0.750298685782557,0.52598139323803,0.411191606295279,0,
0.35095574306871,0.423137598597721,0.918757467144564,0.171772180621738,0.225580814389208,0,
0.385741346650594,0.391060473269062,0.83273596176822,0.176537326979805,0.242318261304022,0,
0.332529705527811,0.323751095530237,0.536439665471923,0.802813705468573,0.32075943042718,1,
0.850180816256242,0.323926380368098,0.578853046594982,0.29906966190152,0.296777416937297,0,
0.405889443774755,0.675723049956179,0.599163679808841,0.558883594281824,0.260554584061954,1,
0.343723092819012,0.334969325153374,0.47331740342493,0.595643294758339,0.633275043717212,1,
0.386257964525573,0.448028045574058,0.656113102349661,0.790333560245065,0.18561079190607,1,
0.310659548820389,0.31375985977213,0.572481083233771,0.88359428182437,0.32075943042718,0,
0.38591355260892,0.738825591586328,0.228992433293509,0.301111867483549,0.282787909068199,0,
0.502669192354055,0.585801928133217,0.279968140183194,0.316314953483095,0.359730202348239,0,
0.335801618736008,0.361437335670464,0.550975706889685,0.877240753346948,0.32075943042718,1,
0.327019114861374,0.334969325153374,0.648944643568299,0.499659632402995,0.649263052710467,1,
0.281901153779921,0.36441717791411,0.688968538430904,0.659178579532562,0.568323757182113,1,
0.375753401067677,0.449255039439088,0.870171246515333,0.198774676650783,0.249063202598051,0,
0.310487342862063,0.337248028045574,0.55794504181601,0.875652371227592,0.101174119410442,1,
0.408816945066299,0.704995617879054,0.545599362803664,0.428863172226004,0.366724956282788,0,
0.408300327191321,0.502191060473269,0.296495420151334,0.402087587928296,0.28853359980015,0,
0.530910969519545,0.371078001752848,0.872361608920749,0.234626730201951,0.25655758181364,1,
0.85879111417255,0.352673093777388,0.41816009557945,0.556387565237123,0.270547089682738,0,
0.337179266402618,0.383523225241017,0.499004380724811,0.591558883594282,0.32075943042718,1,
0.314792491820217,0.337423312883436,0.635404221425727,0.50260948491037,0.32075943042718,0,
0.337007060444291,0.536546888694128,0.548586220629231,0.525300658044021,0.248063952035973,0,
0.311348372653694,0.304820333041192,0.46594982078853,0.606081234399819,0.32075943042718,1,
0.361460306526606,0.34829097283085,0.953604141776185,0.201951440889494,0.43617287034724,1,
0.827277423798863,0.184049079754601,0.393667861409797,0.386430678466077,0.29502872845366,0,
0.316170139486826,0.358282208588957,0.59099960175229,0.789199001588382,0.32075943042718,1,
0.689168245221285,0.294127957931639,0.345081640780565,0.346948037213524,0.332000999250562,0,
0.31152057861202,0.310604732690622,0.538032656312226,0.556160653505786,0.32075943042718,1,
0.832271396590322,0.347589833479404,0.399044205495818,0.385296119809394,0.304021983512366,0,
0.644911313931462,0.325679228746713,0.776981282357626,0.257771726798275,0.280539595303522,0,
0.366454279318064,0.372129710780018,0.62226204699323,0.761061946902655,0.168873344991257,0,
0.356294127776821,0.534618755477651,0.640979689366786,0.244837758112094,0.25031226580065,0,
0.382813845359049,0.664855390008764,0.217443249701314,0.437031994554118,0.32075943042718,0,
0.267952471155502,0.445398773006135,0.696136997212266,0.238484229634672,0.267299525355983,0,
0.325297055278113,0.327782646801052,0.405217045001991,0.614023144996596,0.684736447664252,1,
0.339073531944205,0.499386503067485,0.590800477897252,0.252325845246199,0.405196102922808,0,
0.32856896848631,0.340753724802805,0.491039426523298,0.73474018606762,0.32075943042718,1,
0.377992078525917,0.618580192813322,0.287335722819594,0.323349217154527,0.298775918061454,0,
0.343378680902359,0.312007011393514,0.711071286340103,0.573405945087361,0.605046215338496,0,
0.35904942311004,0.450306748466258,0.527877339705297,0.281597458588609,0.437172120909318,0,
0.392973996900293,0.31954425942156,0.524293110314616,0.71000680735194,0.1541343992006,1,
0.747029447218874,0.317090271691499,0.398645957785743,0.388926707510778,0.30776917312016,0,
0.395040468400207,0.776336546888694,0.263042612504978,0.314272747901066,0.286535098675993,0,
0.476493886688479,0.619807186678352,0.296097172441258,0.326525981393238,0.347239570322258,0,
0.377647666609265,0.622261174408414,0.603743528474711,0.672793283412752,0.210342243317512,1,
0.344067504735664,0.430674846625767,0.512345679012346,0.651463580667121,0.135898076442668,1,
0.581539521267436,0.454513584574934,0.46694544006372,0.448150669389607,0.26929802648014,0,
0.316170139486826,0.312708150744961,0.474512146555157,0.51168595416383,0.32075943042718,0,
0.349578095402101,0.444522348816827,0.888092393468737,0.19310188336737,0.32075943042718,0,
0.363010160151541,0.331288343558282,0.698924731182796,0.627864760608123,0.092930302273295,1,
0.798174616841743,0.413146362839614,0.508761449621665,0.325391422736555,0.302023482388209,0,
0.43568107456518,0.578264680105171,0.271405814416567,0.316768776945768,0.32075943042718,0,
0.485965214396418,0.676424189307625,0.291716447630426,0.322895393691854,0.388708468648514,0,
0.785086964008955,0.188080631025416,0.339904420549582,0.37712729748128,0.337746689982513,0,
0.678319269846737,0.388606485539001,0.433492632417364,0.414340821420467,0.459655258556083,0,
0.446013432064749,0.481507449605609,0.299482277976902,0.336737009303381,0.343242568073945,0,
0.808679180299638,0.341104294478528,0.38968538430904,0.343544361243476,0.312765425930552,0,
0.318408816945066,0.34478527607362,0.549382716049383,0.835035171318357,0.140394703972021,1,
0.363698983984846,0.691849255039439,0.508363201911589,0.484910369866122,0.32075943042718,0,
0.83864301704839,0.32532865907099,0.33452807646356,0.397776265032902,0.304771421433925,0,
0.816600654382642,0.315337423312883,0.338908801274393,0.379850238257318,0.338995753185111,0,
0.471499913897021,0.522874671340929,0.551971326164874,0.442931699568868,0.478641019235573,0,
0.310487342862063,0.308501314636284,0.471326164874552,0.815293850692081,0.32075943042718,0,
0.620974685724126,0.171779141104294,0.393667861409797,0.338325391422737,0.338496127904072,0,
0.397279145858447,0.335319894829097,0.694942254082039,0.60335829362378,0.222083437421934,1,
0.425004305148958,0.497633654688869,0.547988849064118,0.465169049239846,0.478141393954534,1,
0.314620285861891,0.338650306748466,0.529669454400637,0.556841388699796,0.133150137396952,1,
0.642672636473222,0.324452234881683,0.386499402628435,0.393238030406172,0.273045216087934,0,
0.437575340106768,0.613672217353199,0.265830346475508,0.405491263898344,0.32075943042718,0,
0.88841053900465,0.316389132340053,0.336121067303863,0.383253914227366,0.339245565825631,0,
0.380402961942483,0.566345311130587,0.59557945041816,0.288631722260041,0.252560579565326,1,
0.876183915963492,0.174057843996494,0.398048586220629,0.384161561152712,0.305770671996003,0,
0.343895298777338,0.330061349693252,0.46694544006372,0.610846380757885,0.0674494129402948,1,
0.831582572757017,0.287116564417178,0.644763042612505,0.280009076469253,0.28828378715963,0,
0.324263819528156,0.469938650306748,0.876941457586619,0.187656001815294,0.239820134898826,0,
0.230239366282073,0.551095530236635,0.563520509757069,0.277513047424552,0.251061703722208,0,
0.411744446357844,0.439263803680982,0.694544006371963,0.513501248014522,0.264801398950787,0,
0.768210780092991,0.348466257668712,0.333134209478295,0.377808032675289,0.311766175368474,0,
0.338729120027553,0.528308501314636,0.771405814416567,0.215793056501021,0.32075943042718,0,
0.314448079903565,0.375284837861525,0.620270808442851,0.742682096664397,0.32075943042718,0,
0.332185293611159,0.423663453111306,0.310035842293907,0.47787610619469,0.32075943042718,0,
0.798174616841743,0.191761612620508,0.341298287534847,0.376219650555934,0.336497626779915,0,
0.311864990528672,0.309728308501315,0.261449621664675,0.872021783526208,0.132900324756433,0,
0.366798691234717,0.814548641542507,0.247710075667065,0.30428863172226,0.283037721708718,0,
0.324263819528156,0.48045574057844,0.855037833532457,0.193555706830043,0.32075943042718,0,
0.32942999827794,0.338650306748466,0.658701712465153,0.500113455865668,0.32075943042718,1,
0.343550886860685,0.37931638913234,0.667064914376742,1,0.116912315763178,1,
0.360082658859997,0.541454864154251,0.693548387096774,0.257090991604266,0.32075943042718,0,
0.337351472360944,0.334794040315513,0.482676224611708,0.276378488767869,0.706969772670497,0,
0.311348372653694,0.284837861524978,0.45679012345679,0.779441797140912,0.608543592305771,0,
0.33752367831927,0.700262927256792,0.495021903624054,0.519400953029272,0.32075943042718,0,
0.369553986567935,0.339702015775635,0.800876144962167,0.541865214431586,0.620284786410192,1,
0.521611847769933,0.480280455740578,0.544802867383512,0.515316541865214,0.64126904821384,1,
0.768555192009644,0.341980718667835,0.39426523297491,0.382800090764693,0.305770671996003,0,
0.5055966936456,0.572655565293602,0.292114695340502,0.31858407079646,0.294029477891581,0,
0.264336146030653,0.312883435582822,0.494822779769016,0.769684592693442,0,1,
0.372998105734458,0.411042944785276,0.717045001991239,0.260948491036987,0.270297277042218,0,
0.344928534527295,0.466257668711656,0.740342493030665,0.231223054231904,0.32075943042718,1,
0.317203375236783,0.409815950920245,0.487256073277579,0.651917404129794,0.32075943042718,1,
0.400206647149991,0.684837861524978,0.243130227001195,0.30496936691627,0.287534349238071,0,
0.425865334940589,0.638212094653812,0.653126244524094,0.505332425686408,0.529352985261054,1,
0.434303426898571,0.415425065731814,0.741537236160892,0.614476968459269,0.664251811141644,1,
0.487170656104701,0.448028045574058,0.318399044205496,0.338552303154073,0.306769922558081,0,
0.315653521611848,0.321297107800175,0.566507367582636,0.549353301565691,0.201598800899326,1,
0.845531255381436,0.484136722173532,0.326762246117085,0.339233038348083,0.305770671996003,0,
0.349750301360427,0.534092900964067,0.482477100756671,0.426820966643976,0.291031726205346,0,
0.418460478732564,0.473269062226117,0.312425328554361,0.334014068527343,0.306270297277042,0,
0.624418804890649,0.37475898334794,0.401433691756272,0.395507147719537,0.363477391956033,0,
0.53383847081109,0.514110429447853,0.434886499402628,0.417290673927842,0.356732450662003,0,
0.493714482521095,0.63330411919369,0.520708880923935,0.419786702972544,0.287284536597552,1,
0.448940933356294,0.526380368098159,0.485862206292314,0.403449058316315,0.28828378715963,0,
0.395729292233511,0.651358457493427,0.521704500199124,0.427955525300658,0.368223832125906,0,
0.613742035474427,0.627870289219982,0.298287534846675,0.412071704107102,0.397951536347739,0,
0.389185465817117,0.0275197195442594,0.694344882516926,0.222827320172453,0.242068448663502,0,
0.799380058550026,0.325503943908852,0.342094782954998,0.37712729748128,0.310517112165876,0,
0.405889443774755,0.607361963190184,0.486260454002389,0.425005672793283,0.283537346989758,0,
0.336662648527639,0.348115687992989,0.679808841099164,0.657817109144543,0.495628278790907,0,
0.838470811090064,0.304820333041192,0.333532457188371,0.342182890855457,0.309517861603797,0,
0.338729120027553,0.574057843996494,0.565909996017523,0.486498751985478,0.32075943042718,0,
0.393662820733597,0.639263803680982,0.780167264038232,0.225550260948491,0.242568073944542,0,
0.854830377131049,0.178965819456617,0.336121067303863,0.38166553210801,0.334748938296278,0,
0.327880144653005,0.475372480280456,0.720430107526882,0.219877467665078,0.25006245316013,0,
0.310831754778715,0.324802804557406,0.618279569892473,0.8309507601543,0.143642268298776,0,
0.312553814361977,0.310429447852761,0.276782158502589,0.852961198093941,0.32075943042718,0,
0.348372653693818,0.541104294478528,0.64058144165671,0.266621284320399,0.260554584061954,0,
0.395557086275185,0.763365468886941,0.278574273197929,0.427274790106649,0.554833874594054,0,
0.49216462889616,0.40578439964943,0.324372759856631,0.380077149988654,0.335998001498876,0,
0.565352161184777,0.648378615249781,0.267821585025886,0.311322895393692,0.293529852610542,0,
0.381091785775788,0.426292725679229,0.63878932696137,0.277513047424552,0.384961279040719,0,
0.376614430859308,0.562313759859772,0.666069295101553,0.728386657590197,0.201848613539845,1,
0.40072326502497,0.385276073619632,0.759657506969335,0.236215112321307,0.224831376467649,1,
0.693645600137765,0.346713409290096,0.340700915969733,0.388472884048105,0.308018985760679,0,
0.270535560530394,0.424364592462752,0.874551971326165,0.167233945995008,0.216837371971022,0,
0.397451351816773,0.728483786152498,0.275985663082437,0.41479464488314,0.267549337996503,0,
0.374375753401068,0.415074496056091,0.714655515730784,0.67097798956206,0.203347489382963,0,
0.733252970552781,0.330762489044698,0.476901632815611,0.466757431359201,0.405945540844367,0,
0.336834854485965,0.602629272567923,0.596575069693349,0.238030406171999,0.259805146140395,0,
0.342689857069055,0.378264680105171,0.707487056949422,0.556160653505786,0.32075943042718,0,
0.385741346650594,0.783698510078878,0.230585424133811,0.299523485364193,0.32075943042718,0,
0.374375753401068,0.360736196319018,0.553564317005177,0.76786929884275,0.162378216337747,1,
0.272429826071982,0.341279579316389,0.654121863799283,0.574086680281371,0.32075943042718,1,
0.370759428276218,0.48501314636284,0.773994424532059,0.250283639664171,0.414439170622033,0,
0.802996383674875,0.289044697633655,0.404022301871764,0.378715679600635,0.348238820884337,0,
0.309626313070432,0.311656441717791,0.515730784547989,0.929203539823009,0.32075943042718,1,
0.781126226967453,0.334618755477651,0.336718438868976,0.399137735420921,0.347239570322258,0,
0.627862924057172,0.441191936897458,0.415770609318996,0.383934649421375,0.304521608793405,0,
0.322025142069916,0.405433829973707,0.858622062923138,0.215112321307012,0.32075943042718,0,
0.448424315481316,0.431551270815074,0.680804460374353,0.244157022918085,0.535348488633525,1,
0.469950060272085,0.521998247151621,0.725607327757865,0.500567279328341,0.26904821383962,1,
0.548820389185466,0.507449605609115,0.682596575069693,0.299523485364193,0.288033974519111,0,
0.589288789392113,0.323225241016652,0.821784149741139,0.249829816201498,0.273045216087934,0,
0.264336146030653,0.549693251533742,0.614097968936679,0.492625368731563,0.412190856857357,0,
0.677974857930084,0.458369851007888,0.452608522500996,0.45904243249376,0.263302523107669,0,
0.338729120027553,0.465907099035933,0.935483870967742,0.152030859995462,0.32075943042718,0,
0.549853624935423,0.524276950043821,0.479091995221027,0.319037894259133,0.29477891581314,0,
0.344067504735664,0.559684487291849,0.553166069295101,0.856364874063989,0.173619785161129,0,
0.311348372653694,0.294829097283085,0.446236559139785,0.493079192194236,0.833624781413939,0,
0.510418460478733,0.749868536371604,0.270808442851454,0.318130247333787,0.287534349238071,0,
0.421732391940761,0.590885188431201,0.549780963759458,0.639891082368958,0.226829877591806,0,
0.416049595315998,0.788957055214724,0.280963759458383,0.306103925572952,0.446665001249063,0,
0.382641639400723,0.327081507449606,0.676622859418558,0.629680054458815,0.605046215338496,1,
0.378336490442569,0.2988606485539,0.736559139784946,0.917631041524847,0.146390207344492,1,
0.311864990528672,0.311831726555653,0.477299880525687,0.714998865441343,0.543592305770672,1,
0.515412433270191,0.424890446976337,0.20768618080446,0.223508055366462,0.242068448663502,0,
0.384363698983985,0.698334794040316,0.261449621664675,0.460630814613115,0.495128653509868,1,
0.621319097640778,0.332515337423313,0.341497411389884,0.391649648286816,0.272545590806895,0,
0.331840881694507,0.285714285714286,0.480485862206292,0.71000680735194,0.561578815888084,1,
0.410194592732909,0.628220858895706,0.27479091995221,0.304742455184933,0.259305520859355,0,
0.751851214052006,0.290271691498685,0.400438072481083,0.410029498525074,0.30102423182613,0,
0.397795763733425,0.447326906222612,0.58363201911589,0.636487406398911,0.213090182363228,1,
0.339417943860858,0.667484662576687,0.266427718040621,0.429543907420014,0.285785660754434,0,
0.329774410194593,0.298510078878177,0.48984468339307,0.781030179260268,0.632025980514614,1,
0.500258308937489,0.359158632778265,0.902429311031462,0.22169276151577,0.261803647264552,1,
0.327363526778026,0.388957055214724,0.544006371963361,0.587474472430225,0.201848613539845,1,
0.407783709316342,0.505872042068361,0.30326563122262,0.329702745631949,0.303272545590807,0,
0.825210952298949,0.167747589833479,0.336917562724014,0.341275243930111,0.308018985760679,0,
0.302221456862407,0.278001752848379,0.426722421346077,0.252325845246199,0.32075943042718,0,
0.352161184776993,0.580893952673094,0.636200716845878,0.512593601089176,0.257307019735199,0,
0.314792491820217,0.341454864154251,0.648347272003186,0.824370319945541,0.32075943042718,0,
0.458412261064233,0.524276950043821,0.608522500995619,0.1976401179941,0.581314014489133,1,
0.344928534527295,0.479228746713409,0.666268418956591,0.260267755842977,0.266799900074944,0,
0.626657482348889,0.480806310254163,0.315611310234966,0.390288177898797,0.30152385710717,0,
0.433270191148614,0.487817703768624,0.463958582238152,0.315861130020422,0.32075943042718,0,
0.38815223006716,0.362489044697634,0.860414177618479,0.167687769457681,0.219585311016737,1,
0.356638539693473,0.32638036809816,0.722023098367184,0.603585205355117,0.159380464651511,1,
0.436886516273463,0.656967572304996,0.243329350856233,0.297254368050828,0.286784911316513,0,
0.318064405028414,0.283260297984224,0.439466348068499,0.569321533923304,0.719210592055958,0,
0.600309970724987,0.498510078878177,0.441457586618877,0.400045382346267,0.289532850362228,0,
0.83416566213191,0.185626643295355,0.395659099960175,0.385976855003404,0.292280789407944,0,
0.594454968141898,0.605433829973707,0.463958582238152,0.408668028137055,0.289782663002748,0,
0.312898226278629,0.356178790534619,0.496614894464357,0.718402541411391,0.101423932050962,1,
0.343550886860685,0.456441717791411,0.817005177220231,0.228500113455866,0.32075943042718,0,
0.383847081109006,0.81034180543383,0.248108323377141,0.560018152938507,0.252810392205846,0,
0.33304632340279,0.571428571428571,0.740939864595779,0.201497617426821,0.253310017486885,0,
0.237816428448424,0.343908851884312,0.538430904022302,0.645110052189698,0.574069447914064,1,
0.348028241777165,0.761963190184049,0.622660294703305,0.51236668935784,0.270547089682738,1,
0.459273290855864,0.703943908851884,0.280764635603345,0.282278193782619,0.523857107169623,0,
0.355949715860169,0.639263803680982,0.505774591796097,0.481052870433401,0.214089432925306,0,
0.26175305665576,0.581419807186678,0.516726403823178,0.469707283866576,0.268798401199101,0,
0.377819872567591,0.660648553900088,0.274990043807248,0.411617880644429,0.287284536597552,0,
0.60375408989151,0.523575810692375,0.292911190760653,0.33356024506467,0.348238820884337,0,
0.391596349233683,0.679404031551271,0.248705694942254,0.419559791241207,0.37796652510617,0,
0.325469261236439,0.415775635407537,0.678813221823974,0.250737463126844,0.32075943042718,0,
0.495264336146031,0.627695004382121,0.294703305455994,0.410029498525074,0.359730202348239,0,
0.368520750817978,0.324802804557406,0.69115890083632,0.610165645563876,0.803397451911067,1,
0.62975718959876,0.484312007011393,0.307447232178415,0.411390968913093,0.295278541094179,0,
0.3903909075254,0.655390008764242,0.575268817204301,0.650555933741774,0.230327254559081,1,
0.246598932323058,0.375109553023663,0.131222620469932,0.735874744724302,0.32075943042718,1,
0.807818150508008,0.30464504820333,0.34010354440462,0.383480825958702,0.346739945041219,0,
0.314275873945238,0.33216476774759,0.538829151732378,0.560018152938507,0.32075943042718,1,
0.337179266402618,0.389307624890447,0.904221425726802,0.204447469934196,0.236322757931551,0,
0.330979851902876,0.309027169149869,0.466547192353644,0.63262990696619,0.742193354983762,1,
0.801963147924918,0.295705521472393,0.648944643568299,0.298388926707511,0.28878341244067,0,
0.330291028069571,0.421034180543383,0.896057347670251,0.143635125936011,0.32075943042718,0,
0.308076459445497,0.35635407537248,0.495021903624054,0.450873610165646,0.432425680739445,0,
0.412088858274496,0.34250657318142,0.505575467941059,0.83027002496029,0.179865101174119,1,
0.305837781987257,0.277475898334794,0.409199522102748,0.447016110732925,0.235323507369473,0,
0.355088686068538,0.302541630148992,0.685981680605336,0.681642840934876,0.488383712215838,1,
0.442224900981574,0.583523225241017,0.276583034647551,0.412752439301112,0.286535098675993,0,
0.317892199070088,0.303067484662577,0.461569095977698,0.205128205128205,0.764176867349488,0,
0.353883244360255,0.527782646801052,0.61768219832736,0.466984343090538,0.26305271046715,0,
0.314620285861891,0.356178790534619,0.68936678614098,0.85568413886998,0.32075943042718,0,
0.355777509901843,0.756529360210342,0.260454002389486,0.433855230315407,0.287534349238071,0,
0.381780609609092,0.37931638913234,0.693349263241736,0.561833446789199,0.183862103422433,1,
0.318581022903392,0.377563540753725,0.551573078454799,0.773315180394826,0.32075943042718,1,
0.810056827966248,0.17703768624014,0.395858223815213,0.387338325391423,0.343992005995503,0,
0.45135181677286,0.385451358457493,0.327558741537236,0.340140685273429,0.302023482388209,0,
0.441363871189943,0.352673093777388,0.746913580246914,0.788972089857046,0.186859855108668,1,
0.332701911486137,0.367572304995618,0.687375547590601,0.558656682550488,0.220834374219335,1,
0.319786464611676,0.322699386503067,0.520708880923935,0.703653278874518,0.816387709218086,0,
0.285173066988118,0.326029798422436,0.626642771804062,0.725209893351486,0.32075943042718,0,
0.338556914069227,0.442944785276074,0.307447232178415,0.326525981393238,0.298526105420934,0,
0.365076631651455,0.290972830850131,0.510951812027081,0.624234172906739,0.584561578815888,0,
0.318581022903392,0.3011393514461,0.517921146953405,0.86022237349671,0.14763927054709,1,
0.345445152402273,0.31726555652936,0.741537236160892,0.677331518039483,0.701973519860105,1,
0.30928190115378,0.292900964066608,0.425925925925926,0.466757431359201,0.203597302023482,0,
0.420182538315826,0.835407537248028,0.266228594185583,0.296119809394146,0.391706220334749,0,
0.340795591527467,0.71375985977213,0.28215850258861,0.411164057181756,0.360979265550837,0,
0.3271913208197,0.415249780893953,0.483273596176822,0.597231676877695,0.32075943042718,1,
0.462200792147408,0.600175284837862,0.611708482676225,0.535965509416837,0.263302523107669,1,
0.472016531771999,0.518492550394391,0.463560334528076,0.435897435897436,0.255058705970522,0,
0.375925607026003,0.394916739702016,0.67463162086818,0.512820512820513,0.235823132650512,1,
0.320647494403306,0.356178790534619,0.574074074074074,0.843203993646471,0.170372220834374,0,
0.354916480110212,0.546538124452235,0.46694544006372,0.418652144315861,0.353734698975768,0,
0.337007060444291,0.423663453111306,0.744723217841497,0.258225550260948,0.26255308518611,0,
0.574479076976063,0.612269938650307,0.58084428514536,0.493533015656909,0.277791656257807,0,
0.652660582056139,0.340929009640666,0.343488649940263,0.374177444973905,0.311016737446915,0,
0.346306182193904,0.594566170026293,0.264834727200319,0.435897435897436,0.32075943042718,0,
0.330463234027897,0.392462751971954,0.550378335324572,0.233719083276605,0.541343992005995,1,
0.577406578267608,0.36091148115688,0.344086021505376,0.373496709779896,0.332500624531601,0,
0.316858963320131,0.335845749342682,0.626443647949024,0.804175175856592,0.165625780664502,0,
0.618736008265886,0.313935144609991,0.448626045400239,0.417063762196506,0.393704721458906,0,
0.357155157568452,0.468886941279579,0.665870171246515,0.713183571590651,0.196352735448414,1,
0.479765799896676,0.415950920245399,0.41358024691358,0.404583616972998,0.298526105420934,0,
0.451179610814534,0.433128834355828,0.795499800876145,0.534830950760154,0.438421184111916,1,
0.350439125193732,0.716564417177914,0.260454002389486,0.664851372815975,0.238071446415189,1,
0.356466333735147,0.323225241016652,0.725607327757865,0.919219423644202,0.129402947789158,1,
0.314792491820217,0.294127957931639,0.47889287136599,0.836396641706376,0.164376717461904,0,
0.710177372137076,0.188606485539001,0.465153325368379,0.639891082368958,0.240819385460904,0,
0.379541932150852,0.484136722173532,0.67184388689765,0.272974812797822,0.261054209342993,1,
0.559152746685035,0.43908851884312,0.319593787335723,0.387792148854096,0.338496127904072,0,
0.305148958153952,0.298510078878177,0.493827160493827,0.796687088722487,0.176367724206845,1,
0.351988978818667,0.395793163891323,0.878335324571884,0.129566598593147,0.218336247814139,0,
0.606509385224729,0.367046450482033,0.401831939466348,0.392557295212162,0.345490881838621,0,
0.387807818150508,0.750744960560911,0.255675029868578,0.423417290673928,0.284786410192356,0,
0.307559841570518,0.286590709903593,0.417164476304261,0.461084638075789,0.229078191356483,0,
0.34871706561047,0.382296231375986,0.68936678614098,0.635806671204901,0.774668998251312,1,
0.490614775271224,0.427169149868536,0.328355236957388,0.340594508736102,0.309018236322758,0,
0.318408816945066,0.294829097283085,0.465750696933493,0.680054458815521,0.32075943042718,0,
0.372309281901154,0.607537248028046,0.285742731979291,0.321533923303835,0.298526105420934,0,
0.420699156190804,0.458369851007888,0.752289924332935,0.262083049693669,0.406445166125406,0,
0.545376270018943,0.365819456617003,0.335125448028674,0.383027002496029,0.340744441668748,0,
0.367143103151369,0.603155127081507,0.278176025487853,0.409575675062401,0.355733200099925,0,
0.318064405028414,0.402804557405784,0.540223018717642,0.604946675743136,0.32075943042718,1,
0.312553814361977,0.322699386503067,0.508960573476703,0.523258452461992,0.32075943042718,1,
0.316514551403479,0.364592462751972,0.596973317403425,0.788518266394373,0.32075943042718,0,
0.274496297571896,0.330061349693252,0.554360812425329,0.728159745858861,0.105171121658756,0,
0.327363526778026,0.357756354075372,0.676821983273596,0.663943725890629,0.69198101423932,1,
0.342862063027381,0.351446099912358,0.651334129828753,0.835262083049694,0.184361728703472,0,
0.499397279145858,0.404206836108677,0.316806053365193,0.388019060585432,0.34599050711966,0,
0.562941277768211,0.48501314636284,0.318598168060534,0.388019060585432,0.30102423182613,0,
0.778198725675908,0.35863277826468,0.628434886499402,0.29975039709553,0.29477891581314,0,
0.369037368692957,0.406134969325153,0.711867781760255,0.572725209893352,0.552335748188858,1,
0.751162390218702,0.341980718667835,0.451413779370769,0.597458588609031,0.247064701473895,0,
0.327880144653005,0.543207712532866,0.496814018319395,0.43498978897209,0.32075943042718,0,
0.525744790769761,0.772129710780017,0.536638789326961,0.437712729748128,0.32075943042718,0,
0.33304632340279,0.316739702015776,0.584229390681004,0.143862037667347,0.913564826380215,1,
0.353711038401929,0.466432953549518,0.757666268418956,0.199909235307465,0.32075943042718,0,
0.717582228345101,0.449605609114812,0.308243727598566,0.392557295212162,0.390706969772671,0,
0.328224556569657,0.429097283085013,0.621067303863003,0.471749489448604,0.259305520859355,0,
0.307732047528844,0.335144609991236,0.229589804858622,0.898797367823917,0.32075943042718,0,
0.329774410194593,0.367747589833479,0.529669454400637,0.787610619469027,0.32075943042718,1,
0.335801618736008,0.704469763365469,0.243727598566308,0.500340367597005,0.645016237821634,0,
0.444119166523162,0.358808063102542,0.751095181202708,0.788972089857046,0.190856857356982,1,
0.366798691234717,0.337248028045574,0.566109119872561,0.908781484002723,0.13439920059955,0,
0.74944033063544,0.402979842243646,0.413181999203505,0.377581120943953,0.30776917312016,0,
0.329257792319614,0.623137598597721,0.245718837116687,0.425686407987293,0.365725705720709,0,
0.373514723609437,0.328659070990359,0.700318598168061,0.658044020875879,0.717212090931801,1,
0.693473394179439,0.610517090271692,0.30884109916368,0.326525981393238,0.299775168623532,0,
0.5576028930601,0.331113058720421,0.345280764635603,0.377808032675289,0.338496127904072,0,
0.31152057861202,0.354776511831727,0.427120669056153,0.490129339686862,0.32075943042718,1,
0.239538488031686,0.391586327782647,0.753484667463162,0.209212616292262,0.228078940794404,0,
0.554330979851903,0.477125328659071,0.316806053365193,0.388926707510778,0.300524606545091,0,
0.314275873945238,0.284312007011393,0.454400637196336,0.499432720671659,0.0809392955283537,0,
0.385569140692268,0.357230499561788,0.720230983671844,0.614476968459269,0.677741693729703,1,
0.36352677802652,0.378790534618756,0.526284348864994,0.678466076696165,0.32075943042718,1,
0.386602376442225,0.599649430324277,0.62405416168857,0.496482868164284,0.270796902323258,1,
0.403306354399862,0.560560911481157,0.299880525686977,0.326752893124575,0.32075943042718,0,
0.360427070776649,0.539176161262051,0.671644763042613,0.260948491036987,0.257556832375718,0,
0.317203375236783,0.291323400525854,0.471724412584628,0.611980939414568,0.738945790657007,0,
0.35904942311004,0.350043821209465,0.802270011947431,0.549126389834354,0.51911066699975,1,
0.488720509729637,0.611744084136722,0.28673835125448,0.417971409121852,0.273544841368973,0,
0.357843981401756,0.527256792287467,0.738749502190362,0.589516678012253,0.554833874594054,0,
0.433270191148614,0.382471516213848,0.402230187176424,0.377808032675289,0.341993504871347,0,
0.824177716548993,0.440841367221735,0.466746316208682,0.446789199001588,0.389208093929553,0,
0.505080075770622,0.479228746713409,0.437275985663082,0.40049920580894,0.349987509367974,0,
0.238333046323403,0.481156879929886,0.719832735961768,0.223508055366462,0.460904321758681,0,
0.504907869812295,0.457843996494303,0.595380326563122,0.457454050374404,0.380464651511366,1,
0.391251937317031,0.738825591586328,0.258064516129032,0.548445654640345,0.229577816637522,1,
0.440330635439986,0.32760736196319,0.683990442054958,0.779214885409576,0.512365725705721,1,
0.391251937317031,0.665205959684487,0.59836718438869,0.547084184252326,0.228078940794404,1,
0.674358532805235,0.320946538124452,0.394663480684986,0.381211708645337,0.298526105420934,0,
0.490098157396246,0.674145486415425,0.277379530067702,0.317903335602451,0.351986010492131,0,
0.79473049767522,0.337072743207713,0.421545201115094,0.341729067392784,0.337247064701474,0,
0.313242638195282,0.347239263803681,0.414177618478694,0.450419786702973,0.538845865600799,1,
0.392973996900293,0.302892199824715,0.737753882915173,0.589516678012253,0.32075943042718,1,
0.461856380230756,0.607011393514461,0.282755874153724,0.324483775811209,0.294529103172621,0,
0.32633029102807,0.489219982471516,0.694942254082039,0.520762423417291,0.164126904821384,0,
0.401239882899948,0.407887817703769,0.709080047789725,0.639664170637622,0.636522608043967,1,
0.316686757361805,0.299912357581069,0.522899243329351,0.712729748127978,0.589308018985761,0,
0.333218529361116,0.297107800175285,0.443448825169255,0.635352847742228,0.852860354733949,0,
0.316342345445152,0.389307624890447,0.80326563122262,0.185159972770592,0.32075943042718,0,
0.313931462028586,0.392988606485539,0.517722023098367,0.808940322214659,0.119410442168374,1,
0.610642328224557,0.279404031551271,0.347670250896057,0.379169503063308,0.300774419185611,0,
0.304632340278974,0.203505696757231,0.448227797690163,0.266167460857726,0.32075943042718,1,
0.368520750817978,0.556178790534619,0.511748307447232,0.414113909689131,0.351736197851611,0,
0.395729292233511,0.547765118317266,0.458383114297093,0.31858407079646,0.32075943042718,0,
0.318753228861719,0.32182296231376,0.463560334528076,0.287950987066031,0.556582563077692,1,
0.376097812984329,0.694127957931639,0.545599362803664,0.289539369185387,0.361478890831876,0,
0.467366970897193,0.318667835232252,0.713659896455595,0.550941683685046,0.261054209342993,1,
0.328052350611331,0.436459246275197,0.690163281561131,0.245518493306104,0.270796902323258,0,
0.486654038229723,0.39193689745837,0.862007168458781,0.223734967097799,0.232575568323757,1,
0.49078698122955,0.672567922874671,0.273397052966945,0.508282278193783,0.457656757431926,0,
0.366282073359738,0.0494303242769501,0.14615690959777,0.257998638529612,0.249313015238571,0,
0.329257792319614,0.347589833479404,0.543608124253286,0.694803721352394,0.32075943042718,0,
0.581711727225762,0.454513584574934,0.46694544006372,0.448150669389607,0.26929802648014,0,
0.769244015842948,0.287817703768624,0.595181202708084,0.289766280916723,0.387959030726955,0,
0.34871706561047,0.36669588080631,0.509557945041816,0.670297254368051,0.151636272795403,1,
0.341140003444119,0.626292725679229,0.492035045798487,0.416609938733833,0.39095678241319,0,
0.595315997933528,0.402979842243646,0.535444046196734,0.717041071023372,0.208593554833875,0,
0.82607198209058,0.33339176161262,0.408403026682597,0.421148173360563,0.30152385710717,0,
0.380919579817462,0.38510078878177,0.104141776184787,0.506013160880417,0.239820134898826,1,
0.397795763733425,0.726906222611744,0.535444046196734,0.286816428409349,0.563327504371721,0,
0.479249182021698,0.365994741454864,0.332536837913182,0.375992738824597,0.334499125655758,0,
0.467883588772171,0.416652059596845,0.413978494623656,0.404583616972998,0.298526105420934,0,
0.472016531771999,0.518492550394391,0.463560334528076,0.435897435897436,0.255308518611042,0,
0.479938005855003,0.567046450482033,0.288729589804859,0.41547538007715,0.27579315513365,0,
0.47063888410539,0.426292725679229,0.312425328554361,0.335829362378035,0.32075943042718,0,
0.419665920440847,0.78965819456617,0.215452011150936,0.457907873837077,0.367224581563827,0,
0.547959359393835,0.623488168273444,0.253484667463162,0.311322895393692,0.291531351486385,0,
0.400378853108318,0.556879929886065,0.515133412982875,0.431132289539369,0.367474394204347,0,
0.395729292233511,0.512182296231376,0.788530465949821,0.518720217835262,0.25655758181364,1,
0.308248665403823,0.287642418930762,0.451612903225806,0.709099160426594,0.32075943042718,0,
0.351127949027036,0.557756354075373,0.4778972520908,0.424098025867937,0.355483387459405,0,
0.818322713965903,0.326555652936021,0.410792512943051,0.321307011572498,0.440669497876593,0,
0.382297227484071,0.620508326029798,0.603544404619673,0.453369639210347,0.272045965525856,0,
0.643878078181505,0.447502191060473,0.46415770609319,0.438166553210801,0.287034723957032,0,
0.947477182710522,0.163716038562664,0.393468737554759,0.340140685273429,0.307019735198601,0,
0.616152918890994,0.388957055214724,0.514336917562724,0.723848422963467,0.209342992755433,0,
0.339417943860858,0.458019281332165,0.821983273596177,0.199455411844792,0.32075943042718,0,
0.724987084553125,0.194566170026293,0.405416168857029,0.394826412525528,0.297776667499375,0,
0.474083003271913,0.333041191936897,0.746515332536838,0.697980485591105,0.161878591056707,1,
0.602032030308249,0.382997370727432,0.425328554360812,0.401633764465623,0.288033974519111,0,
0.727570173928018,0.34601226993865,0.437674233373158,0.43952802359882,0.432675493379965,0,
0.355605303943516,0.573707274320771,0.307447232178415,0.327660540049921,0.298026480139895,0,
0.330635439986223,0.458895705521472,0.892871365989646,0.213750850918992,0.217087184611541,0,
0.773721370759428,0.282559158632778,0.618478693747511,0.287497163603358,0.394703972020984,0,
0.338556914069227,0.377212971078002,0.857626443647949,0.239164964828682,0.241069198101424,0,
0.678491475805063,0.191060473269062,0.445838311429709,0.71068754254595,0.207344491631277,0,
0.557947304976752,0.6045574057844,0.29131819992035,0.270705695484457,0.524356732450662,0,
0.327707938694679,0.440315512708151,0.716845878136201,0.222600408441116,0.32075943042718,0,
0.349405889443775,0.372830850131464,0.520708880923935,0.575901974132063,0.538845865600799,1,
0.387118994317203,0.68501314636284,0.553564317005177,0.467438166553211,0.270547089682738,0,
0.315825727570174,0.346713409290096,0.668857029072083,0.839800317676424,0.32075943042718,0,
0.311176166695368,0.341630148992112,0.607925129430506,0.572952121624688,0.32075943042718,1,
0.349061477527122,0.348115687992989,0.515332536837913,0.857272520989335,0.857606794903822,1,
0.498536249354228,0.502015775635408,0.294504181600956,0.332652598139324,0.300024981264052,0,
0.423971069399001,0.769149868536372,0.272202309836718,0.311322895393692,0.360479640269798,0,
0.356294127776821,0.54601226993865,0.588809239346874,0.257090991604266,0.32075943042718,0,
0.342173239194076,0.406134969325153,0.674830744723218,0.563875652371228,0.32075943042718,1,
0.380402961942483,0.302541630148992,0.49542015133413,0.323349217154527,0.32075943042718,0,
0.811951093507835,0.291673970201578,0.339705296694544,0.341048332198775,0.30776917312016,0,
0.380747373859135,0.720420683610868,0.258861011549184,0.437031994554118,0.28178865850612,0,
0.379025314275874,0.313584574934268,0.67184388689765,0.713183571590651,0.746440169872596,1,
0.361632512484932,0.398247151621385,0.80147351652728,0.232357612888586,0.244316762428179,0,
0.576028930600999,0.407186678352323,0.462962962962963,0.327660540049921,0.30776917312016,0,
0.413810917857758,0.38387379491674,0.680605336519315,0.566371681415929,0.694479140644517,1,
0.373686929567763,0.344259421560035,0.715850258861012,0.628545495802133,0.689482887834124,1,
0.25727570173928,0.397020157756354,0.696336121067304,0.181756296800545,0.560579565326005,1,
0.402445324608231,0.661349693251534,0.595977698128236,0.282051282051282,0.32075943042718,0,
0.354227656276907,0.52410166520596,0.470728793309438,0.314272747901066,0.291031726205346,0,
0.325641467194765,0.370552147239264,0.620868180007965,0.750850918992512,0.166125405945541,1,
0.353022214568624,0.440490797546012,0.788729589804859,0.226230996142501,0.252810392205846,0,
0.389874289650422,0.43908851884312,0.599960175228992,0.286362604946676,0.381214089432925,0,
0.504219045978991,0.391060473269062,0.416965352449223,0.383253914227366,0.341244066949788,0,
0.527294644394696,0.460648553900088,0.459776981282358,0.446108463807579,0.251561329003248,0,
0.438952987773377,0.572304995617879,0.524691358024691,0.647832992965736,0.209342992755433,1,
0.691923540554503,0.552673093777388,0.292114695340502,0.583616972997504,0.249562827879091,0,
0.388324436025486,0.680806310254163,0.63878932696137,0.489902427955525,0.32075943042718,0,
0.335629412777682,0.482033304119194,0.665272799681402,0.254594962559564,0.26255308518611,0,
0.411744446357844,0.37581069237511,0.765432098765432,0.204674381665532,0.149887584311766,1,
0.872567590838643,0.34829097283085,0.550378335324572,0.303834808259587,0.297027229577817,0,
0.396418116066816,0.320946538124452,0.820589406610912,0.56047197640118,0.212090931801149,1,
0.349233683485449,0.347589833479404,0.529868578255675,0.839119582482414,0.765176117911566,1,
0.334940588944377,0.294829097283085,0.511150935882119,0.797594735647833,0.667749188108918,1,
0.421560185982435,0.435933391761613,0.521903624054162,0.562060358520535,0.52585560829378,1,
0.330979851902876,0.333742331288344,0.483870967741935,0.763557975947357,0.0352235823132651,1,
0.493542276562769,0.474846625766871,0.742731979291119,0.518947129566599,0.414439170622033,1,
0.835371103840193,0.327256792287467,0.408203902827559,0.407760381211709,0.305520859355483,0,
0.599448940933356,0.582296231375986,0.29131819992035,0.327206716587248,0.294529103172621,0,
0.47287756156363,0.673269062226117,0.535244922341696,0.542999773088269,0.267299525355983,1,
0.361804718443258,0.639614373356705,0.293906810035842,0.321533923303835,0.297526854858856,0,
0.332701911486137,0.69307624890447,0.499800876144962,0.721125482187429,0.200349737696727,0,
0.44911313931462,0.38965819456617,0.576463560334528,0.571363739505332,0.263302523107669,1,
0.444463578439814,0.458720420683611,0.706690561529271,0.607896528250511,0.529103172620535,1,
0.817289478215946,0.403856266432954,0.31800079649542,0.390968913092807,0.382213339995004,0,
0.364043395901498,0.648729184925504,0.550378335324572,0.474699341955979,0.25630776917312,0,
0.407267091441364,0.666608238387379,0.486658701712465,0.66712049012934,0.229577816637522,0,
0.319442052695023,0.448553900087642,0.47331740342493,0.596324029952349,0.590307269547839,1,
0.402617530566558,0.776687116564417,0.259458383114297,0.302246426140231,0.289532850362228,0,
0.348544859652144,0.357405784399649,0.510553564317005,0.792148854095757,0.0939295528353735,1,
0.368865162734631,0.403680981595092,0.783751493428913,0.238030406171999,0.22408193854609,0,
0.486654038229723,0.676599474145486,0.295499800876145,0.400272294077604,0.293280039970022,0,
0.48854830377131,0.338299737072743,0.702309836718439,0.503063308373043,0.255808143892081,1,
0.445152402273119,0.546187554776512,0.617084826762246,0.677785341502156,0.196852360729453,1,
0.527639056311348,0.572830850131464,0.295101553166069,0.329475833900613,0.302023482388209,0,
0.313414844153608,0.292550394390885,0.477499004380725,0.847742228273202,0.162378216337747,0,
0.32633029102807,0.312182296231376,0.515929908403027,0.520535511685954,0.500624531601299,1,
0.573618047184433,0.472567922874671,0.308243727598566,0.408214204674382,0.360979265550837,0,
0.450662992939556,0.527081507449606,0.4778972520908,0.502382573179033,0.270796902323258,1,
0.4535904942311,0.603330411919369,0.716845878136201,0.263217608350352,0.457406944791406,0,
0.267263647322197,0.450482033304119,0.759259259259259,0.186975266621284,0.32075943042718,0,
0.482521095229895,0.719894829097283,0.275786539227399,0.312230542319038,0.287034723957032,0,
0.327707938694679,0.443821209465381,0.763042612504978,0.234853641933288,0.32075943042718,0,
0.315825727570174,0.290271691498685,0.451214655515731,0.707510778307238,0.708218835873095,0,
0.574995694851042,0.547414548641542,0.294305057745918,0.450873610165646,0.577317012240819,0,
0.351300154985362,0.611218229623138,0.265830346475508,0.440662582255503,0.32075943042718,0,
0.335112794902704,0.338299737072743,0.473118279569892,0.703199455411845,0.651761179115663,0,
0.334423971069399,0.301840490797546,0.650537634408602,0.749489448604493,0.854609043217587,1,
0.416738419149303,0.716739702015776,0.519912385503783,0.308599954617654,0.291781164126905,0,
0.33166867573618,0.350394390885188,0.641776184786937,0.770365327887452,0.32075943042718,0,
0.570518339934562,0.707624890446976,0.294305057745918,0.316768776945768,0.379715213589808,0,
0.467194764938867,0.543207712532866,0.298486658701712,0.405491263898344,0.354983762178366,0,
0.463234027897365,0.6988606485539,0.282755874153724,0.321533923303835,0.357731701224082,0,
0.346995006027209,0.496056091148116,0.628036638789327,0.442477876106195,0.279790157381964,0,
0.320647494403306,0.311656441717791,0.46594982078853,0.538007714998865,0.32075943042718,1,
0.666092646805579,0.502015775635408,0.530665073675826,0.519627864760608,0.272045965525856,0,
0.666437058722232,0.152322524101665,0.417562724014337,0.418652144315861,0.289782663002748,0,
0.332529705527811,0.315162138475022,0.60015929908403,0.781257090991604,0.545340994254309,0,
0.417599448940933,0.682383873794917,0.259856630824373,0.314499659632403,0.32075943042718,0,
0.46840020664715,0.338650306748466,0.735165272799681,0.678466076696165,0.509617786660005,1,
0.345961770277252,0.489219982471516,0.739944245320589,0.233719083276605,0.32075943042718,0,
0.835198897881867,0.327256792287467,0.408203902827559,0.407760381211709,0.305520859355483,0,
0.308593077320475,0.334092900964067,0.485862206292314,0.550487860222374,0.32075943042718,0,
0.358188393318409,0.510429447852761,0.491238550378335,0.303380984796914,0.28878341244067,0,
0.70415016359566,0.463628396143734,0.500597371565113,0.56569094622192,0.260804396702473,0,
0.417943860857586,0.506222611744084,0.475308641975309,0.412298615838439,0.374219335498376,0,
0.341656621319098,0.47467134092901,0.302070888092393,0.325391422736555,0.349737696727454,0,
0.1263991734114,0.465030674846626,0.297491039426523,0.318810982527797,0.283287534349238,0,
0.469089030480455,0.653812445223488,0.262445240939865,0.417290673927842,0.42917811641269,0,
0.731358705011193,0.366871165644172,0.421346077260056,0.528250510551395,0.262303272545591,0,
0.691234716721199,0.469412795793164,0.450219036240542,0.327433628318584,0.250811891081689,0,
0.421732391940761,0.670639789658195,0.669255276782158,0.261629226230996,0.266050462153385,0,
0.349750301360427,0.754601226993865,0.266228594185583,0.305877013841616,0.282787909068199,0,
0.395901498191837,0.768448729184926,0.548785344484269,0.492625368731563,0.257057207094679,1,
0.338212502152574,0.456266432953549,0.897252090800478,0.214658497844339,0.226829877591806,0,
0.335629412777682,0.401577563540754,0.778176025487853,0.601769911504425,0.32075943042718,1,
0.462717410022387,0.653286590709904,0.265232974910394,0.321533923303835,0.293529852610542,0,
0.824349922507319,0.17931638913234,0.392871365989646,0.342409802586794,0.334998750936797,0,
0.313414844153608,0.321647677475898,0.538829151732378,0.200363058770138,0.32075943042718,1,
0.822800068882383,0.291849255039439,0.402429311031462,0.406625822555026,0.298526105420934,0,
0.501808162562425,0.549342681858019,0.757268020708881,0.268436578171091,0.280789407944042,1,
0.552436714310315,0.539176161262051,0.476304261250498,0.31926480599047,0.32075943042718,0,
0.333218529361116,0.43908851884312,0.868180007964954,0.194236442024053,0.616537596802398,0,
0.489237127604615,0.745836985100789,0.272401433691756,0.311776718856365,0.286285286035473,0,
0.336834854485965,0.448729184925504,0.769215452011151,0.234626730201951,0.247814139395453,1,
0.540726709144136,0.606310254163015,0.286340103544405,0.415248468345813,0.372970272295778,0,
0.350783537110384,0.702716914986854,0.502588610115492,0.430678466076696,0.369223082687984,0,
0.332185293611159,0.427519719544259,0.759259259259259,0.599727705922396,0.32075943042718,0,
0.848286550714655,0.195092024539877,0.392871365989646,0.341729067392784,0.338995753185111,0,
0.322541759944894,0.401226993865031,0.519912385503783,0.597231676877695,0.225830627029728,0,
0.361632512484932,0.466432953549518,0.653126244524094,0.786022237349671,0.32075943042718,1,
0.373859135526089,0.369675723049956,0.444245320589407,0.713410483321988,0.182613040219835,1,
0.274496297571896,0.16897458369851,0.283154121863799,0.653732697980486,0.32075943042718,1,
0.329085586361288,0.326906222611744,0.530465949820788,0.855457227138643,0.32075943042718,0,
0.470294472188738,0.334969325153374,0.734567901234568,0.706376219650556,0.153135148638521,1,
