540,5,2,
0.7992078525917,0.347765118317266,0.660294703305456,0.283639664170638,0.290032475643268,0,
0.431720337523678,0.62296231375986,0.252289924332935,0.307692307692308,0.360979265550837,0,
0.384535904942311,0.607537248028046,0.488251692552768,0.413433174495121,0.295778166375219,0,
0.413122094024453,0.634881682734443,0.496415770609319,0.450192874971636,0.223082687984012,0,
0.399345617358361,0.624890446976337,0.279968140183194,0.316995688677105,0.289532850362228,0,
0.313587050111934,0.287116564417178,0.480087614496217,0.807578851826639,0.157881588808394,0,
0.735491648011021,0.191411042944785,0.403026682596575,0.389834354436124,0.287534349238071,0,
0.433959014981918,0.5977212971078,0.460971724412585,0.422963467211255,0.273295028728454,0,
0.338901325985879,0.611919368974584,0.560334528076464,0.501701837985024,0.32075943042718,0,
0.44015842948166,0.561262050832603,0.599163679808841,0.441797140912185,0.32075943042718,0,
0.336662648527639,0.78387379491674,0.262046993229789,0.647832992965736,0.22458156382713,0,
0.351472360943689,0.409114811568799,0.94205495818399,0.183571590651237,0.418436172870347,0,
0.313414844153608,0.310254163014899,0.427718040621266,0.286589516678012,0.546590057456907,1,
0.929567763044601,0.30920245398773,0.341298287534847,0.340140685273429,0.310267299525356,0,
0.342517651110728,0.378439964943032,0.714456391875747,0.548218742909008,0.442917811641269,0,
0.33166867573618,0.374057843996494,0.790521704500199,0.199228500113456,0.419435423432426,0,
0.518684346478388,0.448553900087642,0.449223416965352,0.443839346494214,0.223082687984012,0,
0.339590149819184,0.543908851884312,0.645161290322581,0.473110959836624,0.260554584061954,0,
0.464956087480627,0.537423312883436,0.540223018717642,0.442477876106195,0.171121658755933,0,
0.348544859652144,0.393339176161262,0.581640780565512,0.907420013614704,0.105920559580315,1,
0.274668503530222,0.354776511831727,0.653922739944245,0.358747447243022,0.32075943042718,1,
0.393146202858619,0.762839614373357,0.559936280366388,0.290220104379396,0.282538096427679,0,
0.623902187015671,0.401928133216477,0.43568299482278,0.427047878375312,0.608293779665251,0,
0.385396934733942,0.419106047326906,0.664874551971326,0.288631722260041,0.367474394204347,0,
0.359566040985018,0.682559158632778,0.27757865392274,0.29975039709553,0.289033225081189,0,
0.332529705527811,0.507099035933392,0.624651533253684,0.466303607896528,0.257556832375718,0,
0.690029275012915,0.582296231375986,0.307447232178415,0.326072157930565,0.299025730701974,0,
0.343723092819012,0.432077125328659,0.864396654719235,0.137735420921262,0.32075943042718,0,
0.346650594110556,0.347239263803681,0.694344882516926,0.537780803267529,0.485635773170122,1,
0.363354572068193,0.610166520595968,0.617881322182397,0.548445654640345,0.575568323757182,1,
0.753573273635268,0.286590709903593,0.452608522500996,0.581801679146812,0.264301773669748,0,
0.317719993111762,0.301314636283961,0.457984866587017,0.855457227138643,0.0931801149138146,0,
0.324780437403134,0.35512708150745,0.465352449223417,0.539596097118221,0.32075943042718,1,
0.313587050111934,0.334618755477651,0.635404221425727,0.863626049466757,0.32075943042718,0,
1,0.339000876424189,0.341696535244922,0.348082595870207,0.312515613290032,0,
0.32633029102807,0.306047326906223,0.741338112305854,0.641933287950987,0.687984011991007,1,
0.32942999827794,0.420333041191937,0.761847869374751,0.220558202859088,0.263552335748189,0,
0.362493542276563,0.768273444347064,0.24173636001593,0.289766280916723,0.253060204846365,0,
0.342345445152402,0.451183172655565,0.932696136997212,0.151350124801452,0.229328003997002,0,
0.632340278973652,0.688343558282209,0.281162883313421,0.427501701837985,0.370721958531102,0,
0.367831926984674,0.34022787028922,0.554958183990442,0.882459723167688,0.0789407944041969,0,
0.369898398484588,0.58737949167397,0.542015133412983,0.433628318584071,0.32075943042718,0,
0.327880144653005,0.331989482909728,0.8731581043409,0.211481733605627,0.420184861353984,0,
0.412433270191149,0.569675723049956,0.309239346873755,0.329702745631949,0.303272545590807,0,
0.365248837609781,0.494478527607362,0.6342094782955,0.756977535738598,0.32075943042718,1,
0.458928878939211,0.463453111305872,0.30426125049781,0.331291127751305,0.304021983512366,0,
0.331152057861202,0.319719544259422,0.572879330943847,0.608123439981847,0.32075943042718,1,
0.360771482693301,0.324802804557406,0.55694942254082,0.577717267982755,0.32075943042718,1,
0.370759428276218,0.495530236634531,0.703504579848666,0.576355797594736,0.567824131901074,1,
0.386602376442225,0.36441717791411,0.766228594185583,0.22169276151577,0.230077441918561,1,
0.354055450318581,0.496056091148116,0.616089207487057,0.268890401633764,0.272545590806895,0,
0.661443085930773,0.51375985977213,0.571087216248507,0.292489221692761,0.287284536597552,0,
0.32633029102807,0.44364592462752,0.661091198725607,0.26072157930565,0.32075943042718,0,
0.626140864473911,0.381244522348817,0.403424930306651,0.393691853868845,0.348738446165376,0,
0.306698811778888,0.329360210341805,0.415770609318996,0.494894486044929,0.32075943042718,1,
0.354744274151886,0.577212971078002,0.505973715651135,0.431132289539369,0.275293529852611,0,
0.357843981401756,0.525854513584575,0.527080844285145,0.450646698434309,0.277541843617287,0,
0.353022214568624,0.694829097283085,0.256869772998805,0.29975039709553,0.286784911316513,0,
0.357155157568452,0.452410166520596,0.603146156909598,0.489448604492852,0.267049712715463,0,
0.409333562941278,0.475197195442594,0.739545997610514,0.535284774222827,0.548838371221584,1,
0.342345445152402,0.571078001752848,0.744524093986459,0.218515997277059,0.32075943042718,0,
0.467883588772171,0.753198948290973,0.284747112704102,0.322895393691854,0.286285286035473,0,
0.328052350611331,0.477475898334794,0.634408602150538,0.47401860676197,0.276542593055209,0,
0.333562941277768,0.41034180543383,0.825169255276782,0.166099387338325,0.32075943042718,0,
0.473910797313587,0.630850131463628,0.276782158502589,0.316541865214432,0.50662003497377,0,
0.48183227139659,0.704469763365469,0.524691358024691,0.437712729748128,0.32075943042718,0,
0.349578095402101,0.502716914986854,0.75826363998407,0.236442024052643,0.32075943042718,0,
0.657137936972619,0.607361963190184,0.471326164874552,0.488087134104833,0.386959780164876,0,
0.426898570690546,0.6022787028922,0.71963361210673,0.263671431813025,0.281039220584562,1,
0.362665748234889,0.683786152497809,0.763042612504978,0.265032902201044,0.276542593055209,1,
0.439297399690029,0.587554776511832,0.542811628833134,0.477649194463354,0.479140644516613,1,
0.635267780265197,0.578790534618756,0.486857825567503,0.317903335602451,0.295278541094179,0,
0.333907353194421,0.38737949167397,0.892074870569494,0.191967324710688,0.456657506869848,0,
0.648011021181333,0.296231375985977,0.344882516925528,0.379169503063308,0.30776917312016,0,
0.439125193731703,0.649255039439088,0.275786539227399,0.445200816882233,0.665001249063203,0,
0.331840881694507,0.495705521472393,0.745519713261649,0.584070796460177,0.608543592305771,0,
0.333218529361116,0.430850131463628,0.478693747510952,0.793964147946449,0.32075943042718,1,
0.547787153435509,0.511656441717791,0.297690163281561,0.271386430678466,0.665251061703722,0,
0.3903909075254,0.552322524101665,0.589008363201912,0.437485818016791,0.32075943042718,0,
0.339417943860858,0.37475898334794,0.544802867383512,0.840254141139097,0.32075943042718,1,
0.591527466850353,0.522524101665206,0.673835125448029,0.279101429543907,0.279540344741444,0,
0.569485104184605,0.637686240140228,0.287136598964556,0.409121851599728,0.361478890831876,0,
0.313587050111934,0.350219106047327,0.636798088410992,0.358747447243022,0.32075943042718,1,
0.783192698467367,0.364592462751972,0.618876941457587,0.288404810528704,0.289532850362228,0,
0.317203375236783,0.416827344434706,0.753285543608124,0.230769230769231,0.32075943042718,0,
0.305148958153952,0.428220858895706,0.306849860613301,0.500340367597005,0.260054958780914,0,
0.32633029102807,0.439439088518843,0.634408602150538,0.274109371454504,0.282787909068199,0,
0.361632512484932,0.412269938650307,0.842094782954998,0.179714091218516,0.427929053210092,0,
0.375581195109351,0.684837861524978,0.656909597769813,0.537780803267529,0.260804396702473,0,
0.847253314964698,0.337423312883436,0.425925925925926,0.380530973451327,0.30776917312016,0,
0.651627346306182,0.567572304995618,0.538829151732378,0.30428863172226,0.3592305770672,0,
0.416566213190976,0.693251533742331,0.266029470330546,0.41615611527116,0.26255308518611,0,
0.384019287067333,0.631200701139351,0.255276782158503,0.316541865214432,0.352985261054209,0,
0.566729808851386,0.426117440841367,0.609318996415771,0.524166099387338,0.479640269797652,1,
0.389185465817117,0.648378615249781,0.512544802867383,0.421828908554572,0.370472145890582,0,
0.389357671775443,0.767747589833479,0.240939864595779,0.446789199001588,0.277042218336248,0,
0.33304632340279,0.359158632778265,0.61668657905217,0.524846834581348,0.650012490632026,1,
0.749784742552092,0.435933391761613,0.441855834328953,0.448150669389607,0.375218586060455,0,
0.377819872567591,0.647677475898335,0.572680207088809,0.529385069208078,0.248063952035973,1,
0.724987084553125,0.418930762489045,0.532656312226205,0.52212389380531,0.268298775918061,0,
0.40743929739969,0.558282208588957,0.62863401035444,0.26072157930565,0.195353484886335,0,
0.82607198209058,0.33339176161262,0.408403026682597,0.421148173360563,0.30127404446665,0,
0.332529705527811,0.387730061349693,0.636798088410992,0.266848196051736,0.271296527604297,1,
0.471844325813673,0.695004382120947,0.243130227001195,0.565917857953256,0.259305520859355,0,
0.355260892026864,0.712357581069238,0.28673835125448,0.316768776945768,0.362977766674994,0,
0.546237299810573,0.360210341805434,0.337116686579052,0.384161561152712,0.350986759930052,0,
0.621491303599105,0.675021910604733,0.279769016328156,0.442931699568868,0.271546340244816,0,
0.336490442569313,0.584399649430324,0.565113500597372,0.496482868164284,0.678740944291781,0,
0.360427070776649,0.47817703768624,0.699123855037833,0.616746085772634,0.208093929552835,1,
0.328052350611331,0.328834355828221,0.518717642373556,0.761061946902655,0.187359480389708,0,
0.33976235577751,0.540753724802805,0.52568697729988,0.434082142046744,0.361229078191356,0,
0.443258136731531,0.697107800175285,0.613102349661489,0.491263898343544,0.273045216087934,1,
0.311692784570346,0.306397896581946,0.509358821186778,0.298615838438847,0.32075943042718,0,
0.340451179610815,0.421735319894829,0.911987256073278,0.202632176083504,0.32075943042718,0,
0.331152057861202,0.338299737072743,0.502986857825567,0.824597231676878,0.575318511116662,1,
0.36352677802652,0.370201577563541,0.701513341298287,0.588382119355571,0.32075943042718,1,
0.312726020320303,0.302541630148992,0.460573476702509,0.617199909235307,0.32075943042718,0,
0.378164284484243,0.366520595968449,0.789326961369972,0.221465849784434,0.500874344241819,1,
0.333218529361116,0.35056967572305,0.56710473914775,0.660993873383254,0.170871846115413,1,
0.714826933011882,0.195617879053462,0.40720828355237,0.396414794644883,0.305271046714964,0,
0.814017565007749,0.38387379491674,0.333333333333333,0.381211708645337,0.336497626779915,0,
0.345789564318925,0.592287467134093,0.283950617283951,0.42069434989789,0.349238071446415,0,
0.414327535732736,0.644171779141104,0.675428116288331,0.272974812797822,0.277541843617287,0,
0.279662476321681,0.292375109553024,0.480884109916368,0.591558883594282,0.32075943042718,1,
0.534182882727742,0.707624890446976,0.522899243329351,0.309961425005673,0.287284536597552,0,
0.354744274151886,0.637686240140228,0.268418956591,0.293169956886771,0.284036972270797,0,
0.33080764594455,0.464154250657318,0.706690561529271,0.244610846380758,0.263552335748189,0,
0.444291372481488,0.625591586327783,0.68199920350458,0.491944633537554,0.276292780414689,1,
0.329602204236267,0.321647677475898,0.488649940262843,0.569094622191967,0.32075943042718,1,
0.442569312898226,0.832077125328659,0.231381919553963,0.303154073065577,0.286035473394954,0,
0.363182366109867,0.293777388255916,0.727797690163281,0.60403902881779,0.133649762677992,1,
0.317719993111762,0.299912357581069,0.460772600557547,0.844338552303154,0.112415688233825,0,
0.438952987773377,0.522874671340929,0.455396256471525,0.400953029271613,0.32075943042718,0,
0.449801963147925,0.383523225241017,0.331342094782955,0.37644656228727,0.347489382962778,0,
0.61270879972447,0.563014899211218,0.280167264038232,0.398230088495575,0.265550836872346,0,
0.40072326502497,0.47361963190184,0.288928713659896,0.321760835035171,0.302023482388209,0,
0.61494747718271,0.370727432077125,0.394862604540024,0.388926707510778,0.281039220584562,0,
0.523850525228173,0.446099912357581,0.309438470728793,0.336510097572044,0.342243317511866,0,
0.335801618736008,0.292900964066608,0.50457984866587,0.848422963467211,0.32075943042718,0,
0.369209574651283,0.505346187554777,0.802668259657507,0.239391876560018,0.232075943042718,1,
0.33976235577751,0.396844872918493,0.784747112704102,0.600181529385069,0.196102922807894,0,
0.503874634062339,0.456441717791411,0.837913181999204,0.244157022918085,0.272795403447414,0,
0.308076459445497,0.322173531989483,0.418558343289526,0.488767869298843,0.32075943042718,1,
0.649905286722921,0.601226993865031,0.264635603345281,0.495121397776265,0.264051961029228,0,
0.345445152402273,0.31726555652936,0.741537236160892,0.677331518039483,0.701973519860105,1,
0.409505768899604,0.347414548641542,0.727996814018319,0.752439301111867,0.53210092430677,1,
0.36128810056828,0.563365468886941,0.266427718040621,0.292489221692761,0.393954534099425,0,
0.347339417943861,0.409290096406661,0.865392273994425,0.216927615157704,0.440169872595553,1,
0.33166867573618,0.331989482909728,0.504181600955794,0.575901974132063,0.556832375718211,1,
0.264680557947305,0.176336546888694,0.217244125846276,0.641025641025641,0.149887584311766,0,
0.33304632340279,0.488343558282209,0.770808442851454,0.589289766280917,0.616287784161879,0,
0.340795591527467,0.336371603856266,0.508363201911589,0.639210347174949,0.32075943042718,0,
0.333735147236094,0.312182296231376,0.679410593389088,0.671885636487406,0.49362977766675,0,
0.379714138109179,0.700438212094654,0.261449621664675,0.291581574767415,0.32075943042718,0,
0.724814878594799,0.398071866783523,0.443647949024293,0.334467891990016,0.306020484636523,0,
0.340795591527467,0.3954425942156,0.795898048586221,0.611754027683231,0.205845615788159,0,
0.368176338901326,0.664680105170903,0.285941855834329,0.312911277513047,0.272295778166375,0,
0.517478904770105,0.371954425942156,0.704500199123855,0.559337417744497,0.461154134399201,1,
0.870673325297055,0.169500438212095,0.336718438868976,0.339459950079419,0.302772920309768,0,
0.305665576028931,0.295530236634531,0.563520509757069,0.780122532334922,0.112915313514864,1,
0.487515068021354,0.690096406660824,0.291716447630426,0.322895393691854,0.375718211341494,0,
0.379025314275874,0.809815950920245,0.253484667463162,0.429543907420014,0.414439170622033,0,
0.32047528844498,0.352673093777388,0.544603743528475,0.829135466303608,0.32075943042718,1,
0.332185293611159,0.43908851884312,0.754281162883313,0.22691173133651,0.32075943042718,0,
0.836232133631824,0.326730937773883,0.403624054161689,0.343998184706149,0.310766924806395,0,
0.280351300154985,0.348466257668712,0.588809239346874,0.641479464488314,0.510617037222083,1,
0.417427242982607,0.65977212971078,0.499402628434886,0.449058316314954,0.227579315513365,0,
0.584811434475633,0.559859772129711,0.309239346873755,0.390288177898797,0.360229827629278,0,
0.323230583778199,0.328308501314636,0.473715651135006,0.736555479918312,0.616537596802398,1,
0.399690029275013,0.308501314636284,0.673038630027877,0.521896982073973,0.500374718960779,1,
0.742896504219046,0.407361963190184,0.432098765432099,0.440435670524166,0.394953784661504,0,
0.361632512484932,0.832778264680105,0.25089605734767,0.299977308826866,0.282787909068199,0,
0.368004132943,0.475723049956179,0.823178016726404,0.209439528023599,0.445415938046465,0,
0.332874117444464,0.327782646801052,0.486857825567503,0.65736328568187,0.32075943042718,1,
0.386085758567246,0.780543382997371,0.252090800477897,0.586566825504879,0.253310017486885,0,
0.381780609609092,0.595617879053462,0.632218239745121,0.262763784887679,0.32075943042718,0,
0.309626313070432,0.324802804557406,0.587216248506571,0.358747447243022,0.32075943042718,0,
0.3159979335285,0.334969325153374,0.510553564317005,0.893124574540504,0.32075943042718,0,
0.349233683485449,0.390534618755478,0.884707287933094,0.629680054458815,0.182113414938796,0,
0.386430170483899,0.452760736196319,0.706889685384309,0.559337417744497,0.614289283037722,1,
0.333735147236094,0.4988606485539,0.491039426523298,0.42001361470388,0.362977766674994,0,
0.342345445152402,0.741104294478528,0.276583034647551,0.41547538007715,0.361728703472396,0,
0.327535732736353,0.337072743207713,0.660493827160494,0.505786249149081,0.605545840619535,1,
0.475460650938522,0.71726555652936,0.271405814416567,0.423644202405264,0.503122658006495,0,
0.44911313931462,0.367922874671341,0.751095181202708,0.773315180394826,0.194853859605296,1,
0.375064577234372,0.603155127081507,0.271804062126643,0.315407306557749,0.291781164126905,0,
0.895470983296022,0.181419807186678,0.395061728395062,0.339233038348083,0.299525355983013,0,
0.529705527811262,0.490622261174408,0.305256869772999,0.413206262763785,0.277791656257807,0,
0.357327363526778,0.547589833479404,0.503982477100757,0.449739051508963,0.32075943042718,0,
0.361804718443258,0.545311130587204,0.605336519315014,0.462673020195144,0.24981264051961,0,
0.379025314275874,0.571603856266433,0.285344484269215,0.310869071931019,0.295778166375219,0,
0.826244188048906,0.29535495179667,0.633612106730386,0.285228046289993,0.289283037721709,0,
0.708455312553814,0.448378615249781,0.307048984468339,0.388472884048105,0.390207344491631,0,
0.371448252109523,0.414022787028922,0.575268817204301,0.549353301565691,0.32075943042718,1,
0.362321336318237,0.441717791411043,0.730983671843887,0.586793737236215,0.32075943042718,0,
0.500774926812468,0.528483786152498,0.260055754679411,0.300658044020876,0.276292780414689,1,
0.728947821594627,0.279404031551271,0.389486260454002,0.395053324256864,0.304771421433925,0,
0.351988978818667,0.496056091148116,0.551772202309837,0.286362604946676,0.435423432425681,0,
0.313242638195282,0.31726555652936,0.488251692552768,0.842523258452462,0.156132900324756,0,
0.345272946443947,0.573181419807187,0.712863401035444,0.522350805536646,0.233325006245316,0,
0.850008610297916,0.336196319018405,0.333532457188371,0.343090537780803,0.306520109917562,0,
0.322541759944894,0.296056091148116,0.500995619275189,0.673474018606762,0.119910067449413,1,
0.308937489237128,0.301314636283961,0.457984866587017,0.75879282958929,0.32075943042718,1,
0.507318753228862,0.653637160385627,0.261648745519713,0.317903335602451,0.32075943042718,0,
0.380402961942483,0.566345311130587,0.59557945041816,0.288631722260041,0.252560579565326,1,
0.328396762527983,0.38510078878177,0.495221027479092,0.840481052870433,0.124406694978766,1,
0.340451179610815,0.373707274320771,0.622062923138192,0.503970955298389,0.32075943042718,1,
0.370415016359566,0.603505696757231,0.271405814416567,0.447469934195598,0.436922308268798,1,
0.335973824694334,0.480280455740578,0.766029470330546,0.236215112321307,0.194604046964776,0,
0.407267091441364,0.757405784399649,0.537236160892075,0.288631722260041,0.498875843117662,0,
0.348889271568796,0.332690622261174,0.424731182795699,0.609711822101203,0.32075943042718,1,
0.595315997933528,0.402979842243646,0.535444046196734,0.717041071023372,0.208343742193355,0,
0.410883416566213,0.561437335670465,0.57168458781362,0.28477422282732,0.281289033225081,0,
0.786981229550542,0.31954425942156,0.342293906810036,0.343771272974813,0.309018236322758,0,
0.350439125193732,0.374408413672217,0.523496614894464,0.575221238938053,0.536847364476643,1,
0.278629240571724,0.334092900964067,0.63878932696137,0.778080326752893,0.092930302273295,0,
0.470294472188738,0.58159509202454,0.301075268817204,0.402768323122305,0.217586809892581,0,
0.359393835026692,0.452234881682734,0.826563122262047,0.183571590651237,0.32075943042718,0,
0.532460823144481,0.57581069237511,0.542612504978096,0.498298162014976,0.587809143142643,1,
0.690545892887894,0.289570552147239,0.438669852648347,0.339459950079419,0.338496127904072,0,
0.400551059066644,0.694829097283085,0.279569892473118,0.418652144315861,0.251561329003248,0,
0.367659721026347,0.602103418054338,0.767025089605735,0.235307465395961,0.255308518611042,0,
0.519545376270019,0.376336546888694,0.673636001592991,0.731109598366236,0.195103672245816,1,
0.61270879972447,0.36546888694128,0.389884508164078,0.390288177898797,0.276542593055209,0,
0.765283278801446,0.193339176161262,0.39705296694544,0.380984796914,0.339245565825631,0,
0.51455140347856,0.640666082383874,0.291517323775388,0.313138189244384,0.364476642518111,0,
0.424143275357327,0.788606485539001,0.275189167662286,0.314726571363739,0.287034723957032,0,
0.355949715860169,0.628571428571429,0.299482277976902,0.325164511005219,0.300524606545091,0,
0.33304632340279,0.295530236634531,0.513540422142573,0.793737236215112,0.657007244566575,1,
0.515756845186844,0.424890446976337,0.207885304659498,0.223508055366462,0.241818636022983,0,
0.338384708110901,0.421735319894829,0.802867383512545,0.206035852053551,0.113165126155383,1,
0.490098157396246,0.748466257668712,0.273197929111908,0.465849784433855,0.267549337996503,0,
0.313070432236955,0.319719544259422,0.522301871764237,0.75425459496256,0.514614039470397,1,
0.318581022903392,0.346888694127958,0.501393866985265,0.138869979577944,0.32075943042718,1,
0.385569140692268,0.751796669588081,0.609119872560733,0.49217154526889,0.260554584061954,0,
0.672464267263647,0.327957931638913,0.395260852250099,0.380530973451327,0.302772920309768,0,
0.26760805923885,0.593689745836985,0.562126642771804,0.458815520762423,0.32075943042718,0,
0.313931462028586,0.310955302366345,0.510951812027081,0.818924438393465,0.112665500874344,1,
0.325985879111417,0.370727432077125,0.52110712863401,0.669616519174041,0.32075943042718,0,
0.722576201136559,0.295705521472393,0.3878932696137,0.380304061719991,0.300774419185611,0,
0.316686757361805,0.379491673970202,0.814217443249701,0.196732471068754,0.168373719710217,0,
0.608920268641295,0.364241893076249,0.393269613699721,0.389153619242115,0.281289033225081,0,
0.322541759944894,0.303943908851884,0.533253683791318,0.906739278420694,0.122907819135648,0,
0.374203547442741,0.507800175284838,0.280764635603345,0.427955525300658,0.296027979015738,0,
0.306354399862235,0.300788781770377,0.427518916766229,0.455638756523712,0.32075943042718,0,
0.530222145686241,0.535845749342682,0.436678614097969,0.397549353301566,0.302273295028728,0,
0.352677802651972,0.374233128834356,0.484468339307049,0.57022918084865,0.694728953285036,1,
0.355605303943516,0.341980718667835,0.738550378335325,0.575675062400726,0.222583062702973,0,
0.498019631479249,0.724802804557406,0.548785344484269,0.294077603812117,0.356732450662003,0,
0.783881522300671,0.189307624890447,0.342293906810036,0.344678919900159,0.309268048963278,0,
0.386430170483899,0.597546012269939,0.54320987654321,0.495575221238938,0.219585311016737,1,
0.334079559152747,0.503768624014023,0.495221027479092,0.421148173360563,0.363727204596553,0,
0.475632856896849,0.625766871165644,0.284547988849064,0.313592012707057,0.277042218336248,0,
0.386085758567246,0.618930762489045,0.300079649542015,0.320172452915816,0.349737696727454,0,
0.38952987773377,0.312883435582822,0.663480684986061,0.509416836850465,0.476142892830377,1,
0.66695367659721,0.459947414548641,0.442254082039028,0.389834354436124,0.295528353734699,0,
0.483037713104873,0.716739702015776,0.571883711668658,0.302019514408895,0.283537346989758,1,
0.565696573101429,0.303943908851884,0.40900039824771,0.340367597004765,0.308518611041719,0,
0.436369898398485,0.591235758106924,0.553166069295101,0.642840934876333,0.206844866350237,1,
0.560874806268297,0.55512708150745,0.316806053365193,0.332425686407987,0.344741443917062,0,
0.358360599276735,0.591060473269062,0.302070888092393,0.321760835035171,0.298026480139895,0,
0.540898915102462,0.402629272567923,0.441855834328953,0.418879056047198,0.279790157381964,0,
0.268296883072154,0.340052585451358,0.480286738351254,0.631722260040844,0.10891831126655,1,
0.655415877389358,0.456441717791411,0.327956989247312,0.400045382346267,0.304521608793405,0,
0.922679524711555,0.182646801051709,0.39426523297491,0.340140685273429,0.297776667499375,0,
0.371792664026175,0.403155127081507,0.651334129828753,0.512593601089176,0.233075193604796,1,
0.393835026691924,0.667484662576687,0.708084428514536,0.247560698888133,0.267049712715463,0,
0.450146375064577,0.536546888694128,0.4852648347272,0.309507601543,0.293280039970022,1,
0.369553986567935,0.41384750219106,0.856829948227798,0.566144769684593,0.225830627029728,0,
0.262097468572413,0.563891323400526,0.758861011549184,0.211254821874291,0.260054958780914,0,
0.359221629068366,0.495004382120947,0.604540023894863,0.470614930791922,0.384211841119161,0,
0.454623729981057,0.60578439964943,0.730585424133811,0.258679373723621,0.456157881588808,0,
0.320991906319959,0.398422436459246,0.878534448426922,0.207170410710234,0.32075943042718,0,
0.880661270879972,0.190008764241893,0.400238948626045,0.340367597004765,0.341244066949788,0,
0.370070604442914,0.642594215600351,0.630824372759857,0.678919900158838,0.232325755683238,1,
0.417943860857586,0.698334794040316,0.593986459577857,0.453369639210347,0.273295028728454,0,
0.333390735319442,0.417177914110429,0.81800079649542,0.210800998411618,0.245066200349738,0,
0.404684002066471,0.765819456617003,0.266029470330546,0.300658044020876,0.26929802648014,0,
0.315481315653522,0.33567046450482,0.665870171246515,0.657817109144543,0.21159130652011,0,
0.493370070604443,0.660473269062226,0.268418956591,0.442024052643522,0.409442917811641,0,
0.307904253487171,0.280105170902717,0.430704898446834,0.461992285001135,0.32075943042718,0,
0.54055450318581,0.421735319894829,0.425925925925926,0.407760381211709,0.296027979015738,0,
0.247976579989668,0.0879929886064855,0.0362405416168857,0.0197413206262764,0.32075943042718,0,
0.308765283278801,0.340052585451358,0.590003982477101,0.627184025414114,0.32075943042718,1,
0.316514551403479,0.347414548641542,0.566905615292712,0.358747447243022,0.32075943042718,1,
0.432925779231961,0.291148115687993,0.812624452409399,0.211027910142954,0.222333250062453,1,
0.33304632340279,0.333567046450482,0.505973715651135,0.573179033356024,0.0686984761428929,1,
0.355949715860169,0.305521472392638,0.735563520509757,0.602223734967098,0.509867599300525,1,
0.745824005510591,0.412094653812445,0.475308641975309,0.542999773088269,0.399450412190857,0,
0.334596177027725,0.321121822962314,0.457188371166866,0.664624461084638,0.109917561828629,1,
0.429137248148786,0.603680981595092,0.298884906411788,0.411844792375766,0.360979265550837,0,
0.332874117444464,0.343382997370727,0.49084030266826,0.523031540730656,0.32075943042718,0,
0.30704322369554,0.29307624890447,0.432497013142174,0.624461084638076,0.650761928553585,0,
0.489064921646289,0.472042068361087,0.60573476702509,0.610619469026549,0.152885335998002,1,
0.382297227484071,0.551971954425942,0.519115890083632,0.423871114136601,0.388458656007994,0,
0.332701911486137,0.368624014022787,0.518916766228594,0.732244157022918,0.32075943042718,1,
0.197348028241777,0.439263803680982,0.224014336917563,0.292035398230088,0.283787159630277,0,
0.348028241777165,0.448553900087642,0.694544006371963,0.904470161107329,0.157631776167874,1,
0.338901325985879,0.466257668711656,0.938470728793309,0.189017472203313,0.32075943042718,0,
0.306526605820561,0.278702892199825,0.53584229390681,0.466757431359201,0.201099175618286,1,
0.381780609609092,0.688694127957932,0.577658303464755,0.479918311776719,0.276542593055209,0,
0.777509901842604,0.360385626643295,0.333731581043409,0.408668028137055,0.298775918061454,0,
0.474771827105218,0.571779141104295,0.6268418956591,0.251418198320853,0.275043717212091,1,
0.648183227139659,0.347765118317266,0.340900039824771,0.383027002496029,0.339245565825631,0,
0.314792491820217,0.337423312883436,0.441457586618877,0.495348309507602,0.649263052710467,1,
0.355605303943516,0.324802804557406,0.845679012345679,0.567052416609939,0.559830127404447,1,
0.319786464611676,0.345135845749343,0.454400637196336,0.531427274790107,0.32075943042718,1,
0.370759428276218,0.40806310254163,0.810434090003982,0.243476287724075,0.268298775918061,0,
0.432581367315309,0.778790534618755,0.266825965750697,0.537100068073519,0.264051961029228,0,
0.334768382986051,0.331113058720421,0.779171644763043,0.549126389834354,0.470647014738946,1,
0.336318236610987,0.385451358457493,0.833532457188371,0.226004084411164,0.239070696977267,1,
0.329257792319614,0.448203330411919,0.740342493030665,0.23144996596324,0.32075943042718,0,
0.345100740485621,0.43453111305872,0.874352847471127,0.212162468799637,0.161378965775668,1,
0.774754606509385,0.456091148115688,0.314615690959777,0.523258452461992,0.261803647264552,0,
0.431375925607026,0.477651183172656,0.478096375945838,0.409121851599728,0.372220834374219,0,
0.353538832443603,0.377563540753725,0.625448028673835,0.582482414340821,0.202598051461404,1,
0.395040468400207,0.330236634531113,0.819195539625647,0.61311549807125,0.459905071196603,1,
0.413294299982779,0.658545135845749,0.6121067303863,0.481733605627411,0.517112165875593,1,
0.354227656276907,0.506047326906223,0.835324571883712,0.209439528023599,0.32075943042718,0,
0.348889271568796,0.521121822962314,0.797092791716448,0.22759246653052,0.24981264051961,0,
0.343723092819012,0.361437335670464,0.702309836718439,0.612661674608577,0.489882588058956,0,
0.332185293611159,0.373181419807187,0.658701712465153,0.179260267755843,0.710217336997252,1,
0.360599276734975,0.704820333041192,0.2463162086818,0.718402541411391,0.206844866350237,1,
0.351300154985362,0.307624890446976,0.702110712863401,0.639210347174949,0.575068698476143,0,
0.314103667986912,0.302366345311131,0.449024293110315,0.592693442250964,0.32075943042718,0,
0.515584639228517,0.441893076248904,0.320191158900836,0.384615384615385,0.344491631276543,0,
0.332185293611159,0.648904469763365,0.587017124651533,0.248014522350806,0.265051211591307,0,
0.6096090924746,0.188080631025416,0.41178813221824,0.393464942137508,0.295528353734699,0,
0.324091613569829,0.360736196319018,0.654719235364397,0.655547991831178,0.186610042468149,1,
0.384191493025659,0.586327782646801,0.824571883711669,0.229861583843885,0.248063952035973,0,
0.350266919235405,0.390359333917616,0.878534448426922,0.653051962786476,0.184861353984512,0,
0.576028930600999,0.332690622261174,0.816009557945042,0.227138643067847,0.265550836872346,0,
0.556914069226795,0.486765994741455,0.470131421744325,0.73927842069435,0.221833624781414,0,
0.468744618563802,0.554425942156003,0.293508562325767,0.412298615838439,0.279040719460405,0,
0.394351644566902,0.403155127081507,0.665870171246515,0.649648286816428,0.680739445415938,1,
0.513690373686929,0.649956178790535,0.606531262445241,0.279782164737917,0.375968023982014,1,
0.325641467194765,0.328308501314636,0.539028275587415,0.804628999319265,0.16662503122658,0,
0.326846908903048,0.351270815074496,0.595778574273198,0.71976401179941,0.19260554584062,1,
0.794041673841915,0.36319018404908,0.329549980087614,0.418652144315861,0.297526854858856,0,
0.364904425693129,0.33794916739702,0.587415372361609,0.595870206489675,0.459155633275044,1,
0.306182193903909,0.291849255039439,0.455595380326563,0.23666893578398,0.0644516612540595,0,
0.476493886688479,0.320595968448729,0.729589804858622,0.53641933287951,0.258556082937797,1,
0.465644911313931,0.324978089395267,0.683193946634807,0.790787383707738,0.50012490632026,1,
0.527466850353022,0.477300613496932,0.302469135802469,0.329929657363286,0.338995753185111,0,
0.801102118133287,0.442418930762489,0.448626045400239,0.464488314045836,0.280539595303522,0,
0.346133976235578,0.320595968448729,0.652130625248905,0.698207397322442,0.753934549088184,1,
0.512140520061994,0.54022787028922,0.312425328554361,0.33356024506467,0.346490132400699,0,
0.339245737902531,0.778615249780894,0.257467144563919,0.636260494667574,0.220584561578816,0,
0.683141036679869,0.622085889570552,0.473118279569892,0.452461992285001,0.374219335498376,0,
0.694162218012743,0.346888694127958,0.341696535244922,0.387792148854096,0.308018985760679,0,
0.335801618736008,0.320245398773006,0.799880525686977,0.547311095983662,0.47464401698726,0,
0.313931462028586,0.335319894829097,0.532058940661091,0.925119128658952,0.12165875593305,0,
0.483898742896504,0.360385626643295,0.337116686579052,0.378942591331972,0.344241818636023,0,
0.818322713965903,0.295530236634531,0.596575069693349,0.308599954617654,0.295278541094179,0,
0.283451007404856,0.299912357581069,0.438470728793309,0.47787610619469,0.107669248063952,0,
0.479421387980024,0.463978965819457,0.433492632417364,0.333106421601997,0.33999500374719,0,
0.338556914069227,0.559333917616126,0.527080844285145,0.449739051508963,0.277292030976767,0,
0.366798691234717,0.415425065731814,0.600557546794106,0.879282958928977,0.590307269547839,1,
0.404684002066471,0.44943032427695,0.633014735165273,0.58384388472884,0.695978016487634,1,
0.347683829860513,0.448378615249781,0.514536041417762,0.673247106875425,0.137147139645266,1,
0.501980368520751,0.425591586327783,0.315013938669853,0.340140685273429,0.305770671996003,0,
0.479249182021698,0.334268185801928,0.754679410593389,0.645563875652371,0.585810642018486,1,
0.316858963320131,0.370026292725679,0.431700517722023,0.487179487179487,0.32075943042718,1,
0.657137936972619,0.318141980718668,0.383910792512943,0.380077149988654,0.308268798401199,0,
0.319097640778371,0.331288343558282,0.45499800876145,0.518266394372589,0.32075943042718,1,
0.416910625107629,0.551270815074496,0.450219036240542,0.418652144315861,0.245316012990257,0,
0.431720337523678,0.594040315512708,0.261449621664675,0.316314953483095,0.292780414688983,0,
0.324608231444808,0.425065731814198,0.857825567502987,0.200363058770138,0.223332500624532,0,
0.36214913035991,0.768624014022787,0.244723217841497,0.451100521896982,0.273544841368973,0,
0.424659893232306,0.739526730937774,0.253882915173238,0.304515543453597,0.286784911316513,0,
0.332874117444464,0.37703768624014,0.804659498207885,0.201270705695484,0.417686734948788,0,
0.570862751851214,0.508851884312007,0.278773397052967,0.468572725209893,0.459405445915563,1,
0.350783537110384,0.464855390008764,0.667861409796894,0.517812570909916,0.206595053709718,1,
0.267952471155502,0.133917616126205,0.155714854639586,0.150896301338779,0.32075943042718,1,
0.400206647149991,0.735495179666959,0.530665073675826,0.27115951894713,0.286285286035473,0,
0.34423971069399,0.496056091148116,0.909398645957786,0.215339233038348,0.32075943042718,0,
0.321852936111589,0.41384750219106,0.540023894862604,0.648740639891082,0.32075943042718,1,
0.378164284484243,0.437861524978089,0.856829948227798,0.573632856818698,0.232825380964277,1,
0.353711038401929,0.542681858019281,0.472919155714855,0.305196278647606,0.292030976767424,0,
0.418288272774238,0.763014899211218,0.269215452011151,0.315180394826413,0.366974768923308,0,
0.837609781298433,0.360210341805434,0.334129828753485,0.38166553210801,0.334249313015239,0,
0.358877217151713,0.307099035933392,0.741338112305854,0.587474472430225,0.218835873095179,1,
0.66919235405545,0.481682734443471,0.289924332935086,0.331291127751305,0.299525355983013,0,
0.90184260375409,0.30464504820333,0.339705296694544,0.342182890855457,0.337247064701474,0,
0.453762700189426,0.641717791411043,0.273197929111908,0.41615611527116,0.288033974519111,0,
0.344756328568968,0.781069237510955,0.251294305057746,0.424324937599274,0.369722707969023,0,
0.410366798691235,0.510429447852761,0.537833532457188,0.269117313365101,0.750437172120909,0,
0.622352333390735,0.683435582822086,0.280764635603345,0.443385523031541,0.279290532100924,0,
0.330635439986223,0.32638036809816,0.49542015133413,0.664624461084638,0.32075943042718,1,
0.359738246943344,0.547765118317266,0.280565511748307,0.324029952348536,0.294529103172621,0,
0.412261064232822,0.34250657318142,0.505575467941059,0.830496936691627,0.179865101174119,1,
0.431720337523678,0.377388255915863,0.562126642771804,0.296573632856819,0.32075943042718,0,
0.305837781987257,0.277125328659071,0.408602150537634,0.445654640344906,0.227079690232326,0,
0.270018942655416,0.174233128834356,0.206690561529271,0.13592012707057,0.163877092180864,0,
0.3271913208197,0.349342681858019,0.512146555157308,0.27569775357386,0.668248813389957,1,
0.509213018770449,0.62524101665206,0.285145360414178,0.411617880644429,0.261553834624032,0,
0.519717582228345,0.716914986853637,0.267821585025886,0.319491717721806,0.289532850362228,0,
0.336146030652661,0.432252410166521,0.982477100756671,0.169956886771046,0.32075943042718,0,
0.315653521611848,0.338475021910605,0.660892074870569,0.856364874063989,0.32075943042718,0,
0.394523850525228,0.448203330411919,0.65810434090004,0.54163830270025,0.702473145141144,1,
0.311348372653694,0.302191060473269,0.452608522500996,0.454277286135693,0.23082687984012,1,
0.459101084897537,0.556529360210342,0.655117483074472,0.526889040163376,0.473644766425181,1,
0.527466850353022,0.520245398773006,0.748506571087216,0.275470841842523,0.282538096427679,1,
0.377819872567591,0.541630148992112,0.610911987256073,0.461765373269798,0.273794654009493,0,
0.313931462028586,0.314811568799299,0.19115890083632,0.831177671885636,0.0714464151886085,0,
0.477182710521784,0.674496056091148,0.29410593389088,0.324256864079873,0.268798401199101,0,
0.409161356982952,0.623663453111306,0.634607726005575,0.61833446789199,0.244066949787659,1,
0.718787670053384,0.291148115687993,0.404221425726802,0.405945087361017,0.305021234074444,0,
0.338556914069227,0.561262050832603,0.584229390681004,0.548672566371681,0.225830627029728,0,
0.400206647149991,0.417002629272568,0.651732377538829,0.650782845473111,0.653260054958781,1,
0.415705183399346,0.460473269062226,0.718239745121466,0.229180848649875,0.26929802648014,0,
0.674530738763561,0.198422436459246,0.390681003584229,0.382119355570683,0.343242568073945,0,
0.35904942311004,0.670289219982471,0.499203504579849,0.479464488314046,0.219335498376218,0,
0.464611675563974,0.641717791411043,0.270011947431302,0.308146131154981,0.286535098675993,0,
0.350783537110384,0.352147239263804,0.5221027479092,0.848649875198548,0.787159630277292,1,
0.46168417427243,0.619631901840491,0.483273596176822,0.699115044247788,0.211091681239071,0,
0.45272946443947,0.680981595092024,0.275388291517324,0.27501701837985,0.499625281039221,0,
0.434820044773549,0.610517090271692,0.563520509757069,0.649421375085092,0.21184111916063,1,
0.602376442224901,0.544609991235758,0.29689366786141,0.326979804855911,0.29502872845366,0,
0.344756328568968,0.604206836108677,0.295898048586221,0.316995688677105,0.293280039970022,0,
0.331324263819528,0.330411919368975,0.490043807248108,0.712502836396642,0.32075943042718,1,
0.364043395901498,0.601928133216477,0.610513739545998,0.514408894939868,0.32075943042718,0,
0.322369553986568,0.3011393514461,0.490442054958184,0.743135920127071,0.32075943042718,0,
0.252626140864474,0.353549517966696,0.634607726005575,0.182210120263218,0.187859105670747,0,
0.338384708110901,0.58965819456617,0.560533651931501,0.500567279328341,0.32075943042718,0,
0.813845359049423,0.184750219106047,0.396853843090402,0.42001361470388,0.297027229577817,0,
0.313242638195282,0.338475021910605,0.52847471127041,0.916269571136828,0.111916062952785,0,
0.319614258653349,0.331463628396144,0.631819992035046,0.776718856364874,0.32075943042718,0,
0.40743929739969,0.544960560911481,0.289326961369972,0.327660540049921,0.30102423182613,0,
0.42672636473222,0.546538124452235,0.280167264038232,0.421601996823236,0.255058705970522,1,
0.524711555019804,0.402103418054338,0.325965750696933,0.380077149988654,0.32075943042718,0,
0.363010160151541,0.398948290972831,0.743329350856233,0.249602904470161,0.259805146140395,0,
0.328052350611331,0.35056967572305,0.594982078853047,0.6761969593828,0.220834374219335,0,
0.319269846736697,0.37353198948291,0.715452011150936,0.181302473337872,0.32075943042718,0,
0.713104873428621,0.28624014022787,0.390880127439267,0.398683911958248,0.304521608793405,0,
0.390563113483726,0.388957055214724,0.701115093588212,0.551168595416383,0.19260554584062,0,
0.327880144653005,0.508501314636284,0.593389088012744,0.499432720671659,0.32075943042718,0,
0.412949888066127,0.754951796669588,0.527479091995221,0.289085545722714,0.281289033225081,0,
0.670053383847081,0.309377738825592,0.392672242134608,0.38688450192875,0.28203847114664,0,
0.887549509213019,0.342156003505697,0.557745917960972,0.305423190378943,0.298276292780415,0,
0.467194764938867,0.637861524978089,0.667861409796894,0.272294077603812,0.280289782663003,1,
0.338901325985879,0.378439964943032,0.507765830346475,0.877467665078285,0.130901823632276,1,
0.409333562941278,0.310254163014899,0.678414974113899,0.237122759246653,0.431426430177367,1,
0.942311003960737,0.184574934268186,0.393866985264835,0.340594508736102,0.30152385710717,0,
0.640606164973308,0.340403155127081,0.343090402230187,0.376673474018607,0.334249313015239,0,
0.415877389357672,0.381069237510955,0.72242134607726,0.833900612661675,0.165625780664502,1,
0.328741174444636,0.308501314636284,0.487056949422541,0.683004311322895,0.823382463152636,1,
0.365076631651455,0.67589833479404,0.283552369573875,0.412525527569775,0.280289782663003,0,
0.408472533149647,0.337072743207713,0.492433293508562,0.840254141139097,0.182613040219835,1,
0.446185638023076,0.39193689745837,0.570290720828355,0.551168595416383,0.263302523107669,1,
0.871189943172034,0.190359333917616,0.401831939466348,0.339459950079419,0.341993504871347,0,
0.355605303943516,0.308501314636284,0.541019514137794,0.807805763557976,0.187109667749188,0,
0.472016531771999,0.688343558282209,0.286539227399442,0.32312230542319,0.294029477891581,0,
0.915963492336835,0.170201577563541,0.333930704898447,0.379396414794645,0.304521608793405,0,
0.330291028069571,0.489044697633655,0.667861409796894,0.240072611754028,0.32075943042718,0,
0.40743929739969,0.340929009640666,0.729390681003584,0.600862264579079,0.46140394703972,1,
0.462028586189082,0.426818580192813,0.428116288331342,0.340140685273429,0.336247814139395,0,
0.396934733941794,0.662401402278703,0.256670649143767,0.427728613569322,0.32075943042718,0,
0.315309109695195,0.278702892199825,0.415969733174034,0.27115951894713,0.517112165875593,1,
0.340795591527467,0.350043821209465,0.701911589008363,0.693896074427048,0.209093180114914,0,
0.307559841570518,0.294478527607362,0.507168458781362,0.6761969593828,0.216337746689983,0,
0.673325297055278,0.55512708150745,0.440063719633612,0.57476741547538,0.259555333499875,0,
0.323747201653177,0.322173531989483,0.612704101951414,0.684592693442251,0.0691981014239321,0,
0.390563113483726,0.680806310254163,0.524492234169654,0.586339913773542,0.21808643517362,1,
0.468572412605476,0.646450482033304,0.287733970529669,0.410483321987747,0.280289782663003,0,
0.391079731358705,0.549167397020158,0.619872560732776,0.274790106648514,0.28203847114664,0,
0.363182366109867,0.371078001752848,0.610513739545998,0.755162241887906,0.191606295278541,0,
0.496469777854314,0.558106923751096,0.310434090003982,0.33287950987066,0.344491631276543,0,
0.356638539693473,0.751971954425942,0.275985663082437,0.63716814159292,0.223582313265051,1,
0.884449801963148,0.297808939526731,0.340900039824771,0.343998184706149,0.337996502623033,0,
0.318581022903392,0.432077125328659,0.682596575069693,0.255275697753574,0.32075943042718,0,
0.416738419149303,0.320595968448729,0.536240541616886,0.817336056274109,0.180114913814639,0,
0.366970897193043,0.373356704645048,0.750497809637595,0.185386884501929,0.451411441418936,1,
0.34423971069399,0.577563540753725,0.570290720828355,0.554345359655094,0.214339245565826,0,
0.376786636817634,0.822436459246275,0.274392672242135,0.440435670524166,0.492880339745191,0,
0.942483209919063,0.178965819456617,0.337514934289128,0.339006126616746,0.304521608793405,0,
0.378336490442569,0.685889570552147,0.247311827956989,0.425005672793283,0.27579315513365,0,
0.641639400723265,0.503768624014023,0.310434090003982,0.339459950079419,0.342742942792905,0,
0.312726020320303,0.288343558282209,0.448626045400239,0.519400953029272,0.646515113664751,0,
0.314620285861891,0.371078001752848,0.788331342094783,0.164964828681643,0.32075943042718,0,
0.504391251937317,0.507624890446976,0.469534050179211,0.434082142046744,0.391956032975269,0,
0.550370242810401,0.606134969325153,0.292114695340502,0.291354663036079,0.507119660254809,0,
0.504563457895643,0.507624890446976,0.469534050179211,0.434082142046744,0.391956032975269,0,
0.489237127604615,0.716739702015776,0.539227399442453,0.44020875879283,0.32075943042718,0,
0.331152057861202,0.296932515337423,0.476503385105536,0.764692534604039,0.696227829128154,1,
0.334596177027725,0.428220858895706,0.716049382716049,0.228273201724529,0.32075943042718,0,
0.473049767521956,0.686415425065732,0.273994424532059,0.295892897662809,0.556082937796653,0,
0.419149302565869,0.643821209465381,0.585025886101155,0.28023598820059,0.278291281538846,0,
0.334940588944377,0.360035056967572,0.58641975308642,0.753346948037213,0.125655758181364,1,
0.33304632340279,0.36546888694128,0.502389486260454,0.599273882459723,0.32075943042718,1,
0.368692956776304,0.337072743207713,0.815013938669853,0.568186975266621,0.471146640019985,1,
0.724814878594799,0.284136722173532,0.398048586220629,0.407306557749036,0.303772170871846,0,
0.397279145858447,0.517966695880806,0.777777777777778,0.51622418879056,0.259055708218836,1,
0.34200103323575,0.475547765118317,0.607128634010354,0.464942137508509,0.389957531851112,0,
0.354744274151886,0.405083260297984,0.645161290322581,0.593374177444974,0.229827629278041,1,
0.401928706733253,0.634355828220859,0.539028275587415,0.278647606081234,0.368973270047464,0,
0.898398484587567,0.346538124452235,0.437873357228196,0.47787610619469,0.287784161878591,0,
0.379541932150852,0.685714285714286,0.248108323377141,0.428863172226004,0.281289033225081,0,
0.790253142758739,0.291498685363716,0.340900039824771,0.341729067392784,0.338246315263552,0,
0.256414671947649,0.14250657318142,0.482078853046595,0.600408441116406,0.32075943042718,0,
0.706044429137248,0.34250657318142,0.400836320191159,0.397776265032902,0.295778166375219,0,
0.344584122610642,0.451533742331288,0.926722421346077,0.203312911277513,0.32075943042718,0,
0.374892371276046,0.399649430324277,0.68478693747511,0.282051282051282,0.279290532100924,0,
0.543826416394007,0.35407537248028,0.33731581043409,0.388472884048105,0.350237322008494,0,
0.672119855346995,0.452059596844873,0.454798884906412,0.458134785568414,0.262303272545591,0,
0.339073531944205,0.324452234881683,0.50457984866587,0.196732471068754,0.32075943042718,1,
0.394868262441881,0.758983347940403,0.261847869374751,0.313138189244384,0.285286035473395,0,
0.311864990528672,0.29079754601227,0.453205894066109,0.242114817336056,0.0976767424431676,0,
0.430514895815395,0.57125328659071,0.757068896853843,0.247333787156796,0.400199850112416,0,
0.369209574651283,0.354951796669588,0.80426125049781,0.526889040163376,0.482388208843367,1,
0.342517651110728,0.458720420683611,0.915372361608921,0.180848649875199,0.236572570572071,0,
0.741002238677458,0.431551270815074,0.566109119872561,0.469026548672566,0.286035473394954,0,
0.650594110556225,0.393514460999124,0.394663480684986,0.387338325391423,0.341493879590307,0,
0.820561391424143,0.342857142857143,0.433691756272401,0.339459950079419,0.305271046714964,0,
0.339934561735836,0.364066608238387,0.55057745917961,0.448831404583617,0.515613290032476,1,
0.308937489237128,0.299561787905346,0.41636798088411,0.252325845246199,0.577816637521859,0,
0.324608231444808,0.310955302366345,0.617483074472322,0.720671658724756,0.162877841618786,0,
0.395901498191837,0.335144609991236,0.666666666666667,0.542319037894259,0.427929053210092,1,
0.854141553297744,0.308150744960561,0.402429311031462,0.38688450192875,0.419185610791906,0,
0.314275873945238,0.350920245398773,0.443647949024293,0.187429090083957,0.32075943042718,1,
0.308248665403823,0.295880806310254,0.488450816407806,0.161334240980259,0.32075943042718,0,
0.357327363526778,0.619982471516214,0.647749900438072,0.592239618788291,0.32075943042718,0,
0.33304632340279,0.360035056967572,0.617881322182397,0.535284774222827,0.682737946540095,1,
0.348028241777165,0.647677475898335,0.252090800477897,0.291354663036079,0.254808893330003,0,
0.316858963320131,0.284312007011393,0.477499004380725,0.664851372815975,0.790407194604047,1,
0.334423971069399,0.32988606485539,0.738749502190362,0.719537100068073,0.177866600049963,0,
0.323058377819873,0.309377738825592,0.530665073675826,0.907873837077377,0.10866849862603,0,
0.408472533149647,0.338124452234882,0.499601752289924,0.842296346721126,0.178616037971521,1,
0.34647838815223,0.383698510078878,0.688968538430904,0.203085999546177,0.215088683487384,0,
0.502496986395729,0.535845749342682,0.314018319394663,0.333787156796006,0.345490881838621,0,
0.347511623902187,0.392287467134093,0.581242532855436,0.809167233945995,0.32075943042718,1,
0.329085586361288,0.465205959684487,0.809637594583831,0.2119355570683,0.246565076192855,0,
0.638884105390046,0.620508326029798,0.259657506969335,0.460857726344452,0.391956032975269,0,
0.38952987773377,0.410166520595968,0.776184786937475,0.271840254141139,0.452660504621534,0,
0.31823661098674,0.308851884312007,0.546993229788929,0.862945314272748,0.140394703972021,0,
0.865851558463923,0.17703768624014,0.38968538430904,0.380304061719991,0.334499125655758,0,
0.413122094024453,0.539702015775635,0.611708482676225,0.281370546857273,0.32075943042718,0,
0.76734975030136,0.279228746713409,0.394464356829948,0.402768323122305,0.305021234074444,0,
0.310315136903737,0.337072743207713,0.482676224611708,0.549807125028364,0.520609542842868,0,
0.343206474944033,0.42646801051709,0.520708880923935,0.872248695257545,0.164876342742943,1,
