541,5,2,
0.421732391940761,0.670639789658195,0.669255276782158,0.261629226230996,0.266050462153385,0,
0.310659548820389,0.321647677475898,0.577459179609717,0.358747447243022,0.32075943042718,0,
0.398140175650077,0.656441717791411,0.544006371963361,0.455184933061039,0.376967274544092,0,
0.473049767521956,0.686415425065732,0.273994424532059,0.295892897662809,0.556082937796653,0,
0.402617530566558,0.776687116564417,0.259458383114297,0.302246426140231,0.289532850362228,0,
0.406750473566385,0.497984224364593,0.728395061728395,0.508736101656456,0.263552335748189,0,
0.513862579645256,0.532340052585451,0.299084030266826,0.415248468345813,0.27554334249313,0,
0.777854313759256,0.360385626643295,0.333731581043409,0.408668028137055,0.298775918061454,0,
0.322197348028242,0.400525854513585,0.770011947431302,0.185840707964602,0.171871096677492,0,
0.308248665403823,0.289395267309378,0.419952210274791,0.464942137508509,0.223082687984012,0,
0.446357843981402,0.501489921121823,0.305854241338112,0.331971862945314,0.303522358231327,0,
0.399517823316687,0.529710780017528,0.247710075667065,0.306103925572952,0.280039970022483,0,
0.536938178060961,0.540403155127081,0.287534846674632,0.328795098706603,0.32075943042718,0,
0.833304632340279,0.356003505696757,0.41178813221824,0.566371681415929,0.264051961029228,0,
0.85345272946444,0.432602979842244,0.433890880127439,0.422055820285909,0.353734698975768,0,
0.42311003960737,0.482559158632778,0.481282357626444,0.411390968913093,0.375718211341494,0,
0.271913208197004,0.419106047326906,0.926523297491039,0.177671885636487,0.32075943042718,0,
0.337007060444291,0.435056967572305,0.826164874551971,0.22237349670978,0.32075943042718,0,
0.335629412777682,0.482033304119194,0.665272799681402,0.254594962559564,0.26255308518611,0,
0.310659548820389,0.31954425942156,0.587216248506571,0.267755842977082,0.228078940794404,0,
0.586533494058894,0.574233128834356,0.311429709279172,0.338325391422737,0.302023482388209,0,
0.336146030652661,0.431200701139351,0.841298287534847,0.199682323576129,0.32075943042718,0,
0.671258825555364,0.322348816827344,0.384707287933094,0.380304061719991,0.308768423682238,0,
0.352677802651972,0.682559158632778,0.283950617283951,0.426140231449966,0.225081189108169,0,
0.564491131393146,0.622611744084137,0.264436479490243,0.407533469480372,0.29477891581314,0,
0.307559841570518,0.294478527607362,0.507168458781362,0.6761969593828,0.216337746689983,0,
0.361632512484932,0.398247151621385,0.80147351652728,0.232357612888586,0.244316762428179,0,
0.788531083175478,0.292375109553024,0.417562724014337,0.392330383480826,0.301773669747689,0,
0.423971069399001,0.769149868536372,0.272202309836718,0.311322895393692,0.360479640269798,0,
0.304976752195626,0.287291849255039,0.466746316208682,0.45836169729975,0.426180364726455,0,
0.471155501980368,0.545135845749343,0.437674233373158,0.415248468345813,0.283287534349238,0,
0.404684002066471,0.548641542506573,0.290123456790123,0.325164511005219,0.32075943042718,0,
0.650594110556225,0.393514460999124,0.394663480684986,0.387338325391423,0.341493879590307,0,
0.327707938694679,0.443821209465381,0.763042612504978,0.234853641933288,0.32075943042718,0,
0.394868262441881,0.758983347940403,0.261847869374751,0.313138189244384,0.285286035473395,0,
0.496125365937661,0.461349693251534,0.502389486260454,0.769230769230769,0.196352735448414,0,
0.640433959014982,0.388080631025416,0.434488251692553,0.429543907420014,0.575318511116662,0,
0.318064405028414,0.354601226993865,0.711668657905217,0.358747447243022,0.32075943042718,0,
0.570173928017909,0.61384750219106,0.584826762246117,0.48309507601543,0.282538096427679,0,
0.352161184776993,0.738299737072743,0.233373158104341,0.498978897208986,0.599800149887584,0,
0.382469433442397,0.749167397020158,0.559936280366388,0.459723167687769,0.32075943042718,0,
0.36214913035991,0.700788781770377,0.256073277578654,0.439754935330157,0.28228828378716,0,
0.350783537110384,0.549868536371604,0.658900836320191,0.265713637395053,0.2560579565326,0,
0.457895643189254,0.681156879929886,0.265432098765432,0.575675062400726,0.246065450911816,0,
0.39262958498364,0.787554776511832,0.240143369175627,0.446335375538915,0.277541843617287,0,
0.918202169795075,0.36091148115688,0.330545599362804,0.340140685273429,0.306769922558081,0,
0.935250559669365,0.341805433829974,0.329151732377539,0.339913773542092,0.306520109917562,0,
0.798519028758395,0.295179666958808,0.635603345280765,0.293623780349444,0.287784161878591,0,
0.363698983984846,0.425416301489921,0.757068896853843,0.237803494440663,0.260554584061954,0,
0.317375581195109,0.32760736196319,0.624452409398646,0.699341955979124,0.104921309018236,0,
0.691234716721199,0.469412795793164,0.450219036240542,0.327433628318584,0.250811891081689,0,
0.393662820733597,0.632778264680105,0.629828753484667,0.275470841842523,0.278790906819885,0,
0.865334940588944,0.353198948290973,0.336519315013939,0.338552303154073,0.306769922558081,0,
0.486481832271397,0.577212971078002,0.292512943050577,0.329248922169276,0.354484136897327,0,
0.653866023764422,0.314285714285714,0.34468339307049,0.382119355570683,0.309018236322758,0,
0.614603065266058,0.374583698510079,0.404022301871764,0.393464942137508,0.346989757681739,0,
0.331152057861202,0.301840490797546,0.442453205894066,0.63262990696619,0.666999750187359,0,
0.483554330979852,0.439789658194566,0.432696136997212,0.3380984796914,0.33999500374719,0,
0.302393662820734,0.275547765118317,0.435483870967742,0.261629226230996,0.32075943042718,0,
0.347167211985535,0.475372480280456,0.630227001194743,0.267755842977082,0.269797651761179,0,
0.389874289650422,0.77475898334794,0.604141776184787,0.501701837985024,0.261553834624032,0,
0.517134492853453,0.557230499561788,0.290521704500199,0.450873610165646,0.665251061703722,0,
0.327019114861374,0.465381244522349,0.197929111907607,0.287497163603358,0.369223082687984,0,
0.323402789736525,0.425942156003506,0.67283950617284,0.254821874290901,0.32075943042718,0,
0.277423798863441,0.466257668711656,0.305455993628037,0.528023598820059,0.254309268048963,0,
0.772343723092819,0.33444347063979,0.418558343289526,0.342182890855457,0.340994254309268,0,
0.517306698811779,0.658545135845749,0.522700119474313,0.504651690492399,0.272295778166375,0,
0.36352677802652,0.510780017528484,0.64336917562724,0.491490810074881,0.201099175618286,0,
0.321852936111589,0.304469763365469,0.45957785742732,0.212162468799637,0.801898576067949,0,
0.623385569140692,0.45521472392638,0.313819195539626,0.384388472884048,0.304521608793405,0,
0.715687962803513,0.401577563540754,0.499601752289924,0.551395507147719,0.25655758181364,0,
0.444807990356466,0.573006134969325,0.27479091995221,0.723848422963467,0.200099925056208,0,
0.352677802651972,0.44715162138475,0.690163281561131,0.547084184252326,0.219335498376218,0,
0.329085586361288,0.465205959684487,0.809637594583831,0.2119355570683,0.246565076192855,0,
0.37248148785948,0.601752848378615,0.281561131023497,0.316314953483095,0.296277791656258,0,
0.297744101945927,0.199649430324277,0.439267224213461,0.495575221238938,0.32075943042718,0,
0.338212502152574,0.456266432953549,0.897252090800478,0.214658497844339,0.226829877591806,0,
0.334940588944377,0.547414548641542,0.783950617283951,0.188109825277967,0.25655758181364,0,
0.39262958498364,0.75407537248028,0.237355635205098,0.300884955752212,0.278541094179365,0,
0.342689857069055,0.44715162138475,0.915372361608921,0.209893351486272,0.24381713714714,0,
0.436542104356811,0.564943032427695,0.285941855834329,0.326072157930565,0.32075943042718,0,
0.38143619769244,0.601577563540754,0.680007964954201,0.230769230769231,0.32075943042718,0,
0.308937489237128,0.292550394390885,0.474711270410195,0.308146131154981,0.205845615788159,0,
0.347167211985535,0.409290096406661,0.730187176423736,0.236215112321307,0.244566575068699,0,
0.337007060444291,0.434180543382997,0.728195937873357,0.188336737009303,0.245565825630777,0,
0.643878078181505,0.358983347940403,0.413978494623656,0.410483321987747,0.447414439170622,0,
0.627346306182194,0.409991235758107,0.400438072481083,0.393011118674835,0.354733949537847,0,
0.11296710866196,0.508150744960561,0.17921146953405,0.266621284320399,0.32075943042718,0,
0.427415188565524,0.678878177037686,0.668857029072083,0.261175402768323,0.32075943042718,0,
0.342345445152402,0.511130587204207,0.952608522500995,0.162922623099614,0.32075943042718,0,
0.806096090924746,0.290972830850131,0.394464356829948,0.342182890855457,0.334748938296278,0,
0.319442052695023,0.3011393514461,0.48805256869773,0.500794191059678,0.662752935298526,0,
0.333907353194421,0.340929009640666,0.86399840700916,0.571363739505332,0.425181114164377,0,
0.387463406233856,0.814548641542507,0.242333731581043,0.506240072611754,0.539345490881839,0,
0.353022214568624,0.44136722173532,0.48805256869773,0.295892897662809,0.290282288283787,0,
0.314103667986912,0.293251533742331,0.482078853046595,0.857045609257999,0.159630277292031,0,
0.877561563630102,0.323225241016652,0.339307048984468,0.343998184706149,0.308768423682238,0,
0.848803168589633,0.354250657318142,0.416766228594186,0.300204220558203,0.472395703222583,0,
0.851730669881178,0.376862401402279,0.331342094782955,0.378261856137962,0.301773669747689,0,
0.343034268985707,0.615950920245399,0.772202309836718,0.514408894939868,0.32075943042718,0,
0.252281728947822,0.531113058720421,0.527479091995221,0.522350805536646,0.32075943042718,0,
0.705872223178922,0.372304995617879,0.441059338908801,0.332425686407987,0.309517861603797,0,
0.341656621319098,0.42524101665206,0.87495021903624,0.17812570909916,0.42917811641269,0,
0.345617358360599,0.723225241016652,0.504978096375946,0.446789199001588,0.244566575068699,0,
0.413638711899432,0.633654688869413,0.709876543209876,0.262536873156342,0.381463902073445,0,
0.359738246943344,0.547765118317266,0.280565511748307,0.324029952348536,0.294529103172621,0,
0.453762700189426,0.641717791411043,0.273197929111908,0.41615611527116,0.288033974519111,0,
0.333562941277768,0.326555652936021,0.513341298287535,0.852734286362605,0.128653509867599,0,
0.433270191148614,0.382471516213848,0.402230187176424,0.377808032675289,0.341993504871347,0,
0.32633029102807,0.489219982471516,0.694942254082039,0.520762423417291,0.164126904821384,0,
0.320130876528328,0.355477651183173,0.570888092393469,0.828227819378262,0.165126155383462,0,
0.431720337523678,0.377388255915863,0.562126642771804,0.296573632856819,0.32075943042718,0,
0.315653521611848,0.338475021910605,0.660892074870569,0.856364874063989,0.32075943042718,0,
0.313931462028586,0.314811568799299,0.19115890083632,0.831177671885636,0.0714464151886085,0,
0.323747201653177,0.344084136722174,0.508562325766627,0.758565917857953,0.139645266050462,0,
0.325985879111417,0.433654688869413,0.699123855037833,0.240072611754028,0.273794654009493,0,
0.696056483554331,0.319894829097283,0.413978494623656,0.381438620376673,0.33974519110667,0,
0.822800068882383,0.292024539877301,0.402628434886499,0.406625822555026,0.298526105420934,0,
0.338556914069227,0.561262050832603,0.584229390681004,0.548672566371681,0.225830627029728,0,
0.401067676941622,0.692900964066608,0.242333731581043,0.303154073065577,0.281289033225081,0,
0.30928190115378,0.339526730937774,0.470927917164476,0.4928522804629,0.507869098176368,0,
0.356638539693473,0.401051709027169,0.866985264834727,0.199001588382119,0.226080439670247,0,
0.252626140864474,0.353549517966696,0.634607726005575,0.182210120263218,0.187859105670747,0,
0.581539521267436,0.37125328659071,0.281362007168459,0.813478556841389,0.212340744441669,0,
0.370587222317892,0.628921998247152,0.615292712066906,0.5214431586113,0.259555333499875,0,
0.472016531771999,0.688343558282209,0.286539227399442,0.32312230542319,0.294029477891581,0,
0.360082658859997,0.456266432953549,0.814615690959777,0.195144088949399,0.32075943042718,0,
0.684518684346478,0.353549517966696,0.385702907208284,0.382119355570683,0.338745940544592,0,
0.357499569485104,0.453286590709904,0.806252489048188,0.223054231903789,0.32075943042718,0,
0.32495264336146,0.468536371603856,0.71963361210673,0.512820512820513,0.32075943042718,0,
0.325297055278113,0.425766871165644,0.803066507367582,0.161334240980259,0.447414439170622,0,
0.430170483898743,0.730411919368975,0.265432098765432,0.315861130020422,0.290781913564826,0,
0.424143275357327,0.570727432077125,0.455794504181601,0.416609938733833,0.262303272545591,0,
0.149991389702084,0.0464504820333041,0.255276782158503,0.450192874971636,0.529852610542093,0,
0.442569312898226,0.54829097283085,0.553365193150139,0.301792602677558,0.28178865850612,0,
0.415016359566041,0.640315512708151,0.252090800477897,0.312684365781711,0.32075943042718,0,
0.335629412777682,0.561437335670465,0.54500199123855,0.44474699341956,0.32075943042718,0,
0.330118822111245,0.337423312883436,0.804659498207885,0.221238938053097,0.402947789158131,0,
0.334940588944377,0.294653812445223,0.515929908403027,0.8738370773769,0.32075943042718,0,
0.425520923023937,0.70920245398773,0.280963759458383,0.320626276378489,0.289782663002748,0,
0.690201480971242,0.470464504820333,0.311429709279172,0.403902881778988,0.297027229577817,0,
0.335801618736008,0.416827344434706,0.932297889287137,0.194463353755389,0.32075943042718,0,
0.380230755984157,0.627344434706398,0.561728395061728,0.450192874971636,0.26904821383962,0,
0.869295677630446,0.184224364592463,0.340900039824771,0.342863626049467,0.30751936047964,0,
0.479249182021698,0.365994741454864,0.332536837913182,0.375992738824597,0.334499125655758,0,
0.656276907180988,0.390534618755478,0.436877737953007,0.419559791241207,0.449412940294779,0,
0.370587222317892,0.657668711656442,0.626443647949024,0.514181983208532,0.32075943042718,0,
0.595315997933528,0.402979842243646,0.535444046196734,0.717041071023372,0.208593554833875,0,
0.341140003444119,0.626292725679229,0.492035045798487,0.416609938733833,0.39095678241319,0,
0.269674530738764,0.417879053461876,0.836718438868976,0.172226004084411,0.32075943042718,0,
0.353022214568624,0.449780893952673,0.833134209478295,0.210800998411618,0.462153384961279,0,
0.335973824694334,0.411393514460999,0.781959378733572,0.207170410710234,0.259305520859355,0,
0.4535904942311,0.761612620508326,0.266626841895659,0.411617880644429,0.465900574569073,0,
0.337007060444291,0.423663453111306,0.744723217841497,0.258225550260948,0.26255308518611,0,
0.320647494403306,0.356178790534619,0.574074074074074,0.843203993646471,0.170372220834374,0,
0.377647666609265,0.419456617002629,0.750696933492632,0.258225550260948,0.255058705970522,0,
0.345789564318925,0.397896581945662,0.632218239745121,0.270932607215793,0.262303272545591,0,
0.140003444119167,0.401402278702892,0.277180406212664,0.3238030406172,0.301773669747689,0,
0.434303426898571,0.716389132340053,0.288729589804859,0.321080099841162,0.289283037721709,0,
0.371276046151197,0.456091148115688,0.672441258462764,0.263898343544361,0.229827629278041,0,
0.782331668675736,0.293251533742331,0.417363600159299,0.393691853868845,0.300774419185611,0,
0.254864818322714,0.776161262050833,0.235563520509757,0.287724075334695,0.279540344741444,0,
0.476149474771827,0.628571428571429,0.266427718040621,0.415929203539823,0.406445166125406,0,
0.530049939727915,0.423312883435583,0.459378733572282,0.330156569094622,0.37796652510617,0,
0.447735491648011,0.473093777388256,0.428116288331342,0.336056274109371,0.304021983512366,0,
0.305493370070604,0.297984224364592,0.424332935085623,0.454731109598366,0.32075943042718,0,
0.272602032030308,0.130411919368975,0.710872162485066,0.0964374858180168,0.32075943042718,0,
0.328396762527983,0.372655565293602,0.614695340501792,0.847061493079192,0.160629527854109,0,
0.258136731530911,0.42296231375986,0.526881720430108,0.267302019514409,0.370971771171621,0,
0.339934561735836,0.795267309377739,0.262046993229789,0.452008168822328,0.529103172620535,0,
0.362321336318237,0.412971078001753,0.906610911987256,0.177444973905151,0.236322757931551,0,
0.351127949027036,0.503768624014023,0.621465551573078,0.258225550260948,0.32075943042718,0,
0.84535904942311,0.371078001752848,0.411190760653126,0.518266394372589,0.250811891081689,0,
0.354227656276907,0.506047326906223,0.835324571883712,0.209439528023599,0.32075943042718,0,
0.81711727225762,0.358983347940403,0.453803265631223,0.484229634672113,0.273295028728454,0,
0.45582917168934,0.427870289219982,0.429311031461569,0.335829362378035,0.338745940544592,0,
0.350266919235405,0.544609991235758,0.64794902429311,0.506240072611754,0.26280289782663,0,
0.737385913552609,0.31498685363716,0.336718438868976,0.341502155661448,0.350487134649013,0,
0.694162218012743,0.346888694127958,0.341696535244922,0.387792148854096,0.308018985760679,0,
0.483898742896504,0.360385626643295,0.337116686579052,0.378942591331972,0.344241818636023,0,
0.724987084553125,0.284312007011393,0.398048586220629,0.407533469480372,0.303772170871846,0,
0.366798691234717,0.678001752848379,0.578653922739944,0.249375992738825,0.32075943042718,0,
0.406233855691407,0.574233128834356,0.518120270808443,0.301792602677558,0.289532850362228,0,
0.513518167728603,0.35863277826468,0.337514934289128,0.385296119809394,0.349487884086935,0,
0.314275873945238,0.284312007011393,0.454400637196336,0.499432720671659,0.0809392955283537,0,
0.34423971069399,0.496056091148116,0.909398645957786,0.215339233038348,0.32075943042718,0,
0.332874117444464,0.430324276950044,0.897650338510554,0.142727479010665,0.32075943042718,0,
0.352850008610298,0.587905346187555,0.279769016328156,0.324483775811209,0.298026480139895,0,
0.349750301360427,0.709903593339176,0.258661887694146,0.297708191513501,0.287284536597552,0,
0.332874117444464,0.37703768624014,0.804659498207885,0.201270705695484,0.417686734948788,0,
0.325641467194765,0.417353198948291,0.812823576264436,0.198093941456773,0.32075943042718,0,
0.793869467883589,0.295530236634531,0.419753086419753,0.392557295212162,0.300524606545091,0,
0.314620285861891,0.312357581069238,0.594384707287933,0.882913546630361,0.32075943042718,0,
0.314448079903565,0.31603856266433,0.609518120270808,0.890401633764466,0.32075943042718,0,
0.258481143447563,0.134092900964067,0.664277180406213,0.772634445200817,0.165375968023982,0,
0.559497158601687,0.687817703768624,0.271007566706491,0.477422282732017,0.398950786909818,0,
0.35904942311004,0.450306748466258,0.527877339705297,0.281597458588609,0.437172120909318,0,
0.35991045290167,0.485889570552147,0.950219036240542,0.193555706830043,0.242568073944542,0,
0.690373686929568,0.549693251533742,0.290720828355237,0.566825504878602,0.255808143892081,0,
0.384191493025659,0.834706397896582,0.245121465551573,0.304515543453597,0.279540344741444,0,
0.500602720854141,0.418229623137599,0.321585025886101,0.339913773542092,0.307019735198601,0,
0.365076631651455,0.383698510078878,0.871166865790522,0.60925799863853,0.217087184611541,0,
0.319958670570002,0.377212971078002,0.7463162086818,0.156342182890855,0.220834374219335,0,
0.737902531427587,0.315162138475022,0.336519315013939,0.341729067392784,0.350487134649013,0,
0.230239366282073,0.551095530236635,0.563520509757069,0.277513047424552,0.251061703722208,0,
0.379369726192526,0.862401402278703,0.248506571087216,0.470614930791922,0.278291281538846,0,
0.45582917168934,0.719193689745837,0.511350059737157,0.552303154073066,0.264801398950787,0,
0.534182882727742,0.707624890446976,0.522899243329351,0.309961425005673,0.287284536597552,0,
0.33080764594455,0.464154250657318,0.706690561529271,0.244610846380758,0.263552335748189,0,
0.440675047356639,0.758983347940403,0.263241736360016,0.546403449058316,0.262303272545591,0,
0.330463234027897,0.456792287467134,0.87773795300677,0.222827320172453,0.43617287034724,0,
0.700361632512485,0.282208588957055,0.394464356829948,0.394145677331518,0.305770671996003,0,
0.313931462028586,0.359859772129711,0.503783353245719,0.716133424098026,0.32075943042718,0,
0.323058377819873,0.403856266432954,0.855436081242533,0.199909235307465,0.32075943042718,0,
0.399173411400034,0.727256792287467,0.237753882915173,0.459950079419106,0.57082188358731,0,
0.351988978818667,0.429097283085013,0.841497411389884,0.626049466757431,0.218336247814139,0,
0.321336318236611,0.385626643295355,0.793707686180804,0.168822328114364,0.221333999500375,0,
0.337351472360944,0.334794040315513,0.482676224611708,0.276378488767869,0.706969772670497,0,
0.464267263647322,0.45749342681858,0.425726802070888,0.334240980258679,0.340244816387709,0,
0.788358877217152,0.292375109553024,0.417562724014337,0.392330383480826,0.301773669747689,0,
0.354055450318581,0.381069237510955,0,0.253460403902882,0.247314514114414,0,
0.485104184604787,0.356529360210342,0.804062126642772,0.201951440889494,0.398451161628778,0,
0.341656621319098,0.43453111305872,0.826762246117085,0.648286816428409,0.32075943042718,0,
0.726881350094713,0.31603856266433,0.401234567901235,0.392103471749489,0.308268798401199,0,
0.577578784225934,0.498510078878177,0.498407009159697,0.521216246879964,0.527104671496378,0,
0.38591355260892,0.661349693251534,0.678215850258861,0.258906285454958,0.267799150637022,0,
0.689168245221285,0.294127957931639,0.345081640780565,0.346948037213524,0.332000999250562,0,
0.278457034613398,0.148992112182296,0.126244524093986,0,0.32075943042718,0,
0.791802996383675,0.188080631025416,0.386897650338511,0.389380530973451,0.305770671996003,0,
0.404167384191493,0.795617879053462,0.266825965750697,0.308146131154981,0.284286784911317,0,
0.338040296194248,0.392638036809816,0.881322182397451,0.20285908781484,0.236572570572071,0,
0.385052522817289,0.371954425942156,0.831740342493031,0.599273882459723,0.234074444166875,0,
0.377992078525917,0.618580192813322,0.287335722819594,0.323349217154527,0.298775918061454,0,
0.490098157396246,0.582822085889571,0.490442054958184,0.315861130020422,0.276292780414689,0,
0.415877389357672,0.709728308501315,0.264834727200319,0.294985250737463,0.582812890332251,0,
0.446013432064749,0.481507449605609,0.299482277976902,0.336737009303381,0.343242568073945,0,
0.368692956776304,0.555477651183173,0.299084030266826,0.410710233719083,0.296777416937297,0,
0.85879111417255,0.308326029798422,0.464755077658303,0.517585659178579,0.259555333499875,0,
0.405889443774755,0.318492550394391,0.524691358024691,0.814386203766735,0.180614539095678,0,
0.418977096607543,0.735144609991236,0.260254878534448,0.290900839573406,0.549337996502623,0,
0.395212674358533,0.522348816827344,0.294305057745918,0.405264352167007,0.299775168623532,0,
0.713104873428621,0.423663453111306,0.310035842293907,0.405037440435671,0.366225331001749,0,
0.747029447218874,0.317090271691499,0.398645957785743,0.388926707510778,0.30776917312016,0,
0.336490442569313,0.584399649430324,0.565113500597372,0.496482868164284,0.678740944291781,0,
0.315136903736869,0.301665205959684,0.463958582238152,0.775584297708192,0.566824881338996,0,
0.547787153435509,0.511656441717791,0.297690163281561,0.271386430678466,0.665251061703722,0,
0.384535904942311,0.68501314636284,0.24452409398646,0.307238484229635,0.290032475643268,0,
0.308076459445497,0.340578439964943,0.651931501393867,0.714771953710007,0.32075943042718,0,
0.308420871362149,0.310254163014899,0.448028673835125,0.526208304969367,0.140644516612541,0,
0.465644911313931,0.616827344434706,0.617084826762246,0.547764919446335,0.263802148388708,0,
0.333390735319442,0.537773882559159,0.52668259657507,0.445427728613569,0.277042218336248,0,
0.389702083692096,0.853812445223488,0.222222222222222,0.462219196732471,0.441668748438671,0,
0.498536249354228,0.0858895705521472,0.310035842293907,0.39142273655548,0.299275543342493,0,
0.353366626485276,0.553023663453111,0.287933094384707,0.321307011572498,0.32075943042718,0,
0.350611331152058,0.385977212971078,0.87594583831143,0.66258225550261,0.181613789657757,0,
0.820561391424143,0.294829097283085,0.340501792114695,0.342182890855457,0.336497626779915,0,
0.460823144480799,0.368273444347064,0.326762246117085,0.3380984796914,0.348488633524856,0,
0.511623902187016,0.538124452234882,0.300278773397053,0.267075107783072,0.693979515363477,0,
0.336146030652661,0.670464504820333,0.257467144563919,0.437485818016791,0.286535098675993,0,
0.51902875839504,0.60578439964943,0.275189167662286,0.457227138643068,0.575318511116662,0,
0.385396934733942,0.419106047326906,0.664874551971326,0.288631722260041,0.367474394204347,0,
0.623902187015671,0.401928133216477,0.43568299482278,0.427047878375312,0.608293779665251,0,
0.311864990528672,0.28501314636284,0.443448825169255,0.51622418879056,0.32075943042718,0,
0.311348372653694,0.313935144609991,0.62226204699323,0.603812117086453,0.233574818885836,0,
0.569485104184605,0.637861524978089,0.287136598964556,0.409121851599728,0.361478890831876,0,
0.445496814189771,0.612445223488168,0.491636798088411,0.466530519627865,0.601798651011741,0,
0.480282417771655,0.482033304119194,0.285941855834329,0.330837304288632,0.343242568073945,0,
0.384363698983985,0.576687116564417,0.29231381919554,0.402087587928296,0.290282288283787,0,
0.580161873600826,0.622787028921998,0.47152528872959,0.410710233719083,0.286035473394954,0,
0.868090235922163,0.184399649430324,0.34189565909996,0.343090537780803,0.308018985760679,0,
0.838126399173411,0.32532865907099,0.33452807646356,0.397776265032902,0.305021234074444,0,
0.313070432236955,0.299912357581069,0.444643568299482,0.579532561833447,0.661254059455408,0,
0.503185810229034,0.439789658194566,0.325965750696933,0.336283185840708,0.307269547839121,0,
0.401067676941622,0.7011393514461,0.563719633612107,0.450192874971636,0.276542593055209,0,
0.403306354399862,0.596143733567046,0.279569892473118,0.317676423871114,0.29477891581314,0,
0.324436025486482,0.307099035933392,0.552568697729988,0.917177218062174,0.109667749188109,0,
0.468572412605476,0.631200701139351,0.259458383114297,0.315634218289086,0.290781913564826,0,
0.335629412777682,0.459947414548641,0.904619673436878,0.194917177218062,0.224831376467649,0,
0.315309109695195,0.287992988606486,0.460971724412585,0.158384388472884,0.32075943042718,0,
0.62304115722404,0.445398773006135,0.414974113898845,0.384615384615385,0.304021983512366,0,
0.628035130015498,0.406134969325153,0.399044205495818,0.390515089630134,0.354484136897327,0,
0.32633029102807,0.439439088518843,0.634408602150538,0.274109371454504,0.282787909068199,0,
0.260892026864129,0.117616126205083,0.203305455993628,0.213523939187656,0.240819385460904,0,
0.32633029102807,0.44364592462752,0.661091198725607,0.26072157930565,0.32075943042718,0,
0.334251765111073,0.562839614373357,0.460573476702509,0.420467438166553,0.29502872845366,0,
0.327880144653005,0.331989482909728,0.8731581043409,0.211481733605627,0.420184861353984,0,
0.357843981401756,0.537072743207713,0.577658303464755,0.257771726798275,0.32075943042718,0,
0.537799207852592,0.658369851007888,0.561927518916766,0.484229634672113,0.281538845865601,0,
0.323574995694851,0.311130587204207,0.615491835921943,0.76401179941003,0.163127654259306,0,
0.365421043568107,0.561262050832603,0.675826363998407,0.254141139096891,0.388708468648514,0,
0.306698811778888,0.299386503067485,0.473118279569892,0.569775357385977,0.32075943042718,0,
0.384019287067333,0.754250657318142,0.241537236160892,0.513728159745859,0.488383712215838,0,
0.46616152918891,0.731288343558282,0.278574273197929,0.45450419786703,0.474893829627779,0,
0.311348372653694,0.286064855390009,0.439864595778574,0.20807805763558,0.0669497876592556,0,
0.549853624935423,0.524276950043821,0.479091995221027,0.319037894259133,0.29477891581314,0,
0.407611503358016,0.768098159509202,0.262046993229789,0.307465395960971,0.28878341244067,0,
0.347511623902187,0.534092900964067,0.636399840700916,0.270251872021783,0.261304021983512,0,
0.363182366109867,0.469412795793164,0.755276782158503,0.556841388699796,0.240319760179865,0,
0.451524022731186,0.687642418930763,0.248506571087216,0.300884955752212,0.280039970022483,0,
0.665920440847253,0.287291849255039,0.347670250896057,0.375538915361924,0.29477891581314,0,
0.432925779231961,0.669588080631025,0.525487853444843,0.427047878375312,0.281039220584562,0,
0.315481315653522,0.33567046450482,0.665870171246515,0.657817109144543,0.21159130652011,0,
0.566902014809712,0.520771253286591,0.478693747510952,0.317222600408441,0.293280039970022,0,
0.85569140692268,0.34022787028922,0.565113500597372,0.313138189244384,0.298026480139895,0,
0.391596349233683,0.679404031551271,0.248705694942254,0.419559791241207,0.37796652510617,0,
0.507318753228862,0.611218229623138,0.295499800876145,0.408894939868391,0.358481139145641,0,
0.408989151024625,0.381419807186678,0.718438868976503,0.529611980939415,0.41693729702723,0,
0.641467194764939,0.415600350569676,0.436280366387893,0.341502155661448,0.309018236322758,0,
0.625107628723954,0.396669588080631,0.454599761051374,0.75811209439528,0.233824631526355,0,
0.376442224900982,0.423312883435583,0.789326961369972,0.608123439981847,0.437421933549838,0,
0.411227828482865,0.691323400525855,0.606929510155317,0.468345813478557,0.440669497876593,0,
0.60151541243327,0.543382997370727,0.510752688172043,0.595416383027002,0.239820134898826,0,
0.197348028241777,0.439263803680982,0.224014336917563,0.292035398230088,0.283787159630277,0,
0.317892199070088,0.364066608238387,0.717244125846276,0.600635352847742,0.17287034723957,0,
0.327707938694679,0.44487291849255,0.731381919553963,0.22759246653052,0.26255308518611,0,
0.480454623729981,0.578439964943032,0.28036638789327,0.401633764465623,0.292780414688983,0,
0.367487515068021,0.677651183172656,0.634607726005575,0.273882459723168,0.272545590806895,0,
0.514895815395213,0.721647677475898,0.27479091995221,0.298388926707511,0.278291281538846,0,
0.942311003960737,0.386327782646801,0.333134209478295,0.383707737690039,0.370222333250062,0,
0.345961770277252,0.627870289219982,0.5073675826364,0.426594054912639,0.263552335748189,0,
0.639400723265025,0.608238387379492,0.266029470330546,0.477195371000681,0.393454908818386,0,
0.459617702772516,0.622787028921998,0.276184786937475,0.318357159065124,0.289782663002748,0,
0.602548648183227,0.610517090271692,0.521306252489048,0.31404583616973,0.370971771171621,0,
0.302221456862407,0.278001752848379,0.426722421346077,0.252325845246199,0.32075943042718,0,
0.347683829860513,0.594390885188431,0.610911987256073,0.47401860676197,0.254309268048963,0,
0.409333562941278,0.480280455740578,0.425925925925926,0.402768323122305,0.285535848113915,0,
0.560874806268297,0.55512708150745,0.316806053365193,0.332425686407987,0.344741443917062,0,
0.324608231444808,0.317440841367222,0.520111509358821,0.775811209439528,0.32075943042718,0,
0.355605303943516,0.341980718667835,0.738550378335325,0.575675062400726,0.222583062702973,0,
0.703289133804029,0.367747589833479,0.43747510951812,0.331971862945314,0.308018985760679,0,
0.403478560358188,0.503768624014023,0.303066507367583,0.394145677331518,0.304521608793405,0,
0.344584122610642,0.598948290972831,0.557347670250896,0.555479918311777,0.211091681239071,0,
0.337868090235922,0.461174408413672,0.83731581043409,0.178579532561833,0.216837371971022,0,
0.424143275357327,0.788606485539001,0.275189167662286,0.314726571363739,0.287034723957032,0,
0.475460650938522,0.788781770376862,0.237355635205098,0.304742455184933,0.361229078191356,0,
0.722576201136559,0.295705521472393,0.3878932696137,0.380304061719991,0.300774419185611,0,
0.394351644566902,0.571428571428571,0.277379530067702,0.469253460403903,0.514114414189358,0,
0.45049078698123,0.687642418930763,0.280565511748307,0.254368050828228,0.565326005495878,0,
0.757017392801791,0.194040315512708,0.394464356829948,0.379169503063308,0.340244816387709,0,
0.848458756672981,0.323926380368098,0.337714058144166,0.340594508736102,0.311016737446915,0,
0.637678663681763,0.407361963190184,0.333134209478295,0.385296119809394,0.305021234074444,0,
0.372137075942828,0.335144609991236,0.623058542413381,0.761061946902655,0.194604046964776,0,
0.701567074220768,0.41384750219106,0.413978494623656,0.40117994100295,0.370721958531102,0,
0.330291028069571,0.375635407537248,0.625248904818797,0.838211935557068,0.157132150886835,0,
0.410883416566213,0.561437335670465,0.57168458781362,0.28477422282732,0.281289033225081,0,
0.548820389185466,0.507449605609115,0.682596575069693,0.299523485364193,0.288033974519111,0,
0.32047528844498,0.328659070990359,0.555356431700518,0.73859768550034,0.190856857356982,0,
0.381608403650766,0.57475898334794,0.602747909199522,0.280462899931926,0.276792405695728,0,
0.345272946443947,0.573181419807187,0.712863401035444,0.522350805536646,0.233325006245316,0,
0.327363526778026,0.472567922874671,0.639187574671446,0.473791695030633,0.276542593055209,0,
0.552436714310315,0.514110429447853,0.493827160493827,0.540503744043567,0.556082937796653,0,
0.317719993111762,0.357931638913234,0.718239745121466,0.538461538461539,0.32075943042718,0,
0.919407611503358,0.339176161262051,0.33552369573875,0.337190832766054,0.306769922558081,0,
0.332874117444464,0.383347940403155,0.858821186778176,0.1976401179941,0.457406944791406,0,
0.379541932150852,0.626643295354952,0.591995221027479,0.452235080553665,0.273544841368973,0,
0.377992078525917,0.691673970201578,0.500597371565113,0.440889493986839,0.28203847114664,0,
0.351472360943689,0.371428571428571,0.852449223416965,0.13523939187656,0.206095428428678,0,
0.708455312553814,0.448378615249781,0.307048984468339,0.388472884048105,0.390207344491631,0,
0.356638539693473,0.446801051709027,0.693747510951812,0.505105513955071,0.32075943042718,0,
0.326674702944722,0.480806310254163,0.773397052966945,0.166326299069662,0.246065450911816,0,
0.336146030652661,0.717966695880806,0.233373158104341,0.433855230315407,0.374219335498376,0,
0.648011021181333,0.361262050832603,0.426125049780964,0.469480372135239,0.209093180114914,0,
0.403650766316514,0.567747589833479,0.298884906411788,0.3238030406172,0.354733949537847,0,
0.445496814189771,0.517791411042945,0.308442851453604,0.397776265032902,0.285785660754434,0,
0.536249354227656,0.336196319018405,0.39426523297491,0.39074200136147,0.269547839120659,0,
0.464267263647322,0.644171779141104,0.281362007168459,0.312911277513047,0.32075943042718,0,
0.340795591527467,0.561963190184049,0.73257666268419,0.223281143635126,0.32075943042718,0,
0.348372653693818,0.541104294478528,0.64058144165671,0.266621284320399,0.260554584061954,0,
0.333735147236094,0.4988606485539,0.491039426523298,0.42001361470388,0.362977766674994,0,
0.676769416221801,0.318141980718668,0.384309040223019,0.381892443839347,0.309767674244317,0,
0.332185293611159,0.43908851884312,0.754281162883313,0.22691173133651,0.32075943042718,0,
0.318753228861719,0.305346187554776,0.462763839107925,0.84592693442251,0.0741943542343243,0,
0.320819700361632,0.327957931638913,0.463759458383114,0.181302473337872,0.848363727204597,0,
0.375064577234372,0.784224364592463,0.242532855436081,0.28999319264806,0.238071446415189,0,
0.328224556569657,0.338650306748466,0.513739545997611,0.793964147946449,0.195353484886335,0,
0.476149474771827,0.578790534618756,0.293508562325767,0.407987292943045,0.352235823132651,0,
0.381780609609092,0.595617879053462,0.632218239745121,0.262763784887679,0.32075943042718,0,
0.382986051317376,0.61489921121823,0.262246117084827,0.433401406852734,0.32075943042718,0,
0.523161701394868,0.505170902716915,0.461768219832736,0.475833900612662,0.580064951286535,0,
0.72567590838643,0.190885188431201,0.383512544802867,0.378942591331972,0.343242568073945,0,
0.393662820733597,0.639263803680982,0.780167264038232,0.225550260948491,0.242568073944542,0,
0.386085758567246,0.780543382997371,0.252090800477897,0.586566825504879,0.253310017486885,0,
0.347167211985535,0.369851007887818,0.535244922341696,0.669389607442705,0.619535348488633,1,
0.454451524022731,0.478001752848379,0.679012345679012,0.654413433174495,0.207094678990757,1,
0.488376097812984,0.338299737072743,0.702309836718439,0.503063308373043,0.2560579565326,1,
0.552092302393663,0.375460122699387,0.872162485065711,0.244837758112094,0.253809642767924,1,
0.343895298777338,0.348466257668712,0.844086021505376,0.179714091218516,0.575568323757182,1,
0.311003960737042,0.343908851884312,0.413181999203505,0.461538461538462,0.556582563077692,1,
0.464783881522301,0.731638913234005,0.54778972520908,0.458134785568414,0.284786410192356,1,
0.325813673153091,0.344434706397897,0.462166467542812,0.524393011118675,0.625281039220585,1,
0.323230583778199,0.277475898334794,0.330346475507766,0.560925799863853,0.581563827129653,1,
0.279145858446702,0.35863277826468,0.636200716845878,0.641252552756978,0.52535598301274,1,
0.312898226278629,0.32182296231376,0.527877339705297,0.528704334014069,0.32075943042718,1,
0.324780437403134,0.35512708150745,0.465352449223417,0.539596097118221,0.32075943042718,1,
0.277079386946788,0.322699386503067,0.535045798486659,0.532561833446789,0.481388958281289,1,
0.311003960737042,0.343908851884312,0.413181999203505,0.461538461538462,0.556582563077692,1,
0.395729292233511,0.512182296231376,0.788530465949821,0.518720217835262,0.25655758181364,1,
0.399173411400034,0.387554776511832,0.648745519713262,0.634445200816882,0.233574818885836,1,
0.402273118649905,0.350920245398773,0.744324970131422,0.706376219650556,0.502123407444417,1,
0.384363698983985,0.308676599474145,0.605137395459976,0.686181075561607,0.814639020734449,1,
0.528844498019631,0.401752848378615,0.512544802867383,0.503517131835716,0.401948538596053,1,
0.355605303943516,0.470289219982471,0.55515730784548,0.490583163149535,0.415938046465151,1,
0.360254864818323,0.396844872918493,0.618876941457587,0.643748581801679,0.516112915313515,1,
0.439469605648355,0.522699386503067,0.820589406610912,0.238938053097345,0.266050462153385,1,
0.372825899776132,0.427344434706398,0.527678215850259,0.639664170637622,0.183362478141394,1,
0.330635439986223,0.32638036809816,0.49542015133413,0.664624461084638,0.32075943042718,1,
0.402273118649905,0.456792287467134,0.248904818797292,0.283639664170638,0.253559830127404,1,
0.361632512484932,0.466432953549518,0.653126244524094,0.786022237349671,0.32075943042718,1,
0.474944033063544,0.474320771253287,0.693548387096774,0.649875198547765,0.209842618036473,1,
0.335629412777682,0.401577563540754,0.778176025487853,0.601769911504425,0.32075943042718,1,
0.346822800068882,0.440490797546012,0.680605336519315,0.659859314726571,0.165126155383462,1,
0.346995006027209,0.429973707274321,0.569494225408204,0.626730201951441,0.675243567324507,1,
0.405889443774755,0.675723049956179,0.599163679808841,0.558883594281824,0.260554584061954,1,
0.344584122610642,0.326906222611744,0.472720031859817,0.651463580667121,0.32075943042718,1,
0.329602204236267,0.321647677475898,0.488649940262843,0.569094622191967,0.32075943042718,1,
0.352677802651972,0.421735319894829,0.63878932696137,0.610392557295212,0.492630527104671,1,
0.335973824694334,0.315687992988606,0.487853444842692,0.656228727025187,0.825630776917312,1,
0.354744274151886,0.460648553900088,0.548387096774194,0.78738370773769,0.167124656507619,1,
0.320647494403306,0.325854513584575,0.492831541218638,0.658270932607216,0.58356232825381,1,
0.246598932323058,0.375109553023663,0.131222620469932,0.735874744724302,0.32075943042718,1,
0.469605648355433,0.376336546888694,0.577459179609717,0.600181529385069,0.437921558830877,1,
0.329602204236267,0.363014899211218,0.544603743528475,0.862718402541411,0.0494629028228828,1,
0.44911313931462,0.38965819456617,0.576463560334528,0.571363739505332,0.263302523107669,1,
0.46840020664715,0.338650306748466,0.735165272799681,0.678466076696165,0.509367974019485,1,
0.413294299982779,0.658545135845749,0.6121067303863,0.481733605627411,0.517112165875593,1,
0.425865334940589,0.638212094653812,0.653126244524094,0.505332425686408,0.529352985261054,1,
0.375925607026003,0.394916739702016,0.67463162086818,0.512820512820513,0.235823132650512,1,
0.33304632340279,0.438737949167397,0.539824771007567,0.520762423417291,0.32075943042718,1,
0.40967797485793,0.347589833479404,0.728395061728395,0.752893124574541,0.53235073694729,1,
0.419493714482521,0.643470639789658,0.561728395061728,0.498978897208986,0.503872095928054,1,
0.3271913208197,0.349342681858019,0.512146555157308,0.27569775357386,0.668248813389957,1,
0.3903909075254,0.322173531989483,0.565710872162485,0.716587247560699,0.16662503122658,1,
0.342173239194076,0.395793163891323,0.79231381919554,0.563421828908555,0.633774668998251,1,
0.3903909075254,0.321998247151621,0.565710872162485,0.716360335829362,0.16662503122658,1,
0.275185121405201,0.359509202453988,0.604141776184787,0.65214431586113,0.17287034723957,1,
0.345445152402273,0.31726555652936,0.741537236160892,0.677331518039483,0.701973519860105,1,
0.348544859652144,0.415600350569676,0.664277180406213,0.594054912638983,0.48713464901324,1,
0.330979851902876,0.440315512708151,0.488849064117881,0.580440208758793,0.615788158880839,1,
0.319786464611676,0.345135845749343,0.454400637196336,0.531427274790107,0.32075943042718,1,
0.328052350611331,0.350219106047327,0.658502588610115,0.644202405264352,0.74993754683987,1,
0.336490442569313,0.306573181419807,0.73436877737953,0.655321080099841,0.779915063702223,1,
0.336662648527639,0.414373356704645,0.471923536439665,0.533923303834808,0.32075943042718,1,
0.335801618736008,0.388781770376862,0.54042214257268,0.88359428182437,0.32075943042718,1,
0.380058550025831,0.436459246275197,0.536837913181999,0.543453596550942,0.138396202847864,1,
0.329257792319614,0.363365468886941,0.54320987654321,0.447923757658271,0.623032725455908,1,
0.381952815567419,0.31148115687993,0.628833134209478,0.657590197413206,0.824131901074194,1,
0.375408989151025,0.32182296231376,0.634607726005575,0.716814159292035,0.0764426679990008,1,
0.371792664026175,0.356879929886065,0.789924332935086,0.745858860903109,0.175868098925806,1,
0.356466333735147,0.323225241016652,0.725607327757865,0.919219423644202,0.129402947789158,1,
0.355949715860169,0.518667835232252,0.652727996814018,0.486271840254141,0.22408193854609,1,
0.461167556397451,0.375635407537248,0.746714456391876,0.224642614023145,0.567824131901074,1,
0.339934561735836,0.372480280455741,0.59279171644763,0.826185613796233,0.0549587809143143,1,
0.426037540898915,0.415249780893953,0.774392672242134,0.210800998411618,0.519860104921309,1,
0.491992422937834,0.627519719544259,0.630227001194743,0.255048786022237,0.281289033225081,1,
0.474083003271913,0.333041191936897,0.746714456391876,0.697980485591105,0.161878591056707,1,
0.44687446185638,0.330587204206836,0.626045400238949,0.681189017472203,0.699475393454909,1,
0.354055450318581,0.422261174408414,0.812027080844285,0.228273201724529,0.159880089932551,1,
0.370070604442914,0.336371603856266,0.629430505774592,0.641706376219651,0.820134898825881,1,
0.313931462028586,0.392988606485539,0.517722023098367,0.808940322214659,0.119410442168374,1,
0.432753573273635,0.628396143733567,0.596176821983273,0.587247560698888,0.517112165875593,1,
0.476493886688479,0.320595968448729,0.729589804858622,0.53641933287951,0.258556082937797,1,
0.340795591527467,0.351095530236635,0.573874950219036,0.568413886997958,0.32075943042718,1,
0.381091785775788,0.328133216476775,0.751891676622859,0.580894032221466,0.184111916062953,1,
0.3903909075254,0.391586327782647,0.654520111509359,0.218742909008396,0.197851611291531,1,
0.333907353194421,0.364592462751972,0.169454400637196,0.791468118901747,0.32075943042718,1,
0.340623385569141,0.431375985977213,0.788331342094783,0.168595416383027,0.571821134149388,1,
0.313587050111934,0.262751971954426,0.395858223815213,0.259133197186295,0.571821134149388,1,
0.412777682107801,0.419807186678352,0.723616089207487,0.475606988881325,0.246315263552336,1,
0.361632512484932,0.453461875547765,0.723217841497411,0.564329475833901,0.520359730202348,1,
0.337007060444291,0.412971078001753,0.78952608522501,0.644656228727025,0.32075943042718,1,
0.327707938694679,0.353374233128834,0.520908004778972,0.267755842977082,0.692980264801399,1,
0.352850008610298,0.371779141104295,0.824372759856631,0.565917857953256,0.67324506620035,1,
0.521267435853281,0.483786152497809,0.779569892473118,0.264579078738371,0.278790906819885,1,
0.37024281040124,0.358983347940403,0.741935483870968,0.637395053324257,0.71171621284037,1,
0.345445152402273,0.336546888694128,0.597371565113501,0.541411390968913,0.571821134149388,1,
0.274840709488548,0.299737072743208,0.274193548387097,0.511459042432494,0.53185111166625,1,
0.390046495608748,0.437160385626643,0.672043010752688,0.241660993873383,0.691231576317762,1,
0.322369553986568,0.324802804557406,0.467343687773795,0.645110052189698,0.32075943042718,1,
0.305148958153952,0.298510078878177,0.493827160493827,0.796687088722487,0.176367724206845,1,
0.347683829860513,0.418229623137599,0.769016328156113,0.188336737009303,0.632775418436173,1,
0.356466333735147,0.318141980718668,0.694544006371963,0.96165191740413,0.124656507619286,1,
0.320647494403306,0.343382997370727,0.511549183592194,0.659859314726571,0.161378965775668,1,
0.332529705527811,0.348466257668712,0.854241338112306,0.620376673474019,0.618286285286035,1,
0.406578267608059,0.372480280455741,0.632815611310235,0.539369185386885,0.044216837371971,1,
0.347339417943861,0.42874671340929,0.762046993229789,0.162695711368278,0.32075943042718,1,
0.360427070776649,0.47817703768624,0.699123855037833,0.616746085772634,0.208093929552835,1,
0.392973996900293,0.31954425942156,0.524293110314616,0.71000680735194,0.1541343992006,1,
0.358016187360083,0.357756354075372,0.541816009557945,0.723394599500794,0.624031976017987,1,
0.32633029102807,0.382296231375986,0.69573874950219,0.535511685954164,0.439920059955034,1,
0.467366970897193,0.347063978965819,0.72700119474313,0.601542999773088,0.644766425181114,1,
0.313587050111934,0.362313759859772,0.431700517722023,0.635352847742228,0.32075943042718,1,
0.348544859652144,0.393339176161262,0.581640780565512,0.907420013614704,0.105920559580315,1,
0.49216462889616,0.65170902716915,0.623257666268419,0.302473337871568,0.28853359980015,1,
0.342173239194076,0.325679228746713,0.501592990840303,0.786022237349671,0.32075943042718,1,
0.328741174444636,0.31375985977213,0.493229788928714,0.615157703653279,0.32075943042718,1,
0.353022214568624,0.335144609991236,0.543608124253286,0.855230315407307,0.728453659755184,1,
0.323574995694851,0.386503067484663,0.501991238550378,0.706149307919219,0.32075943042718,1,
0.320303082486654,0.331814198071867,0.104141776184787,0.189017472203313,0.232325755683238,1,
0.318925434820045,0.324802804557406,0.529271206690561,0.554345359655094,0.569822633025231,1,
0.346133976235578,0.0902716914986853,0.627240143369176,0.253233492171545,0.44891331501374,1,
0.428620630273807,0.48045574057844,0.582039028275587,0.780122532334922,0.172620534599051,1,
0.482693301188221,0.343558282208589,0.92831541218638,0.216700703426367,0.258805895578316,1,
0.366282073359738,0.331638913234005,0.706093189964158,0.619469026548673,0.761179115663252,1,
0.523333907353194,0.541980718667835,0.714058144165671,0.278193782618561,0.284786410192356,1,
0.339590149819184,0.35512708150745,0.446435682994823,0.611754027683231,0.188608543592306,1,
0.386085758567246,0.415600350569676,0.578653922739944,0.182890855457227,0.0597052210841869,1,
0.322886171861546,0.323049956178791,0.534647550776583,0.794417971409122,0.127154634024482,1,
0.412605476149475,0.370727432077125,0.701911589008363,0.850238257317903,0.32075943042718,1,
0.358877217151713,0.464504820333041,0.146555157307845,0.218515997277059,0.19885086185361,1,
0.388668847942139,0.451183172655565,0.848068498606133,0.217381438620377,0.250562078441169,1,
0.33304632340279,0.360035056967572,0.617881322182397,0.535284774222827,0.682737946540095,1,
0.530910969519545,0.371078001752848,0.872361608920749,0.234626730201951,0.25655758181364,1,
0.315653521611848,0.317966695880806,0.558144165671047,0.23213070115725,0.481388958281289,1,
0.303771310487343,0.28273444347064,0.500199123855038,0.460630814613115,0.208843367474394,1,
0.385569140692268,0.357230499561788,0.720230983671844,0.614476968459269,0.677741693729703,1,
0.386430170483899,0.669763365468887,0.591596973317403,0.624007261175403,0.232075943042718,1,
0.493370070604443,0.390885188431201,0.693747510951812,0.505786249149081,0.254808893330003,1,
0.367659721026347,0.365994741454864,0.516726403823178,0.629226230996142,0.609792655508369,1,
0.385569140692268,0.347063978965819,0.76284348864994,0.499432720671659,0.508868348738446,1,
0.327363526778026,0.361262050832603,0.539625647152529,0.281597458588609,0.630527104671496,1,
0.398140175650077,0.784574934268186,0.214257268020709,0.551622418879056,0.223582313265051,1,
0.328741174444636,0.308501314636284,0.487056949422541,0.683004311322895,0.823382463152636,1,
0.378164284484243,0.437861524978089,0.856829948227798,0.573632856818698,0.232825380964277,1,
0.352850008610298,0.373006134969325,0.506371963361211,0.629906966190152,0.656507619285536,1,
0.366970897193043,0.69307624890447,0.74173636001593,0.252325845246199,0.272295778166375,1,
0.317031169278457,0.34478527607362,0.546594982078853,0.789652825051055,0.32075943042718,1,
0.344928534527295,0.339351446099912,0.457387495021904,0.682550487860222,0.118161378965776,1,
0.329946616152919,0.298510078878177,0.486857825567503,0.751077830723848,0.662752935298526,1,
0.349233683485449,0.423663453111306,0.770011947431302,0.599954617653733,0.581314014489133,1,
0.38952987773377,0.41489921121823,0.711469534050179,0.518266394372589,0.238321259055708,1,
0.408472533149647,0.337072743207713,0.492433293508562,0.840254141139097,0.182613040219835,1,
0.517478904770105,0.371954425942156,0.704500199123855,0.559337417744497,0.461154134399201,1,
0.385569140692268,0.524627519719544,0.748307447232178,0.683458134785568,0.213090182363228,1,
0.373514723609437,0.328659070990359,0.700318598168061,0.658044020875879,0.717212090931801,1,
0.347511623902187,0.37475898334794,0.525886101154918,0.545041978670297,0.535598301274045,1,
0.385396934733942,0.426117440841367,0.677817602548785,0.243249375992739,0.253809642767924,1,
0.457034613397624,0.485714285714286,0.683193946634807,0.521216246879964,0.492880339745191,1,
0.369381780609609,0.374408413672217,0.766626841895659,0.68595416383027,0.32075943042718,1,
0.388496641983813,0.588431200701139,0.530465949820788,0.298842750170184,0.25655758181364,1,
0.319614258653349,0.313935144609991,0.469135802469136,0.540503744043567,0.215088683487384,1,
0.32856896848631,0.303768624014023,0.487455197132616,0.745405037440436,0.713464901324007,1,
