541,5,2,
0.788531083175478,0.30692375109553,0.341696535244922,0.376900385749943,0.307019735198601,0,
0.745307387635612,0.380718667835232,0.44305057745918,0.426594054912639,0.496377716712466,0,
0.379541932150852,0.685714285714286,0.248108323377141,0.428863172226004,0.281289033225081,0,
0.334596177027725,0.428220858895706,0.716049382716049,0.228273201724529,0.32075943042718,0,
0.548820389185466,0.504995617879053,0.510155316606929,0.427955525300658,0.404946290282288,0,
0.347167211985535,0.44715162138475,0.570688968538431,0.470841842523259,0.18611041718711,0,
0.692267952471155,0.451533742331288,0.428514536041418,0.395280235988201,0.302023482388209,0,
0.304115722403995,0.281682734443471,0.446037435284747,0.235307465395961,0.32075943042718,0,
0.471672119855347,0.674496056091148,0.286340103544405,0.323349217154527,0.294029477891581,0,
0.723781642844842,0.313409290096407,0.404818797291916,0.397322441570229,0.304521608793405,0,
0.329085586361288,0.49079754601227,0.728992433293508,0.520762423417291,0.32075943042718,0,
0.599448940933356,0.582296231375986,0.29131819992035,0.327206716587248,0.294529103172621,0,
0.376786636817634,0.822436459246275,0.274392672242135,0.440435670524166,0.492880339745191,0,
0.375753401067677,0.605258545135846,0.749900438072481,0.248922169276152,0.259305520859355,0,
0.495780954021009,0.465381244522349,0.317005177220231,0.337644656228727,0.304771421433925,0,
0.893576717754434,0.2988606485539,0.338709677419355,0.34331744951214,0.308518611041719,0,
0.260375408989151,0.512182296231376,0.782755874153724,0.521216246879964,0.237821633774669,0,
0.52040640606165,0.434706397896582,0.443249701314217,0.442931699568868,0.222083437421934,0,
0.318581022903392,0.432077125328659,0.682596575069693,0.255275697753574,0.32075943042718,0,
0.415532977441019,0.703768624014023,0.65531660692951,0.259360108917631,0.271046714963777,0,
0.354227656276907,0.52410166520596,0.470728793309438,0.314272747901066,0.291031726205346,0,
0.337351472360944,0.476073619631902,0.640979689366786,0.240072611754028,0.32075943042718,0,
0.258825555364216,0.578264680105171,0.506969334926324,0.466984343090538,0.32075943042718,0,
0.793180644050284,0.368448729184925,0.417164476304261,0.398683911958248,0.383212590557082,0,
0.673325297055278,0.55512708150745,0.440063719633612,0.57476741547538,0.259555333499875,0,
0.485620802479766,0.528834355828221,0.579450418160096,0.487860222373497,0.41693729702723,0,
0.713104873428621,0.28624014022787,0.390880127439267,0.398683911958248,0.304521608793405,0,
0.64680557947305,0.435056967572305,0.422939068100358,0.41025641025641,0.304521608793405,0,
0.311176166695368,0.283085013146363,0.451214655515731,0.757658270932607,0.635523357481889,0,
0.333390735319442,0.313234005258545,0.769812823576264,0.56501021102791,0.482138396202848,0,
0.351300154985362,0.611218229623138,0.265830346475508,0.440662582255503,0.32075943042718,0,
0.608920268641295,0.394741454864154,0.430505774591796,0.402995234853642,0.286535098675993,0,
0.41415532977441,0.547414548641542,0.577658303464755,0.293850692080781,0.374469148138896,0,
0.396590322025142,0.79193689745837,0.251891676622859,0.297481279782165,0.224831376467649,0,
0.318064405028414,0.370902716914987,0.441855834328953,0.511232130701157,0.0874344241818636,0,
0.321164112278285,0.31954425942156,0.455993628036639,0.535965509416837,0.32075943042718,0,
0.672119855346995,0.452059596844873,0.454798884906412,0.458134785568414,0.262303272545591,0,
0.670914413638712,0.279754601226994,0.465153325368379,0.776491944633537,0.188858356232825,0,
0.33166867573618,0.444697633654689,0.308442851453604,0.457454050374404,0.458156382712965,0,
0.350439125193732,0.4965819456617,0.821784149741139,0.20353982300885,0.32075943042718,0,
0.323919407611503,0.42524101665206,0.524293110314616,0.631722260040844,0.32075943042718,0,
0.361632512484932,0.406836108676599,0.835523695738749,0.212843203993646,0.228578566075443,0,
0.401928706733253,0.634355828220859,0.539028275587415,0.278647606081234,0.368973270047464,0,
0.338556914069227,0.454864154250657,0.796694544006372,0.175175856591786,0.32075943042718,0,
0.342517651110728,0.373882559158633,0.724412584627638,0.187202178352621,0.238071446415189,0,
0.426209746857241,0.523575810692375,0.554559936280366,0.461311549807125,0.382213339995004,0,
0.333735147236094,0.390184049079755,0.649542015133413,0.838211935557068,0.32075943042718,0,
0.332529705527811,0.315162138475022,0.60015929908403,0.781257090991604,0.545340994254309,0,
0.345961770277252,0.489219982471516,0.739944245320589,0.233719083276605,0.32075943042718,0,
0.362493542276563,0.434706397896582,0.827558741537236,0.183571590651237,0.32075943042718,0,
0.34423971069399,0.388781770376862,0.735563520509757,0.243022464261402,0.32075943042718,0,
0.545204064060617,0.530061349693252,0.45957785742732,0.422963467211255,0.27579315513365,0,
0.621491303599105,0.276248904469763,0.347072879330944,0.381892443839347,0.303272545590807,0,
0.904597899087308,0.183347940403155,0.396853843090402,0.341502155661448,0.336247814139395,0,
0.321508524194937,0.296406660823839,0.473715651135006,0.432266848196052,0.521608793404946,0,
0.871189943172034,0.31603856266433,0.581242532855436,0.298842750170184,0.296527604296777,0,
0.337007060444291,0.456441717791411,0.73436877737953,0.221465849784434,0.32075943042718,0,
0.377992078525917,0.747940403155127,0.223416965352449,0.449512139777627,0.280789407944042,0,
0.358705011193387,0.528133216476775,0.492433293508562,0.300658044020876,0.278291281538846,0,
0.554158773893577,0.479929886064855,0.317204301075269,0.389380530973451,0.300774419185611,0,
0.33976235577751,0.517090271691499,0.276383910792513,0.410029498525074,0.297526854858856,0,
0.599448940933356,0.507800175284838,0.321385902031063,0.332652598139324,0.342243317511866,0,
0.541587738935767,0.472217353198948,0.306252489048188,0.331064216019968,0.347489382962778,0,
0.362321336318237,0.457668711656442,0.529669454400637,0.460403902881779,0.287034723957032,0,
0.382297227484071,0.577914110429448,0.472520908004779,0.415021556614477,0.285535848113915,0,
0.685896332013088,0.197546012269939,0.381322182397451,0.374858180167915,0.304021983512366,0,
0.646977785431376,0.286590709903593,0.347670250896057,0.374858180167915,0.296277791656258,0,
0.35991045290167,0.782120946538124,0.247112704101951,0.462219196732471,0.486635023732201,0,
0.481143447563286,0.644522348816827,0.29410593389088,0.400272294077604,0.293779665251062,0,
0.486998450146375,0.37353198948291,0.331939466348068,0.383480825958702,0.32075943042718,0,
0.322025142069916,0.470289219982471,0.526284348864994,0.43430905377808,0.32075943042718,0,
0.552436714310315,0.513935144609991,0.493827160493827,0.540503744043567,0.556082937796653,0,
0.317031169278457,0.29307624890447,0.434687375547591,0.578624914908101,0.784161878591057,0,
0.789392112967109,0.413146362839614,0.432497013142174,0.408441116405718,0.261803647264552,0,
0.371103840192871,0.591411042944785,0.537833532457188,0.431813024733379,0.32075943042718,0,
0.462717410022387,0.653286590709904,0.265232974910394,0.321533923303835,0.293529852610542,0,
0.393146202858619,0.624364592462752,0.59378733572282,0.47401860676197,0.276542593055209,0,
0.411744446357844,0.694653812445224,0.273397052966945,0.413886997957794,0.263302523107669,0,
0.319269846736697,0.323751095530237,0.459378733572282,0.237576582709326,0.32075943042718,0,
0.320819700361632,0.382296231375986,0.448825169255277,0.522350805536646,0.566075443417437,0,
0.486654038229723,0.336196319018405,0.428116288331342,0.412298615838439,0.276792405695728,0,
0.271224384363699,0.454163014899211,0.652329749103943,0.489221692761516,0.32075943042718,0,
0.433097985190288,0.548115687992989,0.305256869772999,0.407987292943045,0.244816387709218,0,
0.330463234027897,0.41262050832603,0.840700915969733,0.204447469934196,0.32075943042718,0,
0.37472016531772,0.677826468010517,0.273994424532059,0.308373042886317,0.32075943042718,0,
0.282589977613225,0.29307624890447,0.478693747510952,0.211708645336964,0.0094928803397452,0,
0.841053900464956,0.317791411042945,0.341497411389884,0.344225096437486,0.311266550087434,0,
0.545892887893921,0.566170026292726,0.300876144962166,0.32834127524393,0.302273295028728,0,
0.350094713277079,0.304119193689746,0.642572680207089,0.690038574994327,0.133150137396952,0,
0.411055622524539,0.642769500438212,0.490641178813222,0.450419786702973,0.219335498376218,0,
0.325297055278113,0.328659070990359,0.545798486658702,0.808940322214659,0.167374469148139,0,
0.512140520061994,0.461700262927257,0.318199920350458,0.340821420467438,0.306020484636523,0,
0.804374031341484,0.316739702015776,0.608920748705695,0.294077603812117,0.292280789407944,0,
0.713621491303599,0.28045574057844,0.390681003584229,0.394145677331518,0.305021234074444,0,
0.31152057861202,0.336546888694128,0.61031461569096,0.612434762877241,0.209342992755433,0,
0.312726020320303,0.317616126205083,0.545599362803664,0.738370773769004,0.32075943042718,0,
0.334251765111073,0.32410166520596,0.477698128235763,0.275243930111187,0.564826380214839,0,
0.339073531944205,0.296056091148116,0.494623655913978,0.872929430451554,0.144641518860854,0,
0.6096090924746,0.188080631025416,0.411987256073278,0.393464942137508,0.295528353734699,0,
0.238677458240055,0.1056967572305,0.270808442851454,0.321760835035171,0.295528353734699,0,
0.33080764594455,0.433479404031551,0.892273994424532,0.190378942591332,0.216087934049463,0,
0.437747546065094,0.560385626643295,0.294902429311031,0.432947583390061,0.236322757931551,0,
0.49078698122955,0.672567922874671,0.273397052966945,0.508282278193783,0.457656757431926,0,
0.343034268985707,0.417703768624014,0.852648347272003,0.210800998411618,0.236322757931551,0,
0.410366798691235,0.510429447852761,0.537833532457188,0.269117313365101,0.750437172120909,0,
0.430859307732047,0.762313759859772,0.234169653524492,0.49217154526889,0.392455658256308,0,
0.90184260375409,0.30464504820333,0.339705296694544,0.342182890855457,0.337247064701474,0,
0.58808334768383,0.527432077125329,0.482477100756671,0.648059904697073,0.227079690232326,0,
0.334596177027725,0.448904469763365,0.648944643568299,0.233038348082596,0.252060954284287,0,
0.451524022731186,0.636108676599474,0.270011947431302,0.41025641025641,0.289033225081189,0,
0.348544859652144,0.425591586327783,0.867980884109916,0.629226230996142,0.219335498376218,0,
0.669020148097124,0.344259421560035,0.339705296694544,0.38234626730202,0.336497626779915,0,
0.490098157396246,0.674145486415425,0.277379530067702,0.317903335602451,0.351986010492131,0,
0.441536077148269,0.711130587204207,0.272202309836718,0.313592012707057,0.290282288283787,0,
0.309798519028758,0.314285714285714,0.579649542015133,0.781030179260268,0.32075943042718,0,
0.338729120027553,0.429447852760736,0.712066905615293,0.248695257544815,0.258306270297277,0,
0.35904942311004,0.670289219982471,0.499203504579849,0.479464488314046,0.219335498376218,0,
0.274840709488548,0.141454864154251,0.666666666666667,0.14431586113002,0.32075943042718,0,
0.378680902359222,0.755477651183173,0.229589804858622,0.44860449285228,0.281289033225081,0,
0.50111933872912,0.437160385626643,0.817801672640382,0.255048786022237,0.274544091931052,0,
0.399345617358361,0.767572304995618,0.482676224611708,0.574540503744044,0.238571071696228,0,
0.711727225762011,0.340753724802805,0.412982875348467,0.594962559564329,0.24356732450662,0,
0.363698983984846,0.538650306748466,0.289326961369972,0.317222600408441,0.29502872845366,0,
0.397451351816773,0.499035933391762,0.294504181600956,0.329475833900613,0.302273295028728,0,
0.36214913035991,0.459070990359334,0.792512943050577,0.203993646471523,0.32075943042718,0,
0.332874117444464,0.545311130587204,0.675228992433293,0.507601542999773,0.244066949787659,0,
0.555880833476838,0.327256792287467,0.398645957785743,0.392557295212162,0.338246315263552,0,
0.583261580850697,0.568098159509203,0.300278773397053,0.325164511005219,0.295528353734699,0,
0.358532805235061,0.403505696757231,0.766626841895659,0.590651236668936,0.452410691981014,0,
0.732736352677803,0.190184049079755,0.40442054958184,0.401406852734286,0.297027229577817,0,
0.932667470294472,0.329009640666082,0.41636798088411,0.461765373269798,0.290282288283787,0,
0.70552781126227,0.305521472392638,0.412783751493429,0.341048332198775,0.33949537846615,0,
0.436369898398485,0.711130587204207,0.273397052966945,0.315634218289086,0.290032475643268,0,
0.475805062855175,0.531463628396144,0.305057745917961,0.295892897662809,0.765675743192606,0,
0.315309109695195,0.382997370727432,0.729191557148546,0.169503063308373,0.21808643517362,0,
0.447563285689685,0.751446099912358,0.268618080446037,0.312684365781711,0.284786410192356,0,
0.359221629068366,0.407537248028046,0.864396654719235,0.207851145904243,0.245316012990257,0,
0.319269846736697,0.37353198948291,0.715452011150936,0.181302473337872,0.32075943042718,0,
0.643189254348201,0.535144609991236,0.505774591796097,0.321307011572498,0.35898076442668,0,
0.670053383847081,0.309377738825592,0.392672242134608,0.38688450192875,0.28203847114664,0,
0.351127949027036,0.557756354075373,0.4778972520908,0.424098025867937,0.355483387459405,0,
0.306182193903909,0.322348816827344,0.113102349661489,0.751531654186521,0.32075943042718,0,
0.337179266402618,0.552497808939527,0.561131023496615,0.542319037894259,0.234823882088434,0,
0.337179266402618,0.725854513584575,0.271206690561529,0.304515543453597,0.282538096427679,0,
0.681246771138281,0.321647677475898,0.340501792114695,0.343771272974813,0.309268048963278,0,
0.533494058894438,0.446976336546889,0.428116288331342,0.407987292943045,0.295778166375219,0,
0.678663681763389,0.369325153374233,0.430904022301872,0.337871567960064,0.30751936047964,0,
0.338384708110901,0.58965819456617,0.560533651931501,0.500567279328341,0.32075943042718,0,
0.39262958498364,0.678001752848379,0.294902429311031,0.321307011572498,0.35898076442668,0,
0.332529705527811,0.544609991235758,0.693150139386698,0.51690492398457,0.410941793654759,0,
0.610125710349578,0.411919368974584,0.436479490242931,0.405037440435671,0.286535098675993,0,
0.490614775271224,0.427169149868536,0.328355236957388,0.340594508736102,0.309018236322758,0,
0.816428448424315,0.310780017528484,0.338709677419355,0.378942591331972,0.33999500374719,0,
0.838987428965042,0.368273444347064,0.321784149741139,0.337871567960064,0.306769922558081,0,
0.37695884277596,0.82418930762489,0.253484667463162,0.49739051508963,0.273544841368973,0,
0.325641467194765,0.339351446099912,0.722620469932298,0.542545949625596,0.598051461403947,0,
0.395040468400207,0.576862401402279,0.489645559538033,0.762196505559337,0.193854609043218,0,
0.341656621319098,0.433829973707274,0.778176025487853,0.750397095529839,0.32075943042718,0,
0.352333390735319,0.394741454864154,0.84010354440462,0.600181529385069,0.425430926804896,0,
0.615636301016015,0.615074496056091,0.512743926722421,0.308373042886317,0.35873095178616,0,
0.340623385569141,0.548115687992989,0.572281959378734,0.464942137508509,0.273045216087934,0,
0.352505596693646,0.611568799298861,0.256272401433692,0.454731109598366,0.279790157381964,0,
0.358532805235061,0.539702015775635,0.520708880923935,0.442931699568868,0.275043717212091,0,
0.837093163423454,0.190008764241893,0.405017921146953,0.339233038348083,0.341993504871347,0,
0.356121921818495,0.764241893076249,0.227598566308244,0.466757431359201,0.491131651261554,0,
0.545376270018943,0.365819456617003,0.335125448028674,0.383027002496029,0.340744441668748,0,
0.364387807818151,0.302541630148992,0.548785344484269,0.610165645563876,0.514364226829878,0,
0.415705183399346,0.492199824715162,0.291716447630426,0.402768323122305,0.266050462153385,0,
0.6096090924746,0.188080631025416,0.41178813221824,0.393464942137508,0.295528353734699,0,
0.437230928190115,0.62874671340929,0.282954998008761,0.414113909689131,0.363727204596553,0,
0.661443085930773,0.369325153374233,0.334328952608522,0.377808032675289,0.342742942792905,0,
0.343723092819012,0.361437335670464,0.702309836718439,0.612661674608577,0.489882588058956,0,
0.472533149646978,0.67011393514461,0.287534846674632,0.323576128885863,0.294029477891581,0,
0.423798863440675,0.522699386503067,0.280764635603345,0.319037894259133,0.30127404446665,0,
0.827966247632168,0.180893952673094,0.342293906810036,0.342182890855457,0.30751936047964,0,
0.316514551403479,0.364592462751972,0.596973317403425,0.788518266394373,0.32075943042718,0,
0.347339417943861,0.36319018404908,0.662285941855834,0.724075334694804,0.612290781913565,0,
0.353366626485276,0.584925503943909,0.484667463162087,0.429997730882687,0.287034723957032,0,
0.274496297571896,0.330061349693252,0.554360812425329,0.728159745858861,0.105171121658756,0,
0.302738074737386,0.275547765118317,0.436280366387893,0.261856137962333,0.32075943042718,0,
0.479421387980024,0.463978965819457,0.433492632417364,0.333106421601997,0.33999500374719,0,
0.308420871362149,0.336371603856266,0.485065710872162,0.553437712729748,0.537596802398201,0,
0.74048562080248,0.345486415425066,0.407009159697332,0.388926707510778,0.291781164126905,0,
0.279662476321681,0.420508326029798,0.876941457586619,0.200136147038802,0.32075943042718,0,
0.429481660065438,0.322699386503067,0.611509358821187,0.841388699795779,0.157881588808394,0,
0.920268641294989,0.181069237510955,0.394663480684986,0.342409802586794,0.309517861603797,0,
0.33304632340279,0.426818580192813,0.738152130625249,0.233492171545269,0.32075943042718,0,
0.336146030652661,0.636459246275197,0.560732775786539,0.486044928522805,0.383462403197602,0,
0.356121921818495,0.530236634531113,0.524293110314616,0.443158611300204,0.32075943042718,0,
0.405889443774755,0.541630148992112,0.462365591397849,0.319491717721806,0.32075943042718,0,
0.759083864301705,0.394741454864154,0.318598168060534,0.341729067392784,0.308268798401199,0,
0.330635439986223,0.417353198948291,0.878335324571884,0.165872475606989,0.32075943042718,0,
0.416910625107629,0.551270815074496,0.450219036240542,0.418652144315861,0.245316012990257,0,
0.50111933872912,0.336371603856266,0.316806053365193,0.399364647152258,0.297776667499375,0,
0.351988978818667,0.547589833479404,0.826961369972123,0.216473791695031,0.25006245316013,0,
0.468916824522128,0.409465381244522,0.321385902031063,0.339459950079419,0.305770671996003,0,
0.491131393146203,0.594040315512708,0.52389486260454,0.651463580667121,0.228578566075443,0,
0.477182710521784,0.397020157756354,0.516129032258065,0.437258906285455,0.375718211341494,0,
0.355777509901843,0.494478527607362,0.611509358821187,0.265032902201044,0.275293529852611,0,
0.308937489237128,0.394916739702016,0.681401831939466,0.230996142500567,0.244566575068699,0,
0.475805062855175,0.685714285714286,0.28036638789327,0.319037894259133,0.291781164126905,0,
0.479421387980024,0.367046450482033,0.332536837913182,0.37644656228727,0.340494629028229,0,
0.410366798691235,0.482033304119194,0.29231381919554,0.320399364647152,0.25655758181364,0,
0.301877044945755,0.268185801928133,0.40163281561131,0.468345813478557,0.32075943042718,0,
0.267952471155502,0.445398773006135,0.696136997212266,0.238484229634672,0.267299525355983,0,
0.367659721026347,0.681858019281332,0.570888092393469,0.526889040163376,0.32075943042718,0,
0.615980712932667,0.619106047326906,0.266626841895659,0.402087587928296,0.291781164126905,0,
0.325985879111417,0.435933391761613,0.694942254082039,0.223961878829135,0.32075943042718,0,
0.354744274151886,0.637686240140228,0.268418956591,0.293169956886771,0.284036972270797,0,
0.620974685724126,0.171779141104294,0.393667861409797,0.338325391422737,0.338496127904072,0,
0.414671947649389,0.308851884312007,0.54320987654321,0.297481279782165,0.296277791656258,0,
0.727053556053039,0.31603856266433,0.401234567901235,0.391876560018153,0.308018985760679,0,
0.5055966936456,0.572655565293602,0.292114695340502,0.31858407079646,0.294029477891581,0,
0.33304632340279,0.488343558282209,0.770808442851454,0.589289766280917,0.616287784161879,0,
0.487170656104701,0.448028045574058,0.318399044205496,0.338552303154073,0.306769922558081,0,
0.658859996555881,0.51498685363716,0.565909996017523,0.290673927842069,0.289283037721709,0,
0.312037196486998,0.337423312883436,0.62226204699323,0.857499432720672,0.114414189357982,0,
0.36128810056828,0.563365468886941,0.266427718040621,0.292489221692761,0.393954534099425,0,
0.434131220940244,0.776687116564417,0.268418956591,0.550487860222374,0.26255308518611,0,
0.38952987773377,0.742857142857143,0.276782158502589,0.307919219423644,0.367474394204347,0,
0.324263819528156,0.48045574057844,0.855037833532457,0.193555706830043,0.32075943042718,0,
0.442569312898226,0.832077125328659,0.231381919553963,0.303154073065577,0.286035473394954,0,
0.404684002066471,0.615950920245399,0.285941855834329,0.318130247333787,0.365975518361229,0,
0.3568107456518,0.316739702015776,0.742134607726005,0.65282505105514,0.522857856607544,0,
0.547959359393835,0.508326029798422,0.521306252489048,0.437939641479464,0.400199850112416,0,
0.384019287067333,0.631200701139351,0.255276782158503,0.316541865214432,0.352985261054209,0,
0.598587911141725,0.429447852760736,0.327757865392274,0.34263671431813,0.338995753185111,0,
0.348372653693818,0.444347063978966,0.875348466746316,0.199455411844792,0.212590557082188,0,
0.476149474771827,0.628571428571429,0.266228594185583,0.415929203539823,0.406195353484886,0,
0.589460995350439,0.61262050832603,0.287933094384707,0.294985250737463,0.501373969522858,0,
0.378508696400895,0.807537248028046,0.241935483870968,0.303834808259587,0.32075943042718,0,
0.533149646977785,0.616476774758983,0.268418956591,0.498751985477649,0.565575818136398,0,
0.33166867573618,0.455565293602103,0.686379928315412,0.254141139096891,0.32075943042718,0,
0.816772860340968,0.17703768624014,0.392871365989646,0.342409802586794,0.30751936047964,0,
0.346650594110556,0.382296231375986,0.790521704500199,0.209212616292262,0.241818636022983,0,
0.814017565007749,0.38387379491674,0.333333333333333,0.381211708645337,0.336497626779915,0,
0.490959187187877,0.495179666958808,0.315611310234966,0.335148627184025,0.342243317511866,0,
0.323574995694851,0.339526730937774,0.505376344086021,0.779441797140912,0.12840369722708,0,
0.678835887721715,0.426818580192813,0.333532457188371,0.383707737690039,0.306769922558081,0,
0.315481315653522,0.318317265556529,0.581640780565512,0.566371681415929,0.32075943042718,0,
0.456862407439297,0.362489044697634,0.740342493030665,0.575675062400726,0.227829128153885,0,
0.349578095402101,0.444522348816827,0.888092393468737,0.19310188336737,0.32075943042718,0,
0.33976235577751,0.540753724802805,0.52568697729988,0.434082142046744,0.361229078191356,0,
0.571723781642845,0.69535495179667,0.272003185981681,0.496936691626957,0.267549337996503,0,
0.340451179610815,0.421735319894829,0.911987256073278,0.202632176083504,0.32075943042718,0,
0.452040640606165,0.636283961437336,0.281760254878534,0.326072157930565,0.299775168623532,0,
0.87583950404684,0.179842243645925,0.390083632019116,0.341048332198775,0.307019735198601,0,
0.35095574306871,0.316213847502191,0.725607327757865,0.628999319264806,0.569822633025231,0,
0.467022558980541,0.515162138475022,0.30326563122262,0.404810528704334,0.297776667499375,0,
0.40296194248321,0.664154250657318,0.588610115491836,0.282732017245292,0.32075943042718,0,
0.819872567590839,0.334794040315513,0.407606531262445,0.432720671658725,0.298775918061454,0,
0.671258825555364,0.279929886064855,0.465153325368379,0.776718856364874,0.188608543592306,0,
0.38591355260892,0.738825591586328,0.228992433293509,0.301111867483549,0.282787909068199,0,
0.489753745479594,0.70464504820333,0.28036638789327,0.31926480599047,0.29477891581314,0,
0.33166867573618,0.356003505696757,0.506172839506173,0.753800771499887,0.32075943042718,0,
0.251592905114517,0.7954425942156,0.226802070888092,0.288177898797368,0.278541094179365,0,
0.381952815567419,0.7011393514461,0.660294703305456,0.515543453596551,0.253559830127404,0,
0.36128810056828,0.503768624014023,0.60752688172043,0.464488314045836,0.253809642767924,0,
0.432581367315309,0.366170026292726,0.809438470728793,0.179033356024506,0.421933549837622,0,
0.340278973652488,0.426643295354952,0.806849860613301,0.626503290220104,0.32075943042718,0,
0.400551059066644,0.638737949167397,0.515531660692951,0.452008168822328,0.244566575068699,0,
0.65352161184777,0.384925503943909,0.336320191158901,0.381892443839347,0.346490132400699,0,
0.399345617358361,0.624890446976337,0.279968140183194,0.316995688677105,0.289532850362228,0,
0.48097124160496,0.529184925503944,0.451612903225806,0.287950987066031,0.722458156382713,0,
0.44015842948166,0.561262050832603,0.599163679808841,0.441797140912185,0.32075943042718,0,
0.384191493025659,0.601577563540754,0.283950617283951,0.313138189244384,0.29502872845366,0,
0.735491648011021,0.191411042944785,0.403026682596575,0.389834354436124,0.287534349238071,0,
0.534527294644395,0.500964066608238,0.457785742731979,0.722033129112775,0.214838870846865,0,
0.404339590149819,0.667134092900964,0.574870569494225,0.286816428409349,0.32075943042718,0,
0.795074909591872,0.409290096406661,0.46136997212266,0.456773315180395,0.41693729702723,0,
0.509729636645428,0.354425942156003,0.338709677419355,0.384161561152712,0.347989008243817,0,
0.32942999827794,0.420333041191937,0.761847869374751,0.220558202859088,0.263552335748189,0,
0.708799724470467,0.386853637160386,0.335722819593787,0.380077149988654,0.312015988008993,0,
0.753056655760289,0.378264680105171,0.593986459577857,0.288858633991377,0.289782663002748,0,
0.492509040812812,0.449255039439088,0.315611310234966,0.337644656228727,0.306270297277042,0,
0.325469261236439,0.405609114811569,0.82536837913182,0.209893351486272,0.251061703722208,0,
0.344928534527295,0.585977212971078,0.273795300677021,0.427955525300658,0.290032475643268,0,
0.856208024797658,0.357581069237511,0.336917562724014,0.339459950079419,0.30776917312016,0,
0.385052522817289,0.738299737072743,0.563719633612107,0.461084638075789,0.32075943042718,0,
0.370070604442914,0.566170026292726,0.30147351652728,0.409348763331064,0.298276292780415,0,
0.457034613397624,0.689921121822962,0.281362007168459,0.629906966190152,0.226580064951287,0,
0.337695884277596,0.336546888694128,0.603942652329749,0.631722260040844,0.32075943042718,0,
0.521956259686585,0.483085013146363,0.494822779769016,0.726117540276832,0.204096927304522,0,
0.55312553814362,0.593339176161262,0.475906013540422,0.510324483775811,0.44241818636023,0,
0.442569312898226,0.647852760736196,0.269016328156113,0.313818924438393,0.289033225081189,0,
0.402273118649905,0.372830850131464,0.750298685782557,0.52598139323803,0.411191606295279,0,
0.326674702944722,0.585451358457493,0.735563520509757,0.222600408441116,0.262303272545591,0,
0.367831926984674,0.34022787028922,0.554958183990442,0.882459723167688,0.0789407944041969,0,
0.518339934561736,0.66432953549518,0.296495420151334,0.325164511005219,0.29502872845366,0,
0.361460306526606,0.789482909728308,0.261648745519713,0.310642160199682,0.285535848113915,0,
0.333562941277768,0.41034180543383,0.825169255276782,0.166099387338325,0.32075943042718,0,
0.312898226278629,0.280981595092025,0.47331740342493,0.674381665532108,0.594304271796153,0,
0.438608575856725,0.533567046450482,0.465750696933493,0.429543907420014,0.240319760179865,0,
0.874978474255209,0.331814198071867,0.406810035842294,0.404583616972998,0.461903572320759,0,
0.313587050111934,0.279579316389132,0.455993628036639,0.220104379396415,0.0579565326005496,0,
0.332013087652833,0.415600350569676,0.828355236957387,0.208304969366916,0.32075943042718,0,
0.807818150508008,0.30464504820333,0.34010354440462,0.383480825958702,0.346739945041219,0,
0.308076459445497,0.35635407537248,0.495021903624054,0.450873610165646,0.432425680739445,0,
0.768210780092991,0.429798422436459,0.621266427718041,0.309961425005673,0.296527604296777,0,
0.898226278629241,0.169325153374233,0.397451214655516,0.377808032675289,0.337996502623033,0,
0.801963147924918,0.295705521472393,0.648944643568299,0.298388926707511,0.28878341244067,0,
0.451868434647839,0.641717791411043,0.267622461170848,0.319037894259133,0.293529852610542,0,
0.880661270879972,0.190008764241893,0.400238948626045,0.340367597004765,0.341244066949788,0,
0.495264336146031,0.627695004382121,0.294703305455994,0.410029498525074,0.359730202348239,0,
0.60375408989151,0.523575810692375,0.292911190760653,0.33356024506467,0.348238820884337,0,
0.656965731014293,0.418580192813322,0.333930704898447,0.384842296346721,0.305520859355483,0,
0.308765283278801,0.301840490797546,0.415173237753883,0.254141139096891,0.573569822633025,0,
0.369553986567935,0.41384750219106,0.856829948227798,0.566144769684593,0.225830627029728,0,
0.324091613569829,0.396143733567046,0.843687773795301,0.577717267982755,0.218336247814139,0,
0.457895643189254,0.477826468010517,0.312823576264436,0.336056274109371,0.307019735198601,0,
0.432409161356983,0.594390885188431,0.272600557546794,0.281143635125936,0.678241319010742,0,
0.340795591527467,0.71375985977213,0.28215850258861,0.411164057181756,0.360979265550837,0,
0.311003960737042,0.288343558282209,0.469733174034249,0.314499659632403,0.212090931801149,0,
0.365076631651455,0.290972830850131,0.510951812027081,0.624234172906739,0.584561578815888,0,
0.340278973652488,0.32760736196319,0.756670649143767,0.563421828908555,0.207844116912316,0,
0.527466850353022,0.531288343558282,0.299681401831939,0.328568186975267,0.30102423182613,0,
0.313070432236955,0.278702892199825,0.469135802469136,0.670297254368051,0.629278041468898,0,
0.57912863785087,0.445398773006135,0.329549980087614,0.383707737690039,0.342243317511866,0,
0.439125193731703,0.475197195442594,0.315611310234966,0.333333333333333,0.308018985760679,0,
0.464267263647322,0.423488168273444,0.424133811230585,0.398910823689585,0.29502872845366,0,
0.349750301360427,0.52182296231376,0.791716447630426,0.227138643067847,0.251311516362728,0,
0.343550886860685,0.456441717791411,0.817005177220231,0.228500113455866,0.32075943042718,0,
0.50335801618736,0.646801051709027,0.296097172441258,0.324029952348536,0.379465400949288,0,
0.316514551403479,0.295880806310254,0.467741935483871,0.801452235080554,0.154634024481639,0,
0.540898915102462,0.402629272567923,0.441855834328953,0.418879056047198,0.279790157381964,0,
0.565696573101429,0.303943908851884,0.40900039824771,0.340367597004765,0.308518611041719,0,
0.912174961253659,0.343032427695004,0.433094384707288,0.451100521896982,0.286535098675993,0,
0.825210952298949,0.167747589833479,0.336917562724014,0.341275243930111,0.308018985760679,0,
0.345100740485621,0.815775635407537,0.2389486260454,0.298388926707511,0.279790157381964,0,
0.780437403134148,0.187905346187555,0.387295898048586,0.385523031540731,0.306270297277042,0,
0.350266919235405,0.54478527607362,0.501991238550378,0.423190378942591,0.289782663002748,0,
0.497847425520923,0.590359333917616,0.289924332935086,0.412525527569775,0.374718960779415,0,
0.552608920268641,0.569500438212095,0.470330545599363,0.654413433174495,0.237571821134149,0,
0.433270191148614,0.763014899211218,0.272600557546794,0.313818924438393,0.287534349238071,0,
0.374203547442741,0.507800175284838,0.280764635603345,0.427955525300658,0.296027979015738,0,
0.328741174444636,0.420508326029798,0.774990043807248,0.214431586113002,0.261304021983512,0,
0.313070432236955,0.28624014022787,0.474313022700119,0.845019287497164,0.154384211841119,0,
0.506113311520579,0.564241893076249,0.479490242931103,0.520989335148627,0.50612040969273,0,
0.351300154985362,0.547589833479404,0.841497411389884,0.210800998411618,0.248563577317012,0,
0.278629240571724,0.334092900964067,0.63878932696137,0.778080326752893,0.092930302273295,0,
0.314448079903565,0.36091148115688,0.795101553166069,0.556614476968459,0.234324256807394,0,
0.346133976235578,0.420858895705521,0.855635205097571,0.617199909235307,0.204096927304522,0,
0.527294644394696,0.460473269062226,0.459776981282358,0.446108463807579,0.251811141643767,0,
0.402273118649905,0.793163891323401,0.252688172043011,0.429090083957341,0.389208093929553,0,
0.809195798174617,0.315512708150745,0.338311429709279,0.342409802586794,0.308768423682238,0,
0.595315997933528,0.402979842243646,0.535444046196734,0.717041071023372,0.208343742193355,0,
0.337007060444291,0.332515337423313,0.7536837913182,0.712502836396642,0.457406944791406,0,
0.568279662476322,0.324452234881683,0.389884508164078,0.388019060585432,0.270796902323258,0,
0.486654038229723,0.336196319018405,0.428116288331342,0.412298615838439,0.276792405695728,0,
0.349922507318753,0.432252410166521,0.614297092791716,0.545949625595643,0.32075943042718,0,
0.587566729808851,0.670639789658195,0.274193548387097,0.321987746766508,0.295778166375219,0,
0.404167384191493,0.492550394390885,0.635404221425727,0.501021102791014,0.574569073195104,0,
0.556569657310143,0.479929886064855,0.45400238948626,0.422282732017245,0.28203847114664,0,
0.494575512312726,0.575635407537248,0.299283154121864,0.325618334467892,0.35273544841369,0,
0.319269846736697,0.292024539877301,0.453405017921147,0.216927615157704,0.780414688983262,0,
0.430170483898743,0.782471516213848,0.242931103146157,0.48241434082142,0.382962777916563,0,
0.329257792319614,0.41612620508326,0.754082039028276,0.235988200589971,0.32075943042718,0,
0.397451351816773,0.728483786152498,0.275985663082437,0.41479464488314,0.267549337996503,0,
0.427415188565524,0.544259421560035,0.277379530067702,0.322895393691854,0.347739195603298,0,
0.461511968314104,0.112007011393514,0.282556750298686,0.0637621965055593,0.111916062952785,0,
0.460306526605821,0.638737949167397,0.271405814416567,0.688223281143635,0.219835123657257,0,
0.320130876528328,0.39649430324277,0.798088410991637,0.133877921488541,0.213839620284786,0,
0.895470983296022,0.181419807186678,0.395061728395062,0.339233038348083,0.299525355983013,0,
0.315481315653522,0.511130587204207,0.564516129032258,0.514181983208532,0.32075943042718,0,
0.320303082486654,0.314636283961437,0.458582238152131,0.539823008849557,0.32075943042718,0,
0.856380230755984,0.312357581069238,0.460175228992433,0.489448604492852,0.3974519110667,0,
0.731014293094541,0.287992988606486,0.342493030665074,0.378488767869299,0.336247814139395,0,
0.348544859652144,0.30464504820333,0.660493827160494,0.689130928068981,0.126655008743442,0,
0.626140864473911,0.330236634531113,0.341696535244922,0.390515089630134,0.26929802648014,0,
0.324780437403134,0.479929886064855,0.587813620071685,0.506013160880417,0.32075943042718,0,
0.395729292233511,0.651358457493427,0.521704500199124,0.427955525300658,0.368223832125906,0,
0.752023420010332,0.290446976336547,0.400637196336121,0.410029498525074,0.300774419185611,0,
0.357499569485104,0.577563540753725,0.493827160493827,0.296346721125482,0.272045965525856,0,
0.282762183571552,1,0.26742333731581,0.301338779214885,0.280039970022483,0,
0.459273290855864,0.704119193689746,0.280764635603345,0.282278193782619,0.523857107169623,0,
0.712416049595316,0.480105170902717,0.448626045400239,0.392784206943499,0.397951536347739,0,
0.329085586361288,0.419631901840491,0.709677419354839,0.230769230769231,0.32075943042718,0,
0.336662648527639,0.348115687992989,0.679808841099164,0.657817109144543,0.495628278790907,0,
0.613742035474427,0.627870289219982,0.298287534846675,0.412071704107102,0.397951536347739,0,
0.359221629068366,0.508851884312007,0.731979291119076,0.23734967097799,0.254808893330003,0,
0.367487515068021,0.299386503067485,0.53863002787734,0.582028590878148,0.633275043717212,0,
0.320130876528328,0.451358457493427,0.589008363201912,0.278647606081234,0.32075943042718,0,
0.356294127776821,0.462751971954426,0.642771804062127,0.228500113455866,0.242568073944542,1,
0.342173239194076,0.514285714285714,0.692751891676623,0.653051962786476,0.199850112415688,1,
0.318925434820045,0.334618755477651,0.478693747510952,0.60857726344452,0.200349737696727,1,
0.33304632340279,0.316739702015776,0.584229390681004,0.143862037667347,0.913564826380215,1,
0.274496297571896,0.16897458369851,0.283154121863799,0.653732697980486,0.32075943042718,1,
0.391596349233683,0.402629272567923,0.587017124651533,0.621965055593374,0.770921808643517,1,
0.434647838815223,0.468536371603856,0.518120270808443,0.441570229180849,0.530352235823133,1,
0.32942999827794,0.321998247151621,0.557546794105934,0.646017699115044,0.81413939545341,1,
0.328741174444636,0.340753724802805,0.538829151732378,0.662355343771273,0.496877341993505,1,
0.310315136903737,0.311831726555653,0.466348068498606,0.46358066712049,0.244566575068699,1,
0.406061649733081,0.498685363716039,0.635404221425727,0.603131381892444,0.608293779665251,1,
0.405717237816428,0.81034180543383,0.252688172043011,0.522577717267983,0.415188608543592,1,
0.25727570173928,0.397020157756354,0.696336121067304,0.181756296800545,0.560579565326005,1,
0.361460306526606,0.34829097283085,0.953604141776185,0.201951440889494,0.43617287034724,1,
0.358877217151713,0.381945661700263,0.514336917562724,0.641252552756978,0.32075943042718,1,
0.413122094024453,0.443470639789658,0.728195937873357,0.541184479237577,0.57032225830627,1,
0.374892371276046,0.416827344434706,0.670848267622461,0.742001361470388,0.197351986010492,1,
0.370759428276218,0.495530236634531,0.703504579848666,0.576355797594736,0.567824131901074,1,
0.354055450318581,0.430674846625767,0.861608920748706,0.204901293396869,0.234823882088434,1,
0.329946616152919,0.372129710780018,0.520708880923935,0.756296800544588,0.32075943042718,1,
0.327880144653005,0.3056967572305,0.503385105535643,0.77240753346948,0.742443167624282,1,
0.42672636473222,0.546538124452235,0.280167264038232,0.421601996823236,0.255058705970522,1,
0.311692784570346,0.320595968448729,0.53584229390681,0.554799183117767,0.32075943042718,1,
0.363871189943172,0.622261174408414,0.613500597371565,0.520535511685954,0.558331251561329,1,
0.399517823316687,0.43102541630149,0.782556750298686,0.75879282958929,0.32075943042718,1,
0.437058722231789,0.278001752848379,0.725408203902827,0.533242568640799,0.427929053210092,1,
0.319442052695023,0.353023663453111,0.622859418558343,0.743135920127071,0.32075943042718,1,
0.369381780609609,0.385977212971078,0.656113102349661,0.585659178579533,0.622283287534349,1,
0.444291372481488,0.625591586327783,0.68199920350458,0.491944633537554,0.276292780414689,1,
0.465300499397279,0.474145486415425,0.681202708084428,0.635579759473565,0.188108918311267,1,
0.326158085069743,0.346888694127958,0.563520509757069,0.633991377354209,0.21134149387959,1,
0.344584122610642,0.42296231375986,0.765432098765432,0.570456092579986,0.596802398201349,1,
0.378680902359222,0.294127957931639,0.434289127837515,0.681642840934876,0.663252560579565,1,
0.389874289650422,0.313234005258545,0.792512943050577,0.564329475833901,0.445915563327504,1,
0.390563113483726,0.680806310254163,0.524492234169654,0.586339913773542,0.21808643517362,1,
0.219390390907525,0.102892199824715,0.571286340103544,0.238711141366009,0.241069198101424,1,
0.345789564318925,0.338475021910605,0.781760254878534,0.562060358520535,0.457406944791406,1,
0.332013087652833,0.380543382997371,0.563520509757069,0.930565010211028,0.0774419185610792,1,
0.330979851902876,0.309027169149869,0.466547192353644,0.63262990696619,0.742193354983762,1,
0.387635612192182,0.305872042068361,0.787136598964556,0.565237122759247,0.441918561079191,1,
0.33166867573618,0.331989482909728,0.504181600955794,0.575901974132063,0.556832375718211,1,
0.325469261236439,0.311305872042068,0.474711270410195,0.727252098933515,0.125655758181364,1,
0.325124849319786,0.323400525854514,0.406810035842294,0.585432266848196,0.739195603297527,1,
0.320303082486654,0.331814198071867,0.590203106332139,0.245518493306104,0.187359480389708,1,
0.282762183571552,0.187730061349693,0.273795300677021,0.142273655547992,0.32075943042718,1,
0.327363526778026,0.361262050832603,0.539625647152529,0.435897435897436,0.630527104671496,1,
0.355605303943516,0.324802804557406,0.845679012345679,0.567052416609939,0.559830127404447,1,
0.365248837609781,0.333041191936897,0.716447630426125,0.663036078965282,0.595303522358231,1,
0.34647838815223,0.381069237510955,0.673835125448029,0.990696619015203,0.144141893579815,1,
0.320647494403306,0.364592462751972,0.55236957387495,0.795098706603131,0.32075943042718,1,
0.317892199070088,0.325854513584575,0.535444046196734,0.667347401860676,0.199100674494129,1,
0.408300327191321,0.563014899211218,0.672441258462764,0.527115951894713,0.575568323757182,1,
0.355949715860169,0.305521472392638,0.735563520509757,0.602223734967098,0.509867599300525,1,
0.336318236610987,0.385451358457493,0.833532457188371,0.226004084411164,0.239070696977267,1,
0.373686929567763,0.331814198071867,0.773795300677021,0.631268436578171,0.496627529352985,1,
0.389702083692096,0.437160385626643,0.711867781760255,0.246653051962786,0.263552335748189,1,
0.336146030652661,0.341104294478528,0.881720430107527,0.667347401860676,0.585560829377967,1,
0.318581022903392,0.3011393514461,0.517921146953405,0.86022237349671,0.14763927054709,1,
0.489064921646289,0.472042068361087,0.60573476702509,0.610619469026549,0.152885335998002,1,
0.385224728775616,0.303593339176161,0.68379131819992,0.513274336283186,0.494129402947789,1,
0.343895298777338,0.330061349693252,0.46694544006372,0.610846380757885,0.0674494129402948,1,
0.350439125193732,0.716564417177914,0.260454002389486,0.664851372815975,0.238071446415189,1,
0.367143103151369,0.401051709027169,0.611111111111111,0.555026094849104,0.849362977766675,1,
0.432925779231961,0.291148115687993,0.812624452409399,0.211027910142954,0.222333250062453,1,
0.475632856896849,0.513409290096407,0.695340501792115,0.228046289993193,0.270047464401699,1,
0.392973996900293,0.302892199824715,0.737753882915173,0.589516678012253,0.32075943042718,1,
0.332013087652833,0.35056967572305,0.674233373158104,0.655321080099841,0.32075943042718,1,
0.334940588944377,0.323926380368098,0.520310633213859,0.616292262309961,0.579815138646015,1,
0.309626313070432,0.35407537248028,0.421545201115094,0.56569094622192,0.651011741194104,1,
0.427931806440503,0.727081507449606,0.608721624850657,0.517358747447243,0.412440669497877,1,
0.356638539693473,0.32638036809816,0.722023098367184,0.603585205355117,0.159380464651511,1,
0.383158257275702,0.502892199824715,0.727399442453206,0.749716360335829,0.201348988258806,1,
0.334423971069399,0.351621384750219,0.795101553166069,0.204447469934196,0.456907319510367,1,
0.38815223006716,0.362489044697634,0.860414177618479,0.167687769457681,0.219585311016737,1,
0.517134492853453,0.664680105170903,0.489247311827957,0.531427274790107,0.2433175118661,1,
0.358705011193387,0.754601226993865,0.251294305057746,0.599273882459723,0.233325006245316,1,
0.334423971069399,0.301840490797546,0.650537634408602,0.749489448604493,0.854609043217587,1,
0.456345789564319,0.32988606485539,0.62405416168857,0.694803721352394,0.694229328003997,1,
0.400206647149991,0.417002629272568,0.651732377538829,0.650782845473111,0.653260054958781,1,
0.436369898398485,0.591235758106924,0.553166069295101,0.642840934876333,0.206844866350237,1,
0.441363871189943,0.645574057843996,0.699522102747909,0.493533015656909,0.274793904571571,1,
0.355605303943516,0.324802804557406,0.845878136200717,0.567052416609939,0.560079940044966,1,
0.334596177027725,0.319368974583699,0.453604141776185,0.646471522577717,0.587309517861604,1,
0.397279145858447,0.517966695880806,0.777777777777778,0.51622418879056,0.259055708218836,1,
0.356638539693473,0.665907099035933,0.795898048586221,0.26140231449966,0.273295028728454,1,
0.330463234027897,0.354425942156003,0.577857427319793,0.609938733832539,0.162128403697227,1,
0.346995006027209,0.441016652059597,0.866786140979689,0.213977762650329,0.191606295278541,1,
0.386257964525573,0.317791411042945,0.519912385503783,0.711141366008623,0.15388458656008,1,
0.378336490442569,0.2988606485539,0.736559139784946,0.917631041524847,0.146390207344492,1,
0.372137075942828,0.374408413672217,0.464755077658303,0.630133877921489,0.530352235823133,1,
0.372825899776132,0.719719544259422,0.624850657108722,0.496029044701611,0.273295028728454,1,
0.446357843981402,0.483085013146363,0.538231780167264,0.619922850011346,0.202847864101924,1,
0.365593249526434,0.353724802804557,0.859020310633214,0.572271386430678,0.510117411941044,1,
0.368692956776304,0.371779141104295,0.744125846276384,0.577036532788745,0.722208343742193,1,
0.384880316858963,0.38615249780894,0.719036240541617,0.165191740412979,0.622533100174869,1,
0.316170139486826,0.312883435582822,0.452409398645958,0.243022464261402,0.60929303022733,1,
0.486654038229723,0.39193689745837,0.862007168458781,0.223734967097799,0.232575568323757,1,
0.534182882727742,0.389132340052585,0.659299084030267,0.673020195144089,0.157881588808394,1,
0.365248837609781,0.350744960560911,0.726602947033055,0.561606535057863,0.698226330252311,1,
0.268813500947133,0.320070113935145,0.498008761449622,0.721125482187429,0.0637022233325007,1,
0.27656276907181,0.172830850131464,0.500597371565113,0.217381438620377,0.32075943042718,1,
0.332185293611159,0.373181419807187,0.658701712465153,0.179260267755843,0.710217336997252,1,
0.399173411400034,0.331989482909728,0.760454002389486,0.641706376219651,0.630776917312016,1,
0.284139831238161,0.306222611744084,0.546794105933891,0.277739959155888,0.231576317761679,1,
0.311692784570346,0.327957931638913,0.431302270011947,0.55525300658044,0.32075943042718,1,
0.397623557775099,0.343032427695004,0.643966547192354,0.481052870433401,0.223582313265051,1,
0.349061477527122,0.348115687992989,0.515332536837913,0.857272520989335,0.857606794903822,1,
0.370415016359566,0.603505696757231,0.271405814416567,0.447469934195598,0.436922308268798,1,
0.315825727570174,0.302541630148992,0.467343687773795,0.677331518039483,0.32075943042718,1,
0.37695884277596,0.748641542506573,0.492831541218638,0.5357385976855,0.509617786660005,1,
0.315481315653522,0.322874671340929,0.49542015133413,0.737236215112321,0.152385710716962,1,
0.329085586361288,0.288694127957932,0.481481481481482,0.722033129112775,0.617536847364477,1,
0.502841398312382,0.674846625766871,0.516726403823178,0.554572271386431,0.260804396702473,1,
0.350266919235405,0.334268185801928,0.557745917960972,0.834581347855684,0.644766425181114,1,
0.338212502152574,0.391411042944785,0.803663878932696,0.220558202859088,0.227829128153885,1,
0.380402961942483,0.566345311130587,0.59557945041816,0.288631722260041,0.252560579565326,1,
0.427070776648872,0.499035933391762,0.570489844683393,0.611754027683231,0.63427429427929,1,
0.312553814361977,0.322699386503067,0.508960573476703,0.523258452461992,0.32075943042718,1,
0.327019114861374,0.334969325153374,0.648944643568299,0.499659632402995,0.649263052710467,1,
0.384019287067333,0.455740578439965,0.56252489048188,0.525073746312684,0.147889083187609,1,
0.389874289650422,0.702366345311131,0.551573078454799,0.53188109825278,0.501124156882338,1,
0.316858963320131,0.284312007011393,0.477499004380725,0.664851372815975,0.790407194604047,1,
0.336146030652661,0.353023663453111,0.526881720430108,0.777399591558884,0.32075943042718,1,
0.312037196486998,0.322699386503067,0.186379928315412,0.723848422963467,0.122408193854609,1,
0.469605648355433,0.376511831726556,0.577459179609717,0.600181529385069,0.437921558830877,1,
0.306871017737214,0.292725679228747,0.448426921545201,0.171999092353075,0.848613539845116,1,
0.517995522645084,0.64487291849255,0.619673436877738,0.285001134558657,0.28853359980015,1,
0.429653866023764,0.383523225241017,0.740541616885703,0.747901066485137,0.32075943042718,1,
0.39262958498364,0.32760736196319,0.66726403823178,0.547991831177672,0.440169872595553,1,
0.46840020664715,0.338650306748466,0.735165272799681,0.678466076696165,0.509617786660005,1,
0.336662648527639,0.363540753724803,0.705495818399044,0.574994327206717,0.432675493379965,1,
0.32047528844498,0.329360210341805,0.558741537236161,0.700022691173134,0.0876842368223832,1,
0.324091613569829,0.322874671340929,0.510155316606929,0.761061946902655,0.32075943042718,1,
0.350266919235405,0.702366345311131,0.256272401433692,0.624687996369412,0.228578566075443,1,
0.376270018942655,0.424364592462752,0.819394663480685,0.610392557295212,0.568573569822633,1,
0.306009987945583,0.217177914110429,0.402230187176424,0.28477422282732,0.32075943042718,1,
0.318581022903392,0.417879053461876,0.491437674233373,0.657817109144543,0.609792655508369,1,
0.322541759944894,0.343032427695004,0.688769414575866,0.566825504878602,0.214589058206345,1,
0.369209574651283,0.466257668711656,0.813022700119474,0.644883140458362,0.1796152885336,1,
0.474599621146892,0.634706397896582,0.672242134607726,0.268890401633764,0.280039970022483,1,
0.626140864473911,0.640666082383874,0.278972520908005,0.325164511005219,0.297526854858856,1,
0.341656621319098,0.403680981595092,0.909199522102748,0.180394826412526,0.222832875343492,1,
0.406578267608059,0.524452234881683,0.577857427319793,0.274563194917177,0.281039220584562,1,
0.565696573101429,0.453286590709904,0.764834727200319,0.226004084411164,0.253809642767924,1,
0.539865679352506,0.67239263803681,0.579450418160096,0.310642160199682,0.293030227329503,1,
0.267952471155502,0.133917616126205,0.155714854639586,0.150896301338779,0.32075943042718,1,
0.432925779231961,0.399298860648554,0.777976901632816,0.59882005899705,0.581563827129653,1,
0.314275873945238,0.328659070990359,0.521306252489048,0.548445654640345,0.32075943042718,1,
0.312726020320303,0.315162138475022,0.536837913181999,0.84002722940776,0.150637022233325,1,
0.374375753401068,0.456441717791411,0.851652727996814,0.186067619695938,0.518361229078191,1,
0.381780609609092,0.428571428571429,0.863600159299084,0.615611527115952,0.231326505121159,1,
0.338556914069227,0.357230499561788,0.56252489048188,0.616972997503971,0.454659005745691,1,
0.324436025486482,0.31954425942156,0.465352449223417,0.612207851145904,0.597052210841869,1,
0.442741518856552,0.401051709027169,0.65531660692951,0.615611527115952,0.655258556082938,1,
0.342173239194076,0.375284837861525,0.571883711668658,0.604265940549126,0.233574818885836,1,
0.436714310315137,0.708851884312007,0.665870171246515,0.276151577036533,0.277541843617287,1,
0.355260892026864,0.373181419807187,0.562325766626842,0.71454504197867,0.0869347989008244,1,
0.361976924401584,0.348115687992989,0.668857029072083,0.760154299977309,0.14763927054709,1,
0.343723092819012,0.422787028921998,0.792114695340502,0.223508055366462,0.2433175118661,1,
