541,5,2,
0.900637162045807,0.181770376862401,0.393667861409797,0.34263671431813,0.309268048963278,0,
0.308248665403823,0.295880806310254,0.488450816407806,0.161334240980259,0.32075943042718,0,
0.606337179266403,0.483610867659947,0.466148944643568,0.436578171091445,0.483387459405446,0,
0.691923540554503,0.281858019281332,0.699123855037833,0.268663489902428,0.387959030726955,0,
0.375236783192698,0.671165644171779,0.243727598566308,0.432039936464715,0.283287534349238,0,
0.871189943172034,0.190359333917616,0.401831939466348,0.339459950079419,0.341993504871347,0,
0.388668847942139,0.669763365468887,0.278773397052967,0.428863172226004,0.616787409442918,0,
0.348889271568796,0.60578439964943,0.256073277578654,0.438847288404811,0.32075943042718,0,
0.757534010676769,0.186327782646801,0.342094782954998,0.380077149988654,0.308518611041719,0,
0.504391251937317,0.507624890446976,0.469534050179211,0.434082142046744,0.391956032975269,0,
0.550370242810401,0.606134969325153,0.292114695340502,0.291354663036079,0.507119660254809,0,
0.355088686068538,0.731814198071867,0.243329350856233,0.468345813478557,0.494129402947789,0,
0.420354744274152,0.731113058720421,0.54958183990442,0.474926253687316,0.471146640019985,0,
0.40967797485793,0.667659947414549,0.249502190362405,0.309280689811663,0.292030976767424,0,
0.533149646977785,0.584925503943909,0.30605336519315,0.323349217154527,0.287534349238071,0,
0.267435853280523,0.476774758983348,0.676224611708483,0.235534377127297,0.32075943042718,0,
0.429826071982091,0.622085889570552,0.275985663082437,0.276605400499206,0.688733449912565,0,
0.354916480110212,0.708676599474146,0.545201115093588,0.25096437485818,0.273295028728454,0,
0.410883416566213,0.803856266432954,0.258462763839108,0.307692307692308,0.359980014988758,0,
0.374031341484415,0.611568799298861,0.288331342094783,0.277739959155888,0.723207594304272,0,
0.31823661098674,0.319368974583699,0.587017124651533,0.564556387565237,0.52560579565326,0,
0.389702083692096,0.685363716038563,0.285941855834329,0.320172452915816,0.289782663002748,0,
0.433270191148614,0.625591586327783,0.297092791716448,0.320172452915816,0.290781913564826,0,
0.35543309798519,0.383172655565294,0.775388291517324,0.217608350351713,0.240819385460904,0,
0.319269846736697,0.300613496932515,0.473516527279968,0.847288404810529,0.113664751436423,0,
0.309109695195454,0.304995617879053,0.525886101154918,0.644202405264352,0.32075943042718,0,
0.343034268985707,0.412971078001753,0.838311429709279,0.208304969366916,0.232825380964277,0,
0.811951093507835,0.291673970201578,0.339705296694544,0.341048332198775,0.30776917312016,0,
0.356294127776821,0.54601226993865,0.588809239346874,0.257090991604266,0.32075943042718,0,
0.339245737902531,0.431375985977213,0.754082039028276,0.24120717041071,0.262053459905071,0,
0.386774582400551,0.618755477651183,0.779968140183194,0.223281143635126,0.247064701473895,0,
0.357843981401756,0.404732690622261,0.881123058542413,0.217381438620377,0.238071446415189,0,
0.335112794902704,0.316213847502191,0.728594185583433,0.568867710460631,0.440669497876593,0,
0.339073531944205,0.469412795793164,0.76742333731581,0.213523939187656,0.32075943042718,0,
0.364904425693129,0.460999123575811,0.532457188371167,0.463807578851827,0.283787159630277,0,
0.410194592732909,0.579666958808063,0.609318996415771,0.260494667574314,0.191606295278541,0,
0.668159118305493,0.456091148115688,0.454400637196336,0.455638756523712,0.262303272545591,0,
0.4535904942311,0.603330411919369,0.716845878136201,0.263217608350352,0.457406944791406,0,
0.607026003099707,0.653637160385627,0.296694544006372,0.326299069661902,0.296527604296777,0,
0.512140520061994,0.478702892199825,0.441457586618877,0.400726117540277,0.350487134649013,0,
0.256414671947649,0.14250657318142,0.482078853046595,0.600408441116406,0.32075943042718,0,
0.267263647322197,0.450482033304119,0.759259259259259,0.186975266621284,0.32075943042718,0,
0.324608231444808,0.32182296231376,0.568100358422939,0.783526208304969,0.130652010991756,0,
0.527639056311348,0.572830850131464,0.295101553166069,0.329475833900613,0.302023482388209,0,
0.39262958498364,0.413146362839614,0.787733970529669,0.270024960290447,0.455908068948289,0,
0.338212502152574,0.436459246275197,0.727996814018319,0.242568640798729,0.26255308518611,0,
0.373686929567763,0.755652936021034,0.25647152528873,0.588382119355571,0.233075193604796,0,
0.323574995694851,0.307274320771253,0.498207885304659,0.743589743589744,0.32075943042718,0,
0.473738591355261,0.714460999123576,0.27937076861808,0.427047878375312,0.475393454908818,0,
0.358016187360083,0.392287467134093,0.866387893269614,0.226230996142501,0.450162378216338,0,
0.668503530222146,0.405609114811569,0.330346475507766,0.389380530973451,0.347239570322258,0,
0.39400723265025,0.683786152497809,0.657706093189964,0.26525981393238,0.273794654009493,0,
0.552608920268641,0.427695004382121,0.32994822779769,0.341502155661448,0.337996502623033,0,
0.324780437403134,0.427519719544259,0.542214257268021,0.655774903562514,0.197102173369973,0,
0.351816772860341,0.52182296231376,0.813620071684588,0.219877467665078,0.32075943042718,0,
0.478388152230067,0.682559158632778,0.283552369573875,0.316088041751759,0.290282288283787,0,
0.437058722231789,0.552497808939527,0.285543608124253,0.425913319718629,0.213339995003747,0,
0.652488376097813,0.35056967572305,0.39247311827957,0.402768323122305,0.286285286035473,0,
0.552608920268641,0.495705521472393,0.474512146555157,0.702064896755162,0.219085685735698,0,
0.522472877561564,0.41840490797546,0.609119872560733,0.610392557295212,0.491131651261554,0,
0.647666609264681,0.569500438212095,0.304659498207885,0.398230088495575,0.349238071446415,0,
0.452557258481143,0.559684487291849,0.567702110712863,0.294758339006127,0.286784911316513,0,
0.401756500774927,0.528834355828221,0.455595380326563,0.31926480599047,0.294279290532101,0,
0.52264508351989,0.468361086765995,0.319394663480685,0.338552303154073,0.307019735198601,0,
0.274840709488548,0.329184925503944,0.632218239745121,0.799410029498525,0.111916062952785,0,
0.723953848803168,0.313409290096407,0.404818797291916,0.397322441570229,0.304271796152885,0,
0.619597038057517,0.346713409290096,0.39426523297491,0.404810528704334,0.289782663002748,0,
0.311003960737042,0.312357581069238,0.559936280366388,0.755389153619242,0.32075943042718,0,
0.387463406233856,0.62646801051709,0.511150935882119,0.472884048105287,0.230077441918561,0,
0.819700361632512,0.334969325153374,0.407606531262445,0.432720671658725,0.298775918061454,0,
0.390046495608748,0.578790534618756,0.254679410593389,0.298842750170184,0.261054209342993,0,
0.351644566902015,0.614022787028922,0.295499800876145,0.425459496255956,0.290282288283787,0,
0.357155157568452,0.44592462751972,0.665272799681402,0.515997277059224,0.195353484886335,0,
0.157740657826761,0.34250657318142,0.457586618876941,0.317222600408441,0.274544091931052,0,
0.38952987773377,0.410166520595968,0.776184786937475,0.271840254141139,0.452660504621534,0,
0.713104873428621,0.314460999123576,0.412783751493429,0.340594508736102,0.338496127904072,0,
0.3271913208197,0.330937773882559,0.803464755077658,0.21261629226231,0.402448163877092,0,
0.31823661098674,0.434706397896582,0.601752289924333,0.281597458588609,0.278541094179365,0,
0.751334596177028,0.188255915863278,0.339705296694544,0.383934649421375,0.336497626779915,0,
0.380402961942483,0.5977212971078,0.299681401831939,0.401633764465623,0.375468398700974,0,
0.336834854485965,0.536371603856266,0.633612106730386,0.533469480372135,0.32075943042718,0,
0.316858963320131,0.294127957931639,0.475109518120271,0.484002722940776,0.626030477142143,0,
0.363698983984846,0.45749342681858,0.526284348864994,0.455184933061039,0.286535098675993,0,
0.333390735319442,0.297107800175285,0.443448825169255,0.635579759473565,0.852860354733949,0,
0.349233683485449,0.426643295354952,0.754082039028276,0.534830950760154,0.259055708218836,0,
0.562769071809885,0.471516213847502,0.445440063719634,0.394145677331518,0.32075943042718,0,
0.356638539693473,0.415249780893953,0.920350457984866,0.180394826412526,0.32075943042718,0,
0.489581539521267,0.557756354075373,0.273596176821983,0.321760835035171,0.294279290532101,0,
0.320647494403306,0.434706397896582,0.678016726403823,0.20285908781484,0.32075943042718,0,
0.786292405717238,0.195267309377739,0.396057347670251,0.381438620376673,0.297277042218336,0,
0.335629412777682,0.463102541630149,0.596973317403425,0.488540957567506,0.32075943042718,0,
0.373686929567763,0.511831726555653,0.709478295499801,0.234853641933288,0.264051961029228,0,
0.418460478732564,0.675547765118317,0.498606133014735,0.455411844792376,0.200599550337247,0,
0.327019114861374,0.411393514460999,0.553763440860215,0.621057408668028,0.32075943042718,0,
0.556741863268469,0.53339176161262,0.297092791716448,0.457000226911731,0.645016237821634,0,
0.464439469605648,0.564943032427695,0.528076463560335,0.694349897889721,0.220834374219335,0,
0.742379886344067,0.348466257668712,0.395659099960175,0.38234626730202,0.30751936047964,0,
0.325985879111417,0.350920245398773,0.638590203106332,0.72884048105287,0.172620534599051,0,
0.330291028069571,0.49307624890447,0.510752688172043,0.508736101656456,0.264801398950787,0,
0.419665920440847,0.671516213847502,0.270011947431302,0.416609938733833,0.25655758181364,0,
0.403306354399862,0.670990359333918,0.510155316606929,0.478103017926027,0.271046714963777,0,
0.915963492336835,0.170201577563541,0.333930704898447,0.379396414794645,0.304521608793405,0,
0.400378853108318,0.637510955302366,0.258861011549184,0.311776718856365,0.295528353734699,0,
0.544515240227312,0.46555652936021,0.427120669056153,0.336283185840708,0.348738446165376,0,
0.305837781987257,0.295004382120946,0.433691756272401,0.471522577717268,0.633774668998251,0,
0.400895470983296,0.508676599474145,0.306252489048188,0.392330383480826,0.304271796152885,0,
0.488720509729637,0.611744084136722,0.28673835125448,0.417971409121852,0.273544841368973,0,
0.457895643189254,0.715863277826468,0.279171644763043,0.475153165418652,0.528103922058456,0,
0.350611331152058,0.741279579316389,0.231182795698925,0.484002722940776,0.577566824881339,0,
0.385569140692268,0.614198071866784,0.79131819992035,0.223054231903789,0.243067699225581,0,
0.375236783192698,0.319018404907975,0.646555157307845,0.835262083049694,0.32075943042718,0,
0.733597382469433,0.189833479404032,0.340501792114695,0.384161561152712,0.306270297277042,0,
0.336146030652661,0.432252410166521,0.982477100756671,0.169956886771046,0.32075943042718,0,
0.425865334940589,0.855915863277826,0.231182795698925,0.302019514408895,0.285785660754434,0,
0.353711038401929,0.596669588080631,0.596575069693349,0.220558202859088,0.649013240069948,0,
0.835887721715171,0.339526730937774,0.333333333333333,0.340594508736102,0.308518611041719,0,
0.848803168589633,0.302892199824715,0.452807646356033,0.5214431586113,0.248063952035973,0,
0.316342345445152,0.389307624890447,0.80326563122262,0.185159972770592,0.32075943042718,0,
0.404167384191493,0.31726555652936,0.517522899243329,0.79260267755843,0.171121658755933,0,
0.696917513345962,0.395267309377739,0.445240939864596,0.334240980258679,0.304521608793405,0,
0.449801963147925,0.511305872042068,0.418757467144564,0.38620376673474,0.337496877341994,0,
0.328052350611331,0.436459246275197,0.690163281561131,0.245518493306104,0.270796902323258,0,
0.485104184604787,0.679579316389132,0.271804062126643,0.308373042886317,0.287034723957032,0,
0.46168417427243,0.619631901840491,0.483273596176822,0.699115044247788,0.211091681239071,0,
0.36214913035991,0.888694127957932,0.206889685384309,0.276832312230542,0.32075943042718,0,
0.413122094024453,0.621910604732691,0.707088809239347,0.249375992738825,0.268298775918061,0,
0.39848458756673,0.530061349693252,0.274990043807248,0.321760835035171,0.294529103172621,0,
0.33752367831927,0.332340052585451,0.493827160493827,0.633083730428863,0.32075943042718,0,
0.724987084553125,0.194566170026293,0.405416168857029,0.394826412525528,0.297776667499375,0,
0.302738074737386,0.268886941279579,0.337913181999204,0.279782164737917,0.598551086684986,0,
0.355777509901843,0.305170902716915,0.540023894862604,0.797594735647833,0.174868848363727,0,
0.402273118649905,0.693602103418054,0.672242134607726,0.465169049239846,0.269797651761179,0,
0.523678319269847,0.438387379491674,0.306650736758264,0.336510097572044,0.33999500374719,0,
0.481660065438264,0.598422436459246,0.2536837913182,0.404129793510324,0.381963527354484,0,
0.320303082486654,0.452059596844873,0.630824372759857,0.457680962105741,0.276042967774169,0,
0.555880833476838,0.327256792287467,0.398645957785743,0.392557295212162,0.338246315263552,0,
0.334940588944377,0.317440841367222,0.759458383114297,0.558202859087815,0.472645515863103,0,
0.334940588944377,0.58615249780894,0.698924731182796,0.583390061266167,0.32075943042718,0,
0.43568107456518,0.765644171779141,0.249701314217443,0.482868164284094,0.392705470896827,0,
0.549681418977097,0.371954425942156,0.334727200318598,0.383253914227366,0.341244066949788,0,
0.331840881694507,0.45521472392638,0.678016726403823,0.224642614023145,0.242068448663502,0,
0.400378853108318,0.556879929886065,0.515133412982875,0.431132289539369,0.367474394204347,0,
0.308248665403823,0.287642418930762,0.451612903225806,0.709099160426594,0.32075943042718,0,
0.726364732219735,0.3954425942156,0.452608522500996,0.570002269117313,0.430427179615289,0,
0.492853452729464,0.361963190184049,0.411389884508164,0.405945087361017,0.298775918061454,0,
0.524711555019804,0.402103418054338,0.325965750696933,0.380077149988654,0.32075943042718,0,
0.3903909075254,0.56319018404908,0.597769812823576,0.441116405718176,0.28228828378716,0,
0.456001377647667,0.653286590709904,0.283950617283951,0.454050374404357,0.602048463652261,0,
0.35767177544343,0.535845749342682,0.508164078056551,0.437031994554118,0.367974019485386,0,
0.462372998105734,0.614723926380368,0.4852648347272,0.71000680735194,0.212340744441669,0,
0.42534871706561,0.712007011393514,0.270609318996416,0.315634218289086,0.284536597551836,0,
0.576028930600999,0.332690622261174,0.816009557945042,0.227138643067847,0.265550836872346,0,
0.300154985362494,0.280981595092025,0.447232178414974,0.235080553664624,0.32075943042718,0,
0.824005510590666,0.192462751971954,0.342293906810036,0.374858180167915,0.336997252060954,0,
0.275357327363527,0.167397020157756,0.279171644763043,0.557975947356478,0.783662253310017,0,
0.750301360427071,0.309903593339176,0.34010354440462,0.340594508736102,0.337247064701474,0,
0.39624591010849,0.558808063102542,0.280565511748307,0.307692307692308,0.32075943042718,0,
0.340623385569141,0.398948290972831,0.882516925527678,0.209893351486272,0.242068448663502,0,
0.322886171861546,0.316389132340053,0.496216646754281,0.186975266621284,0.777916562578066,0,
0.86912347167212,0.317090271691499,0.410195141377937,0.509870660313138,0.27579315513365,0,
0.339245737902531,0.615775635407537,0.551971326164874,0.302473337871568,0.375468398700974,0,
0.385569140692268,0.676248904469763,0.578056551174831,0.477649194463354,0.272545590806895,0,
0.463406233855691,0.414373356704645,0.52568697729988,0.428636260494668,0.382463152635523,0,
0.154813156535216,0.387554776511832,0.305455993628037,0.436124347628772,0.207844116912316,0,
0.306354399862235,0.292375109553024,0.465352449223417,0.496709779895621,0.32075943042718,0,
0.84088169450663,0.186503067484663,0.343289526085225,0.343998184706149,0.334998750936797,0,
0.325641467194765,0.328308501314636,0.539028275587415,0.804628999319265,0.16662503122658,0,
0.890304804546237,0.332865907099036,0.44763042612505,0.332198774676651,0.305271046714964,0,
0.424315481315654,0.717440841367222,0.273795300677021,0.309280689811663,0.287784161878591,0,
0.556914069226795,0.486765994741455,0.470131421744325,0.73927842069435,0.221833624781414,0,
0.55088686068538,0.606134969325153,0.281561131023497,0.432039936464715,0.521358980764427,0,
0.392285173066988,0.69079754601227,0.535444046196734,0.474926253687316,0.612790407194604,0,
0.33528500086103,0.504995617879053,0.499800876144962,0.421148173360563,0.361478890831876,0,
0.500602720854141,0.508851884312007,0.309637594583831,0.435216700703426,0.662003497376967,0,
0.328913380402962,0.442068361086766,0.74173636001593,0.232357612888586,0.32075943042718,0,
0.339245737902531,0.778615249780894,0.257467144563919,0.636260494667574,0.220584561578816,0,
0,0.00841367221735321,0.452807646356033,0.404583616972998,0.32075943042718,0,
0.500086102979163,0.53567046450482,0.307048984468339,0.398457000226912,0.299275543342493,0,
0.499397279145858,0.404206836108677,0.316806053365193,0.388019060585432,0.34599050711966,0,
0.316170139486826,0.39421560035057,0.805854241338112,0.191286589516678,0.240319760179865,0,
0.578095402100913,0.629272567922875,0.288530465949821,0.410029498525074,0.360979265550837,0,
0.711038401928707,0.4022787028922,0.491636798088411,0.590651236668936,0.243067699225581,0,
0.381952815567419,0.716213847502191,0.544205495818399,0.287950987066031,0.279290532100924,0,
0.361804718443258,0.550394390885188,0.610911987256073,0.47333787156796,0.262303272545591,0,
0.503530222145686,0.455915863277826,0.823178016726404,0.248014522350806,0.273794654009493,0,
0.371276046151197,0.481332164767748,0.805057745917961,0.196959382800091,0.32075943042718,0,
0.400206647149991,0.735495179666959,0.530665073675826,0.27115951894713,0.286285286035473,0,
0.334940588944377,0.526555652936021,0.663878932696137,0.47401860676197,0.32075943042718,0,
0.399173411400034,0.699211218229623,0.568299482277977,0.442024052643522,0.32075943042718,0,
0.345100740485621,0.51954425942156,0.473516527279968,0.417971409121852,0.294029477891581,0,
0.264163940072326,0.0958808063102542,0.141975308641975,0.246879963694123,0.32075943042718,0,
0.310142930945411,0.31603856266433,0.581441656710474,0.891309280689812,0.32075943042718,0,
0.505768899603926,0.398773006134969,0.313022700119474,0.382119355570683,0.305770671996003,0,
0.486481832271397,0.515863277826468,0.290720828355237,0.327433628318584,0.32075943042718,0,
0.883760978129843,0.177914110429448,0.390282755874154,0.341729067392784,0.30751936047964,0,
0.404856208024798,0.587204206836109,0.597172441258463,0.280689811663263,0.27579315513365,0,
0.376786636817634,0.614548641542507,0.686379928315412,0.490356251418198,0.26255308518611,0,
0.453762700189426,0.700788781770377,0.242532855436081,0.315407306557749,0.518860854359231,0,
0.664370587222318,0.387204206836109,0.337514934289128,0.384161561152712,0.348238820884337,0,
0.686585155846392,0.191586327782647,0.405814416567105,0.398683911958248,0.299525355983013,0,
0.38815223006716,0.687291849255039,0.538032656312226,0.242341729067393,0.62178366225331,0,
0.321508524194937,0.36441717791411,0.745718837116687,0.582028590878148,0.32075943042718,0,
0.389185465817117,0.648378615249781,0.512544802867383,0.421828908554572,0.370472145890582,0,
0.374547959359394,0.747589833479404,0.228195937873357,0.302473337871568,0.283537346989758,0,
0.368692956776304,0.58510078878177,0.531660692951015,0.428636260494668,0.32075943042718,0,
0.411744446357844,0.439263803680982,0.694544006371963,0.513501248014522,0.264801398950787,0,
0.482693301188221,0.370902716914987,0.338510553564317,0.375765827093261,0.306020484636523,0,
0.894782159462717,0.360210341805434,0.417761847869375,0.294985250737463,0.261054209342993,0,
0.334596177027725,0.410867659947415,0.799283154121864,0.174041297935103,0.32075943042718,0,
0.283623213363182,0.320595968448729,0.627240143369176,0.74903562514182,0.172370721958531,0,
0.47063888410539,0.541454864154251,0.311628833134209,0.326979804855911,0.299775168623532,0,
0.33752367831927,0.700262927256792,0.495021903624054,0.519400953029272,0.32075943042718,0,
0.412777682107801,0.496406660823839,0.562923138191955,0.26140231449966,0.724956282787909,0,
0.397623557775099,0.541980718667835,0.601553166069295,0.564102564102564,0.631776167874094,0,
0.307215429653866,0.304469763365469,0.527678215850259,0.511005218969821,0.440169872595553,0,
0.818322713965903,0.29535495179667,0.596575069693349,0.308373042886317,0.295278541094179,0,
0.334596177027725,0.510429447852761,0.726204699322979,0.618561379623326,0.601299025730702,0,
0.768555192009644,0.341980718667835,0.39426523297491,0.382800090764693,0.305770671996003,0,
0.329774410194593,0.442243645924627,0.544802867383512,0.61311549807125,0.203347489382963,0,
0.61047012226623,0.62068361086766,0.288132218239745,0.324937599273882,0.291031726205346,0,
0.503874634062339,0.456441717791411,0.837913181999204,0.244157022918085,0.272795403447414,0,
0.347683829860513,0.760736196319018,0.25089605734767,0.425686407987293,0.368223832125906,0,
0.570346133976236,0.639263803680982,0.286340103544405,0.408668028137055,0.361478890831876,0,
0.629584983640434,0.484312007011393,0.307447232178415,0.411164057181756,0.295278541094179,0,
0.352333390735319,0.545661700262927,0.608920748705695,0.462899931926481,0.268548588558581,0,
0.672119855346995,0.452059596844873,0.45499800876145,0.457907873837077,0.262053459905071,0,
0.553642156018598,0.423838737949167,0.33273596176822,0.342409802586794,0.337746689982513,0,
0.900637162045807,0.18510078878177,0.399044205495818,0.341048332198775,0.338496127904072,0,
0.367831926984674,0.681507449605609,0.581441656710474,0.540730655774904,0.32075943042718,0,
0.407267091441364,0.753549517966696,0.275786539227399,0.416836850465169,0.289283037721709,0,
0.358705011193387,0.61840490797546,0.699721226602947,0.526435216700703,0.234074444166875,0,
0.429826071982091,0.328133216476775,0.62863401035444,0.873383253914227,0.157631776167874,0,
0.515240227311865,0.415600350569676,0.290521704500199,0.389153619242115,0.32075943042718,0,
0.319958670570002,0.281858019281332,0.440461967343688,0.601996823235761,0.686485136147889,0,
0.345789564318925,0.592287467134093,0.283950617283951,0.42069434989789,0.349238071446415,0,
0.349061477527122,0.458895705521472,0.592393468737555,0.481506693896074,0.191606295278541,0,
0.315825727570174,0.319193689745837,0.259060135404221,0.212843203993646,0.517112165875593,0,
0.321852936111589,0.320245398773006,0.65531660692951,0.585886090310869,0.066699975018736,0,
0.329257792319614,0.462226117440841,0.869374751095181,0.175856591785795,0.32075943042718,0,
0.76734975030136,0.279228746713409,0.394464356829948,0.402768323122305,0.305021234074444,0,
0.316170139486826,0.312708150744961,0.474512146555157,0.51168595416383,0.32075943042718,0,
0.491992422937834,0.685714285714286,0.278176025487853,0.517812570909916,0.458656007994005,0,
0.395040468400207,0.776336546888694,0.263042612504978,0.314272747901066,0.286535098675993,0,
0.328052350611331,0.328834355828221,0.518717642373556,0.761061946902655,0.187359480389708,0,
0.277251592905114,0.330587204206836,0.598765432098765,0.886771046063081,0.0709467899075693,0,
0.923884966419838,0.376687116564417,0.331541218637993,0.339006126616746,0.307019735198601,0,
0.317547787153435,0.357581069237511,0.712066905615293,0.630360789652825,0.32075943042718,0,
0.818322713965903,0.191761612620508,0.395260852250099,0.341048332198775,0.303022732950287,0,
0.603926295849836,0.424364592462752,0.324970131421744,0.340140685273429,0.337746689982513,0,
0.331840881694507,0.495705521472393,0.745519713261649,0.584070796460177,0.608543592305771,0,
0.375753401067677,0.449255039439088,0.870171246515333,0.198774676650783,0.249063202598051,0,
0.627174100223868,0.339000876424189,0.390282755874154,0.404810528704334,0.286035473394954,0,
0.753401067676942,0.286765994741455,0.453006770211071,0.582028590878148,0.264551586310267,0,
0.306182193903909,0.294478527607362,0.447431302270012,0.715906512366689,0.107669248063952,0,
0.816428448424315,0.475021910604733,0.310234966148945,0.515543453596551,0.276042967774169,0,
0.506113311520579,0.564241893076249,0.479490242931103,0.520989335148627,0.505870597052211,0,
0.569485104184605,0.637686240140228,0.287136598964556,0.409121851599728,0.361478890831876,0,
0.627690718098846,0.446625766871166,0.599761051373955,0.601769911504425,0.249562827879091,0,
0.33166867573618,0.374057843996494,0.790521704500199,0.199228500113456,0.419435423432426,0,
0.332701911486137,0.460122699386503,0.65810434090004,0.249375992738825,0.2560579565326,0,
0.518684346478388,0.686765994741455,0.537037037037037,0.479918311776719,0.277042218336248,0,
0.359738246943344,0.79193689745837,0.263639984070092,0.312457454050374,0.286784911316513,0,
0.493886688479421,0.610517090271692,0.305455993628037,0.331064216019968,0.347989008243817,0,
0.433959014981918,0.5977212971078,0.460971724412585,0.422963467211255,0.273295028728454,0,
0.459273290855864,0.622611744084137,0.305057745917961,0.325845246199229,0.294029477891581,0,
0.306698811778888,0.286765994741455,0.451612903225806,0.200589970501475,0.776417686734949,0,
0.339245737902531,0.400701139351446,0.698924731182796,0.745631949171772,0.32075943042718,0,
0.332185293611159,0.539000876424189,0.489247311827957,0.417517585659179,0.32075943042718,0,
0.430342689857069,0.689921121822962,0.276383910792513,0.299296573632857,0.259305520859355,0,
0.353366626485276,0.435933391761613,0.689167662285942,0.499659632402995,0.187109667749188,0,
0.321852936111589,0.485188431200701,0.615292712066906,0.48241434082142,0.267299525355983,0,
0.564146719476494,0.514460999123576,0.302469135802469,0.331291127751305,0.347739195603298,0,
0.495264336146031,0.596143733567046,0.296097172441258,0.416383027002496,0.287034723957032,0,
0.486826244188049,0.627695004382121,0.303464755077658,0.397776265032902,0.280789407944042,0,
0.738074737385913,0.34022787028922,0.400836320191159,0.395507147719537,0.34599050711966,0,
0.729120027552953,0.300438212094654,0.490641178813222,0.589970501474926,0.236072945291032,0,
0.329257792319614,0.44943032427695,0.531859816806053,0.606535057862492,0.21159130652011,0,
0.778715343550887,0.287992988606486,0.343687773795301,0.379396414794645,0.305271046714964,0,
0.313587050111934,0.334618755477651,0.635404221425727,0.863626049466757,0.32075943042718,0,
0.338901325985879,0.512883435582822,0.504778972520908,0.422282732017245,0.293280039970022,0,
0.123643878078181,0.5056967572305,0.297889287136599,0.327887451781257,0.299275543342493,0,
0.354055450318581,0.496056091148116,0.616089207487057,0.268890401633764,0.272545590806895,0,
0.456517995522645,0.656266432953549,0.28494623655914,0.458134785568414,0.5515863102673,0,
0.661443085930773,0.51375985977213,0.571087216248507,0.292489221692761,0.287284536597552,0,
0.35457206819356,0.417879053461876,0.835125448028674,0.181529385069208,0.222583062702973,0,
0.501808162562425,0.53339176161262,0.314615690959777,0.334240980258679,0.345740694479141,0,
0.325813673153091,0.512007011393514,0.823775388291517,0.201270705695484,0.32075943042718,0,
0.369898398484588,0.58737949167397,0.542015133412983,0.433628318584071,0.32075943042718,0,
0.657137936972619,0.607361963190184,0.471326164874552,0.488087134104833,0.386959780164876,0,
0.773721370759428,0.329184925503944,0.4778972520908,0.514408894939868,0.420684486635024,0,
0.473910797313587,0.630850131463628,0.276782158502589,0.316541865214432,0.50662003497377,0,
0.368004132943,0.484136722173532,0.462962962962963,0.427501701837985,0.32075943042718,0,
0.323919407611503,0.545135845749343,0.771804062126643,0.208758792829589,0.258306270297277,0,
0.473566385396935,0.580017528483786,0.485065710872162,0.708418425232584,0.23107669248064,0,
0.329602204236267,0.459421560035057,0.531660692951015,0.604946675743136,0.217087184611541,0,
0.316686757361805,0.292550394390885,0.496017522899243,0.773315180394826,0.32075943042718,0,
0.328052350611331,0.454513584574934,0.757467144563919,0.160426594054913,0.32075943042718,0,
0.317892199070088,0.303067484662577,0.461569095977698,0.205128205128205,0.764176867349488,0,
0.384019287067333,0.565644171779141,0.78494623655914,0.251191286589517,0.246315263552336,0,
0.3271913208197,0.331638913234005,0.562126642771804,0.803040617199909,0.169622782912815,0,
0.258481143447563,0.534618755477651,0.162485065710872,0.213297027456319,0.242068448663502,0,
0.311176166695368,0.301314636283961,0.437873357228196,0.557068300431132,0.601798651011741,0,
0.226450835198898,0.0929009640666082,0.304659498207885,0.335602450646698,0.303522358231327,0,
0.325469261236439,0.415775635407537,0.678813221823974,0.250737463126844,0.32075943042718,0,
0.514895815395213,0.569149868536372,0.29410593389088,0.42001361470388,0.277292030976767,0,
0.434820044773549,0.378790534618756,0.401234567901235,0.377581120943953,0.341993504871347,0,
0.733425176511107,0.418229623137599,0.657108721624851,0.286135693215339,0.290032475643268,0,
0.359221629068366,0.495004382120947,0.604540023894863,0.470614930791922,0.384211841119161,0,
0.30704322369554,0.29307624890447,0.432497013142174,0.624461084638076,0.650761928553585,0,
0.329946616152919,0.2965819456617,0.436877737953007,0.581347855684139,0.686485136147889,0,
0.4944033063544,0.466432953549518,0.319992035045798,0.33741774449739,0.342493130152386,0,
0.436025486481832,0.538299737072743,0.472919155714855,0.312684365781711,0.359730202348239,0,
0.382297227484071,0.551971954425942,0.519115890083632,0.423871114136601,0.388458656007994,0,
0.275701739280179,0.431901840490798,0.876742333731581,0.194463353755389,0.32075943042718,0,
0.729636645427932,0.453637160385627,0.56152927120669,0.477422282732017,0.28228828378716,0,
0.285173066988118,0.326029798422436,0.626642771804062,0.725209893351486,0.32075943042718,0,
0.355777509901843,0.756529360210342,0.260454002389486,0.433855230315407,0.287534349238071,0,
0.319786464611676,0.322699386503067,0.520708880923935,0.703653278874518,0.816387709218086,0,
0.393318408816945,0.481507449605609,0.293508562325767,0.322668481960517,0.302772920309768,0,
0.83416566213191,0.185626643295355,0.395659099960175,0.385976855003404,0.292280789407944,0,
0.359738246943344,0.713058720420684,0.513341298287535,0.495348309507602,0.613789657756682,0,
0.325813673153091,0.512708150744961,0.515929908403027,0.431132289539369,0.363227579315513,0,
0.334251765111073,0.555302366345311,0.27757865392274,0.44474699341956,0.285535848113915,0,
0.868434647838815,0.183523225241017,0.342692154520111,0.376219650555934,0.30776917312016,0,
0.372998105734458,0.707099035933392,0.227996814018319,0.498751985477649,0.572070946789908,0,
0.645083519889788,0.325854513584575,0.776981282357626,0.257771726798275,0.280539595303522,0,
0.318064405028414,0.320595968448729,0.528275587415372,0.440435670524166,0.274793904571571,0,
0.443258136731531,0.450131463628396,0.306849860613301,0.398457000226912,0.293779665251062,0,
0.34647838815223,0.381069237510955,0.475308641975309,0.792375765827093,0.150387209592805,0,
0.336834854485965,0.290446976336547,0.486459577857427,0.878375312003631,0.136897327004746,0,
0.53383847081109,0.501665205959684,0.434687375547591,0.418879056047198,0.356482638021484,0,
0.388668847942139,0.618930762489045,0.270011947431302,0.437712729748128,0.2560579565326,0,
0.416049595315998,0.788957055214724,0.280963759458383,0.306103925572952,0.446665001249063,0,
0.311348372653694,0.294829097283085,0.446236559139785,0.493079192194236,0.833624781413939,0,
0.318064405028414,0.332340052585451,0.508761449621665,0.863399137735421,0.161129153135149,0,
0.751851214052006,0.290271691498685,0.400438072481083,0.410029498525074,0.30102423182613,0,
0.319958670570002,0.305521472392638,0.462365591397849,0.843203993646471,0.0976767424431676,0,
0.335801618736008,0.410692375109553,0.991238550378335,0.189698207397322,0.230077441918561,0,
0.339417943860858,0.667484662576687,0.266427718040621,0.429543907420014,0.285785660754434,0,
0.707077664887205,0.194040315512708,0.406013540422143,0.403675970047651,0.304271796152885,0,
0.475977268813501,0.723400525854514,0.279171644763043,0.312457454050374,0.380464651511366,0,
0.332013087652833,0.474496056091148,0.621266427718041,0.480145223508055,0.266050462153385,0,
0.264336146030653,0.549693251533742,0.614097968936679,0.492625368731563,0.412190856857357,0,
0.407267091441364,0.757405784399649,0.537236160892075,0.288631722260041,0.498875843117662,0,
0.436025486481832,0.716213847502191,0.27299880525687,0.316995688677105,0.28828378715963,0,
0.440330635439986,0.712007011393514,0.273397052966945,0.316314953483095,0.271046714963777,0,
0.343723092819012,0.588606485539001,0.653126244524094,0.52598139323803,0.241568823382463,0,
0.806957120716377,0.375985977212971,0.337514934289128,0.380077149988654,0.336997252060954,0,
0.802996383674875,0.289044697633655,0.404022301871764,0.378715679600635,0.348238820884337,0,
0.497675219562597,0.521297107800175,0.308442851453604,0.331291127751305,0.305770671996003,0,
0.313242638195282,0.31726555652936,0.488251692552768,0.842523258452462,0.156132900324756,0,
0.326846908903048,0.470289219982471,0.650139386698526,0.247333787156796,0.27554334249313,0,
0.568279662476322,0.334092900964067,0.344882516925528,0.377354209212616,0.338995753185111,0,
0.385741346650594,0.783698510078878,0.230585424133811,0.299523485364193,0.32075943042718,0,
0.333907353194421,0.324452234881683,0.476702508960573,0.266394372589063,0.0594554084436672,0,
0.414327535732736,0.731288343558282,0.518120270808443,0.312911277513047,0.293030227329503,0,
0.336834854485965,0.602629272567923,0.596575069693349,0.238030406171999,0.259805146140395,0,
0.659721026347512,0.325153374233129,0.389088012743927,0.375085091899251,0.335748188858356,0,
0.349922507318753,0.479053461875548,0.719434488251693,0.257998638529612,0.257057207094679,0,
0.351127949027036,0.431375985977213,0.787933094384707,0.224188790560472,0.253310017486885,0,
0.360082658859997,0.740403155127082,0.245519713261649,0.442931699568868,0.558830876842368,0,
0.609436886516273,0.361437335670464,0.40442054958184,0.391195824824143,0.302023482388209,0,
0.337868090235922,0.502541630148992,0.767025089605735,0.186294531427275,0.483137646764926,0,
0.361115894609953,0.402103418054338,0.869175627240143,0.179487179487179,0.237571821134149,0,
0.64456690201481,0.487642418930762,0.463361210673039,0.448150669389607,0.288033974519111,0,
0.432409161356983,0.600350569675723,0.529072082835524,0.674154753800772,0.212590557082188,0,
0.382986051317376,0.741279579316389,0.245519713261649,0.628999319264806,0.238820884336747,0,
0.380575167900809,0.635933391761613,0.248904818797292,0.308373042886317,0.32075943042718,0,
0.677802651971758,0.458369851007888,0.452608522500996,0.45904243249376,0.263302523107669,0,
0.68176338901326,0.499035933391762,0.310434090003982,0.325845246199229,0.300774419185611,0,
0.330291028069571,0.420508326029798,0.749900438072481,0.221919673247107,0.264301773669748,0,
0.572068193559497,0.466608238387379,0.322779769016328,0.388245972316769,0.358481139145641,0,
0.352677802651972,0.315863277826468,0.556750298685783,0.879282958928977,0.0804396702473145,0,
0.741691062510763,0.295530236634531,0.386897650338511,0.379850238257318,0.342493130152386,0,
0.508179783020492,0.398071866783523,0.327160493827161,0.379850238257318,0.32075943042718,0,
0.845531255381436,0.484136722173532,0.326762246117085,0.339233038348083,0.305770671996003,0,
0.315825727570174,0.289745836985101,0.458183990442055,0.179941002949852,0.720209842618036,0,
0.324608231444808,0.480806310254163,0.772202309836718,0.556614476968459,0.32075943042718,0,
0.836232133631824,0.326730937773883,0.403624054161689,0.343998184706149,0.310766924806395,0,
0.346306182193904,0.478878177037686,0.66547192353644,0.256637168141593,0.257057207094679,0,
0.582056139142414,0.643120070113935,0.295898048586221,0.327433628318584,0.354484136897327,0,
0.336318236610987,0.303768624014023,0.456192751891677,0.71454504197867,0.738695978016488,0,
0.363354572068193,0.610166520595968,0.617881322182397,0.548445654640345,0.575568323757182,1,
0.429826071982091,0.445574057843996,0.52668259657507,0.452915815747674,0.543092680489633,1,
0.3159979335285,0.351796669588081,0.596575069693349,0.710914454277286,0.32075943042718,1,
0.334940588944377,0.360035056967572,0.58641975308642,0.753346948037213,0.125655758181364,1,
0.395384880316859,0.31954425942156,0.661887694145759,0.506693896074427,0.496877341993505,1,
0.342173239194076,0.325854513584575,0.50179211469534,0.786249149081007,0.32075943042718,1,
0.431031513690374,0.302015775635407,0.768219832735962,0.236215112321307,0.445665750686985,1,
0.3903909075254,0.38387379491674,0.757068896853843,0.246199228500113,0.424681488883337,1,
0.335629412777682,0.299386503067485,0.506172839506173,0.55593374177445,0.497626779915064,1,
0.467194764938867,0.637510955302366,0.642970927917164,0.528477422282732,0.26904821383962,1,
0.331496469777854,0.400525854513585,0.84647550776583,0.17426820966644,0.624281788658506,1,
0.386774582400551,0.311305872042068,0.772003185981681,0.571136827773996,0.730202348238821,1,
0.353538832443603,0.334794040315513,0.750497809637595,0.571363739505332,0.491131651261554,1,
0.541243327019115,0.574934268185802,0.502389486260454,0.485591105060132,0.32075943042718,1,
0.347511623902187,0.392287467134093,0.581242532855436,0.809167233945995,0.32075943042718,1,
0.332529705527811,0.323751095530237,0.536439665471923,0.802813705468573,0.32075943042718,1,
0.362837954193215,0.690622261174408,0.765232974910394,0.266621284320399,0.274294279290532,1,
0.504735663853969,0.504995617879053,0.781561131023497,0.26594054912639,0.266050462153385,1,
0.311003960737042,0.300438212094654,0.529271206690561,0.503744043567052,0.32075943042718,1,
0.356294127776821,0.728483786152498,0.502588610115492,0.676650782845473,0.238571071696228,1,
0.319786464611676,0.322173531989483,0.594384707287933,0.266621284320399,0.406195353484886,1,
0.398656793525056,0.405258545135846,0.721425726802071,0.230996142500567,0.420934299275543,1,
0.402789736524884,0.340753724802805,0.676224611708483,0.502382573179033,0.443917062203348,1,
0.340967797485793,0.329535495179667,0.5073675826364,0.796006353528477,0.125156132900325,1,
0.42087136214913,0.388431200701139,0.736957387495022,0.722033129112775,0.128903322508119,1,
0.525572584811434,0.692725679228747,0.556551174830745,0.312230542319038,0.290781913564826,1,
0.412261064232822,0.34250657318142,0.505575467941059,0.830496936691627,0.179865101174119,1,
0.345100740485621,0.408764241893076,0.516925527678216,0.783299296573633,0.653260054958781,1,
0.331152057861202,0.339351446099912,0.664874551971326,0.498978897208986,0.32075943042718,1,
0.33166867573618,0.37931638913234,0.922540820390283,0.172906739278421,0.222832875343492,1,
0.354744274151886,0.372304995617879,0.481282357626444,0.626276378488768,0.654758930801899,1,
0.395557086275185,0.431200701139351,0.740541616885703,0.22237349670978,0.26305271046715,1,
0.425004305148958,0.497633654688869,0.547988849064118,0.465169049239846,0.478141393954534,1,
0.342862063027381,0.390359333917616,0.518518518518518,0.884955752212389,0.117411941044217,1,
0.310487342862063,0.333567046450482,0.428912783751493,0.544815066938961,0.32075943042718,1,
0.317892199070088,0.329710780017528,0.505177220230984,0.879509870660313,0.32075943042718,1,
0.317203375236783,0.286590709903593,0.485065710872162,0.699795779441797,0.791906070447165,1,
0.46840020664715,0.671165644171779,0.570688968538431,0.2809167233946,0.279040719460405,1,
0.433786809023592,0.576687116564417,0.583034647550777,0.694576809621057,0.231576317761679,1,
0.431720337523678,0.521297107800175,0.656909597769813,0.621965055593374,0.21808643517362,1,
0.393318408816945,0.480280455740578,0.835125448028674,0.210574086680281,0.252060954284287,1,
0.329946616152919,0.291498685363716,0.492831541218638,0.72952121624688,0.578066450162378,1,
0.371620458067849,0.394566170026293,0.755276782158503,0.216927615157704,0.718461154134399,1,
0.340967797485793,0.330762489044698,0.812425328554361,0.574086680281371,0.669497876592555,1,
0.366970897193043,0.342681858019281,0.620469932297889,0.611980939414568,0.849362977766675,1,
0.251592905114517,0.355302366345311,0.533851055356432,0.651917404129794,0.591556332750437,1,
0.345272946443947,0.337598597721297,0.527479091995221,0.794417971409122,0.162128403697227,1,
0.346822800068882,0.412971078001753,0.637594583831143,0.803494440662582,0.32075943042718,1,
0.466850353022215,0.719193689745837,0.572680207088809,0.466303607896528,0.278790906819885,1,
0.313414844153608,0.302366345311131,0.53126244524094,0.841161788064443,0.12840369722708,1,
0.349750301360427,0.436459246275197,0.743130227001195,0.697526662128432,0.599800149887584,1,
0.398828999483382,0.364592462751972,0.800079649542015,0.234626730201951,0.26305271046715,1,
0.391251937317031,0.665205959684487,0.59836718438869,0.547084184252326,0.228078940794404,1,
0.338901325985879,0.330411919368975,0.445041816009558,0.680281370546857,0.497876592555583,1,
0.462200792147408,0.600175284837862,0.611708482676225,0.535965509416837,0.263302523107669,1,
0.360082658859997,0.391235758106924,0.500199123855038,0.582709326072158,0.32075943042718,1,
0.377647666609265,0.374057843996494,0.77299880525687,0.194463353755389,0.450911816137897,1,
0.339934561735836,0.365819456617003,0.54958183990442,0.267075107783072,0.32075943042718,1,
0.348889271568796,0.312708150744961,0.73257666268419,0.722033129112775,0.690482138396203,1,
0.429998277940417,0.451533742331288,0.652927120669056,0.256410256410256,0.277541843617287,1,
0.312726020320303,0.35863277826468,0.606133014735165,0.358747447243022,0.32075943042718,1,
0.389874289650422,0.437335670464505,0.711867781760255,0.246653051962786,0.263552335748189,1,
0.566729808851386,0.426117440841367,0.609318996415771,0.524166099387338,0.479640269797652,1,
0.349233683485449,0.347589833479404,0.529868578255675,0.839119582482414,0.765176117911566,1,
0.459101084897537,0.556529360210342,0.655117483074472,0.526889040163376,0.473644766425181,1,
0.374031341484415,0.793865030674847,0.226403823178017,0.500340367597005,0.434923807144642,1,
0.328741174444636,0.327782646801052,0.449024293110315,0.798048559110506,0.135898076442668,1,
0.324436025486482,0.330061349693252,0.469334926324174,0.616519174041298,0.32075943042718,1,
0.360943688651627,0.351095530236635,0.969135802469136,0.233038348082596,0.449163127654259,1,
0.304632340278974,0.203505696757231,0.448227797690163,0.266167460857726,0.32075943042718,1,
0.493542276562769,0.474846625766871,0.742731979291119,0.518947129566599,0.414439170622033,1,
0.280867918029964,0.184750219106047,0.249502190362405,0.630587701384162,0.639020734449163,1,
0.446357843981402,0.337773882559159,0.639784946236559,0.6761969593828,0.668498626030477,1,
0.340623385569141,0.374408413672217,0.192751891676623,0.759927388245972,0.146140394703972,1,
0.33166867573618,0.398948290972831,0.552966945440064,0.495575221238938,0.32075943042718,1,
0.371964869984501,0.44487291849255,0.460175228992433,0.245064669843431,0.32075943042718,1,
0.413983123816084,0.40578439964943,0.699123855037833,0.694576809621057,0.0409692730452161,1,
0.311003960737042,0.260297984224365,0.383114297092792,0.482868164284094,0.152885335998002,1,
0.356294127776821,0.316739702015776,0.727996814018319,0.619922850011346,0.465650761928554,1,
0.482693301188221,0.343558282208589,0.92831541218638,0.216700703426367,0.258556082937797,1,
0.327363526778026,0.388957055214724,0.544006371963361,0.587474472430225,0.201848613539845,1,
0.386430170483899,0.354951796669588,0.776782158502589,0.249149081007488,0.491881089183113,1,
0.500258308937489,0.359158632778265,0.902429311031462,0.22169276151577,0.261803647264552,1,
0.378680902359222,0.294127957931639,0.434289127837515,0.681642840934876,0.663252560579565,1,
0.384363698983985,0.698334794040316,0.261449621664675,0.460630814613115,0.495128653509868,1,
0.36214913035991,0.119018404907975,0.776583034647551,0.201497617426821,0.528603547339495,1,
0.314275873945238,0.371779141104295,0.494424532058941,0.819378261856138,0.32075943042718,1,
0.252281728947822,0.108326029798422,0.112504978096376,0.101202632176084,0.175868098925806,1,
0.306698811778888,0.29079754601227,0.447431302270012,0.200136147038802,0.80114913814639,1,
0.333218529361116,0.35056967572305,0.56710473914775,0.660993873383254,0.170871846115413,1,
0.377647666609265,0.622261174408414,0.603743528474711,0.672793283412752,0.210342243317512,1,
0.357155157568452,0.784399649430324,0.662086818000797,0.479691400045382,0.277292030976767,1,
0.359566040985018,0.333742331288344,0.510951812027081,0.708191513501248,0.595553334998751,1,
0.346133976235578,0.31954425942156,0.641975308641975,0.743589743589744,0.761928553584811,1,
0.339417943860858,0.344960560911481,0.523297491039426,0.876786929884275,0.0549587809143143,1,
0.434820044773549,0.610517090271692,0.563520509757069,0.649421375085092,0.21184111916063,1,
0.40072326502497,0.752673093777388,0.254082039028276,0.604265940549126,0.251061703722208,1,
0.341656621319098,0.394390885188431,0.496814018319395,0.510324483775811,0.539095678241319,1,
0.328052350611331,0.294127957931639,0.190561529271207,0.72498298162015,0.087184611541344,1,
0.490270363354572,0.337423312883436,0.704898446833931,0.503063308373043,0.259055708218836,1,
0.42534871706561,0.636459246275197,0.568498606133015,0.532108009984116,0.559830127404447,1,
0.349233683485449,0.433128834355828,0.536638789326961,0.793056501021103,0.144891331501374,1,
0.532460823144481,0.57581069237511,0.542612504978096,0.498298162014976,0.587809143142643,1,
0.345272946443947,0.337598597721297,0.527479091995221,0.794644883140458,0.161878591056707,1,
0.469950060272085,0.521998247151621,0.725607327757865,0.500567279328341,0.26904821383962,1,
0.495092130187704,0.444347063978966,0.823775388291517,0.252325845246199,0.24981264051961,1,
0.339590149819184,0.376511831726556,0.694942254082039,0.560698888132516,0.226580064951287,1,
0.364732219734803,0.334268185801928,0.706093189964158,0.610165645563876,0.126904821383962,1,
0.319269846736697,0.345311130587204,0.545400238948626,0.823462673020195,0.116412690482138,1,
0.501635956604099,0.354776511831727,0.722819593787336,0.638529611980939,0.482388208843367,1,
0.336146030652661,0.341805433829974,0.697530864197531,0.206489675516224,0.855608293779665,1,
0.32495264336146,0.306573181419807,0.441258462763839,0.676423871114137,0.133899575318511,1,
0.467366970897193,0.318843120070114,0.713659896455595,0.550941683685046,0.260804396702473,1,
0.426037540898915,0.415249780893953,0.774392672242134,0.210800998411618,0.519610292280789,1,
0.322886171861546,0.328659070990359,0.213659896455595,0.112775130474245,0.579815138646015,1,
0.449629757189599,0.414022787028922,0.485065710872162,0.542092126162923,0.527354484136897,1,
0.30928190115378,0.319894829097283,0.530266825965751,0.551395507147719,0.32075943042718,1,
0.465644911313931,0.324978089395267,0.683193946634807,0.790787383707738,0.50012490632026,1,
0.340795591527467,0.611393514460999,0.53126244524094,0.603812117086453,0.227079690232326,1,
0.500774926812468,0.528483786152498,0.260055754679411,0.300658044020876,0.276292780414689,1,
0.379369726192526,0.375109553023663,0.730187176423736,0.533923303834808,0.719710217336997,1,
0.317719993111762,0.414022787028922,0.488450816407806,0.651236668935784,0.32075943042718,1,
0.398312381608404,0.419106047326906,0.736758263639984,0.232584524619923,0.245316012990257,1,
0.309798519028758,0.370902716914987,0.197132616487455,0.762877240753347,0.170372220834374,1,
0.404856208024798,0.70692375109553,0.541019514137794,0.563648740639891,0.240819385460904,1,
0.34647838815223,0.346187554776512,0.435483870967742,0.613569321533923,0.479140644516613,1,
0.434303426898571,0.496932515337423,0.536240541616886,0.656455638756524,0.694728953285036,1,
0.202686412949888,0.100964066608238,0.193548387096774,0.226457907873837,0.646515113664751,1,
0.440330635439986,0.465907099035933,0.779569892473118,0.235080553664624,0.255058705970522,1,
0.352677802651972,0.338124452234882,0.8584229390681,0.189017472203313,0.499125655758181,1,
0.323402789736525,0.28501314636284,0.465750696933493,0.613569321533923,0.579815138646015,1,
0.40072326502497,0.385276073619632,0.759657506969335,0.236215112321307,0.224831376467649,1,
0.323058377819873,0.315337423312883,0.746913580246914,0.226457907873837,0.32075943042718,1,
0.364560013776477,0.331989482909728,0.54320987654321,0.629680054458815,0.32075943042718,1,
0.342173239194076,0.38737949167397,0.539625647152529,0.549807125028364,0.32075943042718,1,
0.382297227484071,0.299211218229623,0.469534050179211,0.730655774903562,0.569822633025231,1,
0.36352677802652,0.378790534618756,0.526284348864994,0.678466076696165,0.32075943042718,1,
0.321680730153263,0.356003505696757,0.513938669852648,0.646471522577717,0.714963777167125,1,
0.315481315653522,0.327782646801052,0.584229390681004,0.721806217381439,0.183112665500874,1,
0.516445669020148,0.448028045574058,0.546395858223815,0.496709779895621,0.703722208343742,1,
0.345617358360599,0.320070113935145,0.631819992035046,0.712049012933969,0.765176117911566,1,
0.372825899776132,0.441717791411043,0.648347272003186,0.710460630814613,0.148888333749688,1,
0.352333390735319,0.324802804557406,0.655714854639586,0.629906966190152,0.789407944041969,1,
0.316170139486826,0.366871165644172,0.246714456391876,0.869071931018834,0.32075943042718,1,
0.280179094196659,0.188781770376862,0.274392672242135,0.707964601769911,0.0249812640519611,1,
0.364732219734803,0.367046450482033,0.436280366387893,0.700703426367143,0.159130652010992,1,
0.272429826071982,0.319719544259422,0.522301871764237,0.75425459496256,0.126904821383962,1,
0.342345445152402,0.357931638913234,0.573874950219036,0.551395507147719,0.32075943042718,1,
0.395384880316859,0.265381244522349,0.676821983273596,0.554572271386431,0.178616037971521,1,
0.408644739107973,0.337072743207713,0.492433293508562,0.840481052870433,0.182613040219835,1,
0.315309109695195,0.278702892199825,0.415969733174034,0.27115951894713,0.517112165875593,1,
0.38591355260892,0.608588957055215,0.251095181202708,0.307011572498298,0.285535848113915,1,
0.546926123643878,0.570727432077125,0.666467542811629,0.290673927842069,0.290282288283787,1,
0.399690029275013,0.308501314636284,0.673038630027877,0.521896982073973,0.500374718960779,1,
0.38815223006716,0.461875547765118,0.781162883313421,0.583390061266167,0.571071696227829,1,
0.438952987773377,0.572304995617879,0.524691358024691,0.647832992965736,0.209342992755433,1,
0.312381608403651,0.320420683610868,0.549980087614496,0.558883594281824,0.190856857356982,1,
0.385396934733942,0.425942156003506,0.677817602548785,0.243249375992739,0.254059455408444,1,
0.318408816945066,0.326555652936021,0.550378335324572,0.769003857499433,0.165126155383462,1,
