540,5,2,
0.315136903736869,0.330762489044698,0.637196336121067,0.6619015203086,0.213339995003747,0,
0.239882899948338,0.0304995617879053,0.243329350856233,0.295892897662809,0.283037721708718,0,
0.324436025486482,0.451007887817704,0.711668657905217,0.245518493306104,0.268298775918061,0,
0.311864990528672,0.330411919368975,0.633612106730386,0.82051282051282,0.155383462403198,0,
0.817289478215946,0.403856266432954,0.31800079649542,0.390968913092807,0.382213339995004,0,
0.307387635612192,0.284487291849255,0.421744324970131,0.484002722940776,0.32075943042718,0,
0.534182882727742,0.482559158632778,0.456989247311828,0.325845246199229,0.298775918061454,0,
0.324608231444808,0.310955302366345,0.617483074472322,0.720671658724756,0.162877841618786,0,
0.463234027897365,0.6988606485539,0.282755874153724,0.321533923303835,0.357731701224082,0,
0.798346822800069,0.370727432077125,0.337514934289128,0.379850238257318,0.335998001498876,0,
0.599621146891682,0.370376862401402,0.332935085623258,0.384842296346721,0.340994254309268,0,
0.341484415360771,0.409290096406661,0.800079649542015,0.155661447696846,0.32075943042718,0,
0.907180988462201,0.181770376862401,0.39426523297491,0.34263671431813,0.309767674244317,0,
0.378336490442569,0.685889570552147,0.247311827956989,0.425005672793283,0.27579315513365,0,
0.332529705527811,0.627169149868536,0.272003185981681,0.431813024733379,0.274793904571571,0,
0.842431548131565,0.350920245398773,0.524890481879729,0.312911277513047,0.300024981264052,0,
0.460823144480799,0.703943908851884,0.511748307447232,0.552303154073066,0.255058705970522,0,
0.329774410194593,0.328834355828221,0.569494225408204,0.751758565917858,0.32075943042718,0,
0.496469777854314,0.558106923751096,0.310434090003982,0.33287950987066,0.344491631276543,0,
0.261580850697434,0.346362839614373,0.65989645559538,0.16972997503971,0.21808643517362,0,
0.589288789392113,0.323225241016652,0.821983273596177,0.225777172679828,0.266300274793905,0,
0.368004132943,0.330937773882559,0.624651533253684,0.769684592693442,0.192855358481139,0,
0.741518856552437,0.449605609114812,0.437275985663082,0.55593374177445,0.268298775918061,0,
0.380402961942483,0.302541630148992,0.49542015133413,0.323349217154527,0.32075943042718,0,
0.275185121405201,0.136371603856266,0.130426125049781,0.0503744043567052,0.162628028978266,0,
0.373859135526089,0.696932515337423,0.246117084826762,0.690719310188337,0.199350487134649,0,
0.516962286895126,0.651358457493427,0.292114695340502,0.322668481960517,0.376967274544092,0,
0.341140003444119,0.384574934268186,0.745917960971724,0.239618788291355,0.32075943042718,0,
0.314275873945238,0.287116564417178,0.456192751891677,0.500113455865668,0.106669997501874,0,
0.467194764938867,0.543207712532866,0.298486658701712,0.405491263898344,0.354983762178366,0,
0.33166867573618,0.350394390885188,0.641776184786937,0.770365327887452,0.32075943042718,0,
0.308593077320475,0.31603856266433,0.426921545201115,0.47333787156796,0.570072445665751,0,
0.87807818150508,0.333742331288344,0.33452807646356,0.340821420467438,0.309018236322758,0,
0.482521095229895,0.719894829097283,0.275786539227399,0.312230542319038,0.287034723957032,0,
0.541759944894093,0.47817703768624,0.307248108323377,0.331744951213978,0.350736947289533,0,
0.417599448940933,0.682383873794917,0.259856630824373,0.314499659632403,0.32075943042718,0,
0.445324608231445,0.567922874671341,0.297889287136599,0.402995234853642,0.289283037721709,0,
0.332013087652833,0.313234005258545,0.687176423735564,0.649648286816428,0.498626030477142,0,
0.372653693817806,0.765644171779141,0.254082039028276,0.303834808259587,0.283287534349238,0,
0.332013087652833,0.315162138475022,0.690959776981282,0.62741093714545,0.496877341993505,0,
0.328396762527983,0.360385626643295,0.57447232178415,0.687315634218289,0.203597302023482,0,
0.434131220940244,0.580368098159509,0.282357626443648,0.325391422736555,0.360479640269798,0,
0.898398484587567,0.346538124452235,0.437873357228196,0.47787610619469,0.287784161878591,0,
0.370759428276218,0.529535495179667,0.659697331740342,0.510097572044475,0.32075943042718,0,
0.51007404856208,0.599474145486415,0.280565511748307,0.407079646017699,0.362228328753435,0,
0.923023936628207,0.306748466257669,0.434090003982477,0.440889493986839,0.293280039970022,0,
0.332013087652833,0.380718667835232,0.740740740740741,0.231676877694577,0.247314514114414,0,
0.308593077320475,0.334092900964067,0.485862206292314,0.550487860222374,0.32075943042718,0,
0.334940588944377,0.605083260297984,0.564516129032258,0.470841842523259,0.259055708218836,0,
0.465128293438953,0.493952673093777,0.318199920350458,0.33741774449739,0.344491631276543,0,
0.341656621319098,0.47467134092901,0.302070888092393,0.325391422736555,0.349737696727454,0,
0.563974513518168,0.51726555652936,0.517921146953405,0.449058316314954,0.419185610791906,0,
0.403134148441536,0.758106923751096,0.25826363998407,0.312457454050374,0.284786410192356,0,
0.379369726192526,0.702541630148992,0.240740740740741,0.295665985931473,0.276292780414689,0,
0.305837781987257,0.306748466257669,0.589605734767025,0.781257090991604,0.32075943042718,0,
0.316514551403479,0.292199824715162,0.452807646356033,0.655547991831178,0.32075943042718,0,
0.611503358016187,0.276248904469763,0.348665870171246,0.380757885182664,0.302273295028728,0,
0.405889443774755,0.318492550394391,0.524691358024691,0.814386203766735,0.180614539095678,0,
0.404339590149819,0.844171779141104,0.25547590601354,0.436805082822782,0.388958281289033,0,
0.355777509901843,0.535319894829097,0.527877339705297,0.446335375538915,0.270297277042218,0,
0.309970724987085,0.278352322524102,0.427319792911191,0.673020195144089,0.777666749937547,0,
0.691234716721199,0.350744960560911,0.344882516925528,0.345359655094168,0.332750437172121,0,
0.507663165145514,0.75863277826468,0.277379530067702,0.319945541184479,0.28878341244067,0,
0.32495264336146,0.363014899211218,0.53584229390681,0.644656228727025,0.176367724206845,0,
0.411055622524539,0.631726555652936,0.655515730784548,0.278420694349898,0.279040719460405,0,
0.358877217151713,0.530762489044698,0.814615690959777,0.213297027456319,0.32075943042718,0,
0.331152057861202,0.301840490797546,0.442453205894066,0.632856818697527,0.666999750187359,0,
0.545204064060617,0.394566170026293,0.328753484667463,0.342182890855457,0.33974519110667,0,
0.494058894437747,0.684662576687117,0.257666268418957,0.523031540730656,0.442667999000749,0,
0.310315136903737,0.337072743207713,0.482676224611708,0.549807125028364,0.520609542842868,0,
0.322369553986568,0.399649430324277,0.771405814416567,0.182437031994554,0.177866600049963,0,
0.761666953676597,0.334794040315513,0.419553962564715,0.34263671431813,0.342992755433425,0,
0.333218529361116,0.43908851884312,0.868180007964954,0.194236442024053,0.616537596802398,0,
0.580161873600826,0.551971954425942,0.296495420151334,0.332425686407987,0.297277042218336,0,
0.307732047528844,0.307099035933392,0.582437275985663,0.793510324483776,0.32075943042718,0,
0.471155501980368,0.589833479404032,0.29410593389088,0.329929657363286,0.345490881838621,0,
0.355088686068538,0.656967572304996,0.263639984070092,0.294304515543454,0.272545590806895,0,
0.679352505596694,0.427169149868536,0.333333333333333,0.383707737690039,0.306270297277042,0,
0.351472360943689,0.803330411919369,0.251294305057746,0.426820966643976,0.369223082687984,0,
0.345445152402273,0.408588957055215,0.949820788530466,0.148173360562741,0.32075943042718,0,
0.411227828482865,0.483786152497809,0.534249303066507,0.293169956886771,0.362977766674994,0,
0.369726192526261,0.412795793163891,0.752289924332935,0.185386884501929,0.219335498376218,0,
0.45496814189771,0.562138475021911,0.597769812823576,0.521896982073973,0.501873594803897,0,
0.304115722403995,0.284312007011393,0.431700517722023,0.21783526208305,0.32075943042718,0,
0.339073531944205,0.495004382120947,0.804460374352847,0.19378261856138,0.462153384961279,0,
0.403306354399862,0.584925503943909,0.683990442054958,0.269117313365101,0.32075943042718,0,
0.354399862235233,0.550219106047327,0.599761051373955,0.458815520762423,0.273544841368973,0,
0.471327707938695,0.654163014899211,0.289725209080048,0.322441570229181,0.295528353734699,0,
0.831065954882039,0.317090271691499,0.409199522102748,0.326752893124575,0.451661254059455,0,
0.417771654899259,0.411919368974584,0.433492632417364,0.336056274109371,0.337996502623033,0,
0.402789736524884,0.775985977212971,0.271007566706491,0.316541865214432,0.289033225081189,0,
0.408989151024625,0.743558282208589,0.561330147351653,0.452461992285001,0.276542593055209,0,
0.476493886688479,0.732865907099036,0.276782158502589,0.314499659632403,0.28853359980015,0,
0.360771482693301,0.392813321647678,0.866786140979689,0.17426820966644,0.242318261304022,0,
0.408300327191321,0.502191060473269,0.296495420151334,0.402087587928296,0.28853359980015,0,
0.337351472360944,0.359684487291849,0.534249303066507,0.606535057862492,0.32075943042718,0,
0.805235061133115,0.485363716038563,0.428514536041418,0.327206716587248,0.300024981264052,0,
0.347683829860513,0.676950043821209,0.269215452011151,0.455865668255049,0.284286784911317,0,
0.337868090235922,0.360385626643295,0.530067702110713,0.750850918992512,0.32075943042718,0,
0.350611331152058,0.437686240140228,0.68657905217045,0.53641933287951,0.223332500624532,0,
0.832099190631996,0.330236634531113,0.336320191158901,0.399591558883594,0.304271796152885,0,
0.732908558636129,0.358457493426819,0.436678614097969,0.339459950079419,0.305021234074444,0,
0.375236783192698,0.621560035056968,0.776383910792513,0.239845700022691,0.259055708218836,0,
0.359738246943344,0.665030674846626,0.521306252489048,0.514862718402541,0.620534599050712,0,
0.702083692095747,0.346538124452235,0.338709677419355,0.34263671431813,0.332500624531601,0,
0.321336318236611,0.335845749342682,0.479888490641179,0.830496936691627,0.128653509867599,0,
0.489237127604615,0.726205083260298,0.278574273197929,0.433628318584071,0.32075943042718,0,
0.824177716548993,0.440841367221735,0.466746316208682,0.446789199001588,0.389208093929553,0,
0.357843981401756,0.527256792287467,0.738749502190362,0.589516678012253,0.554833874594054,0,
0.461856380230756,0.607011393514461,0.282755874153724,0.324483775811209,0.294529103172621,0,
0.779576373342518,0.377212971078002,0.422341696535245,0.417063762196506,0.483887084686485,0,
0.4423971069399,0.58965819456617,0.270609318996416,0.318810982527797,0.29502872845366,0,
0.620285861890821,0.392287467134093,0.433492632417364,0.401633764465623,0.247564326754934,0,
0.728431203719649,0.195617879053462,0.405416168857029,0.393238030406172,0.306270297277042,0,
0.781987256759084,0.293251533742331,0.417363600159299,0.393691853868845,0.30102423182613,0,
0.513862579645256,0.745661700262927,0.266427718040621,0.304061719990924,0.267549337996503,0,
0.308937489237128,0.321647677475898,0.583432895260852,0.828681642840935,0.123657257057207,0,
0.407955915274668,0.591411042944785,0.539625647152529,0.302473337871568,0.289782663002748,0,
0.303771310487343,0.281507449605609,0.43110314615691,0.221012026321761,0.85236072945291,0,
0.394696056483554,0.628396143733567,0.274990043807248,0.425686407987293,0.26305271046715,0,
0.333735147236094,0.515687992988606,0.605933890880127,0.248241434082142,0.32075943042718,0,
0.322369553986568,0.3011393514461,0.490442054958184,0.743135920127071,0.32075943042718,0,
0.341484415360771,0.469062226117441,0.469534050179211,0.312684365781711,0.291031726205346,0,
0.60513173755812,0.449956178790535,0.316407805655117,0.388019060585432,0.343992005995503,0,
0.419493714482521,0.705872042068361,0.266228594185583,0.416609938733833,0.265800649512865,0,
0.603065266058206,0.382471516213848,0.632417363600159,0.551849330610393,0.451911066699975,0,
0.307387635612192,0.293251533742331,0.482875348466746,0.461765373269798,0.32075943042718,0,
0.640606164973308,0.340403155127081,0.343090402230187,0.376673474018607,0.334249313015239,0,
0.339417943860858,0.458019281332165,0.821983273596177,0.199455411844792,0.32075943042718,0,
0.712416049595316,0.411042944785276,0.307048984468339,0.400045382346267,0.370721958531102,0,
0.338556914069227,0.377212971078002,0.857626443647949,0.239164964828682,0.241069198101424,0,
0.562252453934906,0.319368974583699,0.387495021903624,0.383707737690039,0.27579315513365,0,
0.315825727570174,0.346713409290096,0.668857029072083,0.839800317676424,0.32075943042718,0,
0.315309109695195,0.340753724802805,0.47152528872959,0.562287270251872,0.32075943042718,0,
0.618047184432581,0.409465381244522,0.458383114297093,0.441797140912185,0.276042967774169,0,
0.355605303943516,0.308501314636284,0.541019514137794,0.807805763557976,0.187109667749188,0,
0.416566213190976,0.857142857142857,0.221027479091995,0.435670524166099,0.285535848113915,0,
0.418288272774238,0.592813321647678,0.276184786937475,0.317222600408441,0.361978516112915,0,
0.887549509213019,0.342156003505697,0.557745917960972,0.305423190378943,0.298276292780415,0,
0.818322713965903,0.326555652936021,0.410792512943051,0.321307011572498,0.440669497876593,0,
0.807645944549681,0.286765994741455,0.332337714058144,0.319945541184479,0.28828378715963,0,
0.467883588772171,0.416652059596845,0.413978494623656,0.404583616972998,0.298526105420934,0,
0.428620630273807,0.712708150744961,0.253484667463162,0.645790787383708,0.241319010741944,0,
0.309798519028758,0.277826468010517,0.429111907606531,0.674381665532108,0.779915063702223,0,
0.275012915446874,0.3954425942156,0.713859020310633,0.572725209893352,0.214838870846865,0,
0.412949888066127,0.754951796669588,0.527479091995221,0.289085545722714,0.281289033225081,0,
0.484587566729809,0.633128834355828,0.281561131023497,0.419105967778534,0.571071696227829,0,
0.518856552436714,0.448553900087642,0.449223416965352,0.443839346494214,0.223082687984012,0,
0.42672636473222,0.414548641542507,0.543010752688172,0.286816428409349,0.279790157381964,0,
0.338384708110901,0.524627519719544,0.512943050577459,0.442704787837531,0.32075943042718,0,
0.648355433097985,0.355828220858896,0.332536837913182,0.340821420467438,0.331001748688484,0,
0.346650594110556,0.454864154250657,0.930904022301872,0.167914681189017,0.209592805395953,0,
0.717410022386775,0.369325153374233,0.435483870967742,0.331971862945314,0.305770671996003,0,
0.326674702944722,0.382997370727432,0.746117084826762,0.678692988427502,0.200849362977767,0,
0.577406578267608,0.36091148115688,0.344086021505376,0.373496709779896,0.332500624531601,0,
0.474083003271913,0.619106047326906,0.287534846674632,0.317222600408441,0.291281538845866,0,
0.350094713277079,0.520946538124452,0.668259657506969,0.503517131835716,0.32075943042718,0,
0.31823661098674,0.290271691498685,0.454400637196336,0.192648059904697,0.69897576817387,0,
0.606853797141381,0.337248028045574,0.397451214655516,0.385296119809394,0.350986759930052,0,
0.373859135526089,0.456792287467134,0.776383910792513,0.227365554799183,0.226330252310767,0,
0.485620802479766,0.512883435582822,0.464954201513341,0.433401406852734,0.252060954284287,0,
0.559497158601687,0.648028045574058,0.291119076065313,0.407533469480372,0.469647764176867,0,
0.317547787153435,0.385977212971078,0.7610513739546,0.614476968459269,0.187359480389708,0,
0.351300154985362,0.449605609114812,0.584826762246117,0.460857726344452,0.184861353984512,0,
0.565696573101429,0.470990359333918,0.321784149741139,0.385296119809394,0.353734698975768,0,
0.794041673841915,0.36319018404908,0.329549980087614,0.418652144315861,0.297526854858856,0,
0.484759772688135,0.628921998247152,0.29410593389088,0.421148173360563,0.28178865850612,0,
0.384191493025659,0.586327782646801,0.824571883711669,0.229861583843885,0.248063952035973,0,
0.703461339762356,0.339000876424189,0.341099163679809,0.381892443839347,0.30751936047964,0,
0.496125365937661,0.461349693251534,0.502190362405416,0.769230769230769,0.196102922807894,0,
0.515584639228517,0.441893076248904,0.320191158900836,0.384615384615385,0.344491631276543,0,
0.351300154985362,0.307624890446976,0.702110712863401,0.639210347174949,0.575068698476143,0,
0.340623385569141,0.343382997370727,0.582636399840701,0.686181075561607,0.164876342742943,0,
0.327019114861374,0.328659070990359,0.802668259657507,0.21783526208305,0.401698725955533,0,
0.317892199070088,0.367747589833479,0.676224611708483,0.771272974812798,0.32075943042718,0,
0.527466850353022,0.477300613496932,0.302469135802469,0.329929657363286,0.338995753185111,0,
0.342862063027381,0.351446099912358,0.651334129828753,0.835262083049694,0.184361728703472,0,
0.362321336318237,0.588080631025416,0.291716447630426,0.318810982527797,0.296777416937297,0,
0.332185293611159,0.428571428571429,0.727200318598168,0.232811436351259,0.32075943042718,0,
0.488031685896332,0.517966695880806,0.575069693349263,0.449512139777627,0.470896827379465,0,
0.313931462028586,0.335319894829097,0.532058940661091,0.925119128658952,0.12165875593305,0,
0.413983123816084,0.401928133216477,0.310832337714058,0.391876560018153,0.296527604296777,0,
0.375925607026003,0.615950920245399,0.662485065710872,0.496255956432948,0.257057207094679,0,
0.339417943860858,0.412094653812445,0.899442453205894,0.164964828681643,0.484636522608044,0,
0.205958326158085,0.574583698510079,0.527877339705297,0.2952121624688,0.277042218336248,0,
0.883244360254865,0.390008764241893,0.326762246117085,0.390288177898797,0.407944041968524,0,
0.535732736352678,0.584925503943909,0.297491039426523,0.329702745631949,0.350736947289533,0,
0.757189598760117,0.193865030674847,0.394663480684986,0.379396414794645,0.340244816387709,0,
0.693473394179439,0.610517090271692,0.30884109916368,0.326525981393238,0.299775168623532,0,
0.424659893232306,0.739526730937774,0.253882915173238,0.304515543453597,0.286784911316513,0,
0.338212502152574,0.33444347063979,0.530266825965751,0.228273201724529,0.812140894329253,0,
0.917685551920096,0.411042944785276,0.334328952608522,0.34785568413887,0.310267299525356,0,
0.423626657482349,0.680631025416301,0.230187176423736,0.308599954617654,0.358231326505121,0,
0.525744790769761,0.772129710780017,0.536638789326961,0.437712729748128,0.32075943042718,0,
0.387980024108834,0.744960560911481,0.277976901632816,0.309961425005673,0.368223832125906,0,
0.336662648527639,0.407887817703769,0.782357626443648,0.141139096891309,0.229577816637522,0,
0.35457206819356,0.331814198071867,0.633412982875348,0.521896982073973,0.530102423182613,0,
0.461856380230756,0.702366345311131,0.248705694942254,0.418879056047198,0.362727954034474,0,
0.352505596693646,0.317966695880806,0.741138988450816,0.653278874517813,0.49387959030727,0,
0.57551231272602,0.442243645924627,0.446435682994823,0.325164511005219,0.216837371971022,0,
0.61270879972447,0.563014899211218,0.280167264038232,0.398230088495575,0.265550836872346,0,
0.719648699845015,0.340578439964943,0.343090402230187,0.344225096437486,0.309767674244317,0,
0.399173411400034,0.410692375109553,0.796694544006372,0.267755842977082,0.453909567824132,0,
0.273118649905287,0.19649430324277,0.287534846674632,0.236895847515317,0.32075943042718,0,
0.342345445152402,0.512357581069238,0.554161688570291,0.452461992285001,0.277292030976767,0,
0.459101084897537,0.632778264680105,0.485862206292314,0.689130928068981,0.213090182363228,0,
0.391424143275357,0.68045574057844,0.666268418956591,0.461311549807125,0.273295028728454,0,
0.34871706561047,0.373882559158633,0.853046594982079,0.645110052189698,0.206345241069198,0,
0.598071293266747,0.519018404907975,0.308044603743528,0.331291127751305,0.346989757681739,0,
0.380230755984157,0.583698510078878,0.496415770609319,0.42069434989789,0.379965026230327,0,
0.347856035818839,0.73794916739702,0.277777777777778,0.309734513274336,0.286035473394954,0,
0.333735147236094,0.312182296231376,0.679410593389088,0.671885636487406,0.49362977766675,0,
0.740657826760806,0.306573181419807,0.334328952608522,0.340594508736102,0.350487134649013,0,
0.311348372653694,0.284837861524978,0.45679012345679,0.779441797140912,0.608543592305771,0,
0.3271913208197,0.472217353198948,0.680007964954201,0.240072611754028,0.271796152885336,0,
0.421732391940761,0.4965819456617,0.299084030266826,0.332652598139324,0.340494629028229,0,
0.357843981401756,0.618755477651183,0.677021107128634,0.53641933287951,0.235823132650512,0,
0.393318408816945,0.63558282208589,0.479689366786141,0.436805082822782,0.284786410192356,0,
0.643878078181505,0.447502191060473,0.46415770609319,0.438166553210801,0.287034723957032,0,
0.499913897020837,0.558457493426819,0.457785742731979,0.504197867029725,0.48713464901324,0,
0.366798691234717,0.814548641542507,0.247710075667065,0.30428863172226,0.283037721708718,0,
0.831582572757017,0.287116564417178,0.644763042612505,0.280009076469253,0.28828378715963,0,
0.88841053900465,0.316389132340053,0.336121067303863,0.383253914227366,0.339245565825631,0,
0.330291028069571,0.434005258545136,0.897252090800478,0.194463353755389,0.214339245565826,0,
0.402100912691579,0.838913234005258,0.258462763839108,0.292716133424098,0.40369722707969,0,
0.832271396590322,0.347589833479404,0.399044205495818,0.385296119809394,0.304021983512366,0,
0.309626313070432,0.291323400525854,0.46415770609319,0.694122986158384,0.32075943042718,0,
0.332357499569485,0.539176161262051,0.284348864994026,0.435897435897436,0.290781913564826,0,
0.737213707594283,0.361437335670464,0.430904022301872,0.340594508736102,0.337496877341994,0,
0.724987084553125,0.418930762489045,0.532656312226205,0.52212389380531,0.268298775918061,0,
0.365937661443086,0.484837861524978,0.447431302270012,0.421148173360563,0.32075943042718,0,
0.82607198209058,0.33339176161262,0.408403026682597,0.421148173360563,0.30127404446665,0,
0.621491303599105,0.675021910604733,0.279769016328156,0.442931699568868,0.271546340244816,0,
0.415016359566041,0.626993865030675,0.505973715651135,0.420467438166553,0.291531351486385,0,
0.313242638195282,0.344609991235758,0.46873755475906,0.483321987746766,0.885585810642018,0,
0.678319269846737,0.388606485539001,0.433492632417364,0.414340821420467,0.459655258556083,0,
0.312726020320303,0.302541630148992,0.460573476702509,0.617199909235307,0.32075943042718,0,
0.485965214396418,0.676424189307625,0.291716447630426,0.322895393691854,0.388708468648514,0,
0.56431892543482,0.517616126205083,0.518319394663481,0.44928522804629,0.419185610791906,0,
0.340795591527467,0.536722173531989,0.563321385902031,0.459269344225096,0.273544841368973,0,
0.311692784570346,0.306397896581946,0.509358821186778,0.298615838438847,0.32075943042718,0,
0.338212502152574,0.419106047326906,0.77757865392274,0.216473791695031,0.244566575068699,0,
0.476493886688479,0.619807186678352,0.296097172441258,0.326525981393238,0.347239570322258,0,
0.421732391940761,0.679228746713409,0.471127041019514,0.665759019741321,0.238071446415189,0,
0.619252626140864,0.346187554776512,0.404221425726802,0.390061266167461,0.302772920309768,0,
0.847425520923024,0.32182296231376,0.332935085623258,0.395053324256864,0.305770671996003,0,
0.518684346478388,0.448553900087642,0.449223416965352,0.443839346494214,0.223082687984012,0,
0.416910625107629,0.320595968448729,0.536439665471923,0.817562968005446,0.180114913814639,0,
0.31152057861202,0.299386503067485,0.493628036638789,0.29906966190152,0.201348988258806,0,
0.317031169278457,0.421735319894829,0.623456790123457,0.281370546857273,0.279290532100924,0,
0.414671947649389,0.621910604732691,0.254480286738351,0.316088041751759,0.32075943042718,0,
0.502669192354055,0.585801928133217,0.279968140183194,0.316314953483095,0.359730202348239,0,
0.457723437230928,0.517791411042945,0.302867383512545,0.402541411390969,0.298526105420934,0,
0.365248837609781,0.417528483786152,0.821983273596177,0.234626730201951,0.406694978765926,0,
0.837437575340107,0.18615249780894,0.384309040223019,0.380530973451327,0.299275543342493,0,
0.3903909075254,0.552322524101665,0.589008363201912,0.437485818016791,0.32075943042718,0,
0.799724470466678,0.427344434706398,0.436678614097969,0.417290673927842,0.39770172370722,0,
0.36214913035991,0.548641542506573,0.59557945041816,0.475833900612662,0.263552335748189,0,
0.485276390563113,0.675723049956179,0.293906810035842,0.324483775811209,0.367974019485386,0,
0.335973824694334,0.419631901840491,0.451214655515731,0.465849784433855,0.431676242817887,0,
0.313587050111934,0.287116564417178,0.480087614496217,0.807578851826639,0.157881588808394,0,
0.418460478732564,0.745836985100789,0.264237355635205,0.315861130020422,0.287534349238071,0,
0.338901325985879,0.611919368974584,0.560334528076464,0.501701837985024,0.32075943042718,0,
0.372653693817806,0.546713409290096,0.796296296296296,0.241434082142047,0.239070696977267,0,
0.376614430859308,0.665030674846626,0.277777777777778,0.310415248468346,0.290532100924307,0,
0.356638539693473,0.639964943032428,0.272202309836718,0.320626276378489,0.300024981264052,0,
0.474427415188565,0.440315512708151,0.421346077260056,0.400045382346267,0.285535848113915,0,
0.7992078525917,0.347765118317266,0.660294703305456,0.283639664170638,0.290032475643268,0,
0.469950060272085,0.56441717791411,0.494026284348865,0.26072157930565,0.60929303022733,0,
0.379714138109179,0.570727432077125,0.850457984866587,0.216700703426367,0.240569572820385,0,
0.401928706733253,0.767221735319895,0.245519713261649,0.557522123893805,0.238571071696228,0,
0.795247115550198,0.406836108676599,0.511350059737157,0.325164511005219,0.30102423182613,0,
0.421043568107456,0.727081507449606,0.26284348864994,0.302246426140231,0.541593804646515,0,
0.309109695195454,0.304995617879053,0.435085623257666,0.482187429090084,0.32075943042718,0,
0.397279145858447,0.718667835232252,0.293707686180804,0.320626276378489,0.356982263302523,0,
0.333218529361116,0.324978089395267,0.438868976503385,0.568640798729294,0.55783162628029,0,
0.663509557430687,0.430148992112182,0.434488251692553,0.334921715452689,0.305271046714964,0,
0.323919407611503,0.43102541630149,0.768817204301075,0.231676877694577,0.32075943042718,0,
1,0.339000876424189,0.341696535244922,0.348082595870207,0.312515613290032,0,
0.473738591355261,0.59421560035057,0.277976901632816,0.411164057181756,0.287784161878591,0,
0.488892715687963,0.384399649430324,0.410394265232975,0.380530973451327,0.340994254309268,0,
0.342345445152402,0.571078001752848,0.744524093986459,0.218515997277059,0.32075943042718,0,
0.382813845359049,0.585276073619632,0.483273596176822,0.442931699568868,0.2433175118661,0,
0.763389013259859,0.319018404907975,0.339904420549582,0.377354209212616,0.310517112165876,0,
0.3159979335285,0.338825591586328,0.630426125049781,0.876106194690266,0.32075943042718,0,
0.33528500086103,0.345661700262927,0.521704500199124,0.748808713410483,0.564826380214839,0,
0.405717237816428,0.489395267309378,0.714655515730784,0.515089630133878,0.257556832375718,0,
0.397451351816773,0.718317265556529,0.276184786937475,0.415248468345813,0.253809642767924,0,
0.517306698811779,0.446275197195443,0.316407805655117,0.385976855003404,0.344241818636023,0,
0.657310142930945,0.521121822962314,0.558542413381123,0.290220104379396,0.28853359980015,0,
0.324608231444808,0.395968448729185,0.820191158900836,0.219877467665078,0.25630776917312,0,
0.366282073359738,0.503067484662577,0.477698128235763,0.314953483095076,0.290032475643268,0,
0.313242638195282,0.284837861524978,0.487853444842692,0.704107102337191,0.554084436672496,0,
0.693645600137765,0.334618755477651,0.341696535244922,0.376219650555934,0.311266550087434,0,
0.33080764594455,0.339351446099912,0.489446435682995,0.519854776491945,0.32075943042718,0,
0.871878767005338,0.335319894829097,0.413978494623656,0.50782845473111,0.275043717212091,0,
0.491303599104529,0.554951796669588,0.311230585424134,0.333333333333333,0.343492380714464,0,
0.442224900981574,0.583523225241017,0.276583034647551,0.412752439301112,0.286535098675993,0,
0.662992939555708,0.298510078878177,0.414974113898845,0.343998184706149,0.32075943042718,0,
0.365076631651455,0.580543382997371,0.288729589804859,0.460403902881779,0.443167624281789,0,
0.320991906319959,0.398422436459246,0.878534448426922,0.207170410710234,0.32075943042718,0,
0.764766660926468,0.395092024539877,0.567901234567901,0.296800544588155,0.291531351486385,0,
0.416221801274324,0.358808063102542,0.861608920748706,0.178579532561833,0.427429427929053,0,
0.578784225934217,0.631901840490798,0.27479091995221,0.456092579986385,0.456657506869848,0,
0.419321508524195,0.784750219106047,0.215651135005974,0.467211254821874,0.368223832125906,0,
0.449801963147925,0.511305872042068,0.307248108323377,0.331291127751305,0.304021983512366,0,
0.373342517651111,0.595617879053462,0.260254878534448,0.313818924438393,0.293779665251062,0,
0.8847942138798,0.308676599474145,0.417761847869375,0.498978897208986,0.281538845865601,0,
0.777509901842604,0.360385626643295,0.333731581043409,0.408668028137055,0.298775918061454,0,
0.540898915102462,0.402629272567923,0.441855834328953,0.418879056047198,0.280039970022483,0,
0.318753228861719,0.409114811568799,0.563719633612107,0.427728613569322,0.32075943042718,0,
0.420182538315826,0.835407537248028,0.266228594185583,0.296119809394146,0.391706220334749,0,
0.357327363526778,0.68045574057844,0.269414575866189,0.417744497390515,0.32075943042718,0,
0.354055450318581,0.798247151621385,0.281959378733572,0.448377581120944,0.524106919810142,0,
0.361115894609953,0.392112182296231,0.644165671047391,0.218969820739732,0.32075943042718,0,
0.439641811606682,0.370376862401402,0.324173636001593,0.343998184706149,0.336247814139395,0,
0.314448079903565,0.290972830850131,0.481879729191557,0.843430905377808,0.123157631776168,0,
0.388668847942139,0.590184049079755,0.551174830744723,0.242795552530066,0.758680989258056,0,
0.318064405028414,0.283260297984224,0.439466348068499,0.569321533923304,0.719210592055958,0,
0.420699156190804,0.333567046450482,0.695937873357228,0.606535057862492,0.469148138895828,0,
0.333390735319442,0.407011393514461,0.460971724412585,0.469707283866576,0.451911066699975,0,
0.659548820389185,0.454513584574934,0.44942254082039,0.468572725209893,0.511616287784162,0,
0.418288272774238,0.626292725679229,0.29410593389088,0.318810982527797,0.292530602048464,0,
0.340623385569141,0.659070990359334,0.583233771405814,0.490356251418198,0.388458656007994,0,
0.542965386602376,0.331113058720421,0.399044205495818,0.392330383480826,0.302523107669248,0,
0.36352677802652,0.690271691498685,0.251294305057746,0.437939641479464,0.280289782663003,0,
0.447391079731359,0.711656441717792,0.287136598964556,0.322214658497844,0.294279290532101,0,
0.783881522300671,0.189307624890447,0.342293906810036,0.344678919900159,0.309268048963278,0,
0.322025142069916,0.313234005258545,0.499203504579849,0.190832766054005,0.32075943042718,0,
0.332357499569485,0.445398773006135,0.744524093986459,0.233945995007942,0.187109667749188,0,
0.26760805923885,0.593689745836985,0.562126642771804,0.458815520762423,0.32075943042718,0,
0.385569140692268,0.751796669588081,0.609119872560733,0.49217154526889,0.260554584061954,0,
0.310315136903737,0.329184925503944,0.466746316208682,0.21715452688904,1,0,
0.330291028069571,0.483610867659947,0.634010354440462,0.266167460857726,0.404946290282288,0,
0.355260892026864,0.302716914986854,0.531859816806053,0.793056501021103,0.165126155383462,0,
0.309798519028758,0.315337423312883,0.574870569494225,0.811663262990697,0.125655758181364,0,
0.501808162562425,0.709903593339176,0.546395858223815,0.430905377808033,0.286285286035473,0,
0.343206474944033,0.533041191936897,0.454798884906412,0.408668028137055,0.296527604296777,0,
0.377819872567591,0.541630148992112,0.610911987256073,0.461765373269798,0.367724206844866,0,
0.325985879111417,0.407186678352323,0.789924332935086,0.162014976174268,0.32075943042718,0,
0.329602204236267,0.483786152497809,0.715651135005974,0.235761288858634,0.32075943042718,0,
0.475460650938522,0.590184049079755,0.251493428912784,0.295892897662809,0.273045216087934,0,
0.382125021525745,0.621034180543383,0.281959378733572,0.319491717721806,0.297027229577817,0,
0.443602548648183,0.800701139351446,0.247510951812027,0.48377581120944,0.402448163877092,0,
0.321164112278285,0.452936021034181,0.815810434090004,0.172679827547084,0.233325006245316,0,
0.768555192009644,0.414723926380368,0.458383114297093,0.512820512820513,0.280039970022483,0,
0.322025142069916,0.405433829973707,0.858622062923138,0.215112321307012,0.32075943042718,0,
0.319614258653349,0.466432953549518,0.593588211867782,0.484910369866122,0.267299525355983,0,
0.507318753228862,0.653637160385627,0.261648745519713,0.317903335602451,0.32075943042718,0,
0.331152057861202,0.42296231375986,0.892273994424532,0.144542772861357,0.32075943042718,0,
0.360254864818323,0.472918492550394,0.871166865790522,0.222600408441116,0.460404696477642,0,
0.366798691234717,0.68624014022787,0.634010354440462,0.274336283185841,0.272045965525856,0,
0.656965731014293,0.306397896581946,0.393667861409797,0.38620376673474,0.283537346989758,0,
0.37248148785948,0.751971954425942,0.237554759060135,0.432266848196052,0.568323757182113,0,
0.464783881522301,0.64364592462752,0.269215452011151,0.67687769457681,0.223082687984012,0,
0.323919407611503,0.316739702015776,0.193349263241736,0.654867256637168,0.185111166625031,0,
0.379025314275874,0.571603856266433,0.285344484269215,0.310869071931019,0.295778166375219,0,
0.338729120027553,0.574057843996494,0.565909996017523,0.486498751985478,0.32075943042718,0,
0.316170139486826,0.292900964066608,0.469334926324174,0.47401860676197,0.611791156632526,0,
0.332529705527811,0.45170902716915,0.748506571087216,0.238484229634672,0.196602548088933,0,
0.339245737902531,0.440140227870289,0.824970131421744,0.220558202859088,0.32075943042718,0,
0.38143619769244,0.755652936021034,0.205097570688969,0.438620376673474,0.270297277042218,0,
0.352677802651972,0.393514460999124,0.831939466348068,0.594054912638983,0.425930552085936,0,
0.381091785775788,0.426292725679229,0.63878932696137,0.277513047424552,0.384961279040719,0,
0.420526950232478,0.765293602103418,0.269215452011151,0.315407306557749,0.367974019485386,0,
0.69295677630446,0.346538124452235,0.340700915969733,0.388472884048105,0.30776917312016,0,
0.251420699156191,0.154425942156004,0.27299880525687,0.571817562968005,0.585061204096927,0,
0.303254692612364,0.271866783523225,0.389088012743927,0.311776718856365,0.32075943042718,0,
0.608575856724643,0.680806310254163,0.300677021107129,0.326299069661902,0.296027979015738,0,
0.724126054761495,0.314811568799299,0.412584627638391,0.379623326525981,0.342992755433425,0,
0.724987084553125,0.194566170026293,0.405416168857029,0.394826412525528,0.297776667499375,0,
0.322025142069916,0.31375985977213,0.479490242931103,0.166326299069662,0.32075943042718,0,
0.53383847081109,0.514110429447853,0.434886499402628,0.417290673927842,0.356732450662003,0,
0.336146030652661,0.592988606485539,0.52110712863401,0.417744497390515,0.362727954034474,0,
0.487515068021354,0.690096406660824,0.291716447630426,0.322895393691854,0.375718211341494,0,
0.259342173239194,0.586327782646801,0.540223018717642,0.473110959836624,0.32075943042718,0,
0.440675047356639,0.498334794040316,0.435085623257666,0.412298615838439,0.274044466650012,0,
0.742896504219046,0.407361963190184,0.432098765432099,0.440435670524166,0.394953784661504,0,
0.333735147236094,0.57703768624014,0.505973715651135,0.443839346494214,0.32075943042718,0,
0.389185465817117,0.0275197195442594,0.694344882516926,0.222827320172453,0.242068448663502,0,
0.838470811090064,0.304820333041192,0.333532457188371,0.342182890855457,0.309517861603797,0,
0.368004132943,0.475723049956179,0.823178016726404,0.209439528023599,0.445415938046465,0,
0.335457206819356,0.398597721297108,0.773197929111908,0.152030859995462,0.700224831376468,1,
0.335973824694334,0.401577563540754,0.692751891676623,0.18788291354663,0.646764926305271,1,
0.313070432236955,0.32760736196319,0.509956192751892,0.575221238938053,0.67324506620035,1,
0.369381780609609,0.401752848378615,0.772401433691756,0.576128885863399,0.648013989507869,1,
0.401756500774927,0.373181419807187,0.807048984468339,0.209212616292262,0.32075943042718,1,
0.337179266402618,0.440841367221735,0.788132218239745,0.20739732244157,0.214838870846865,1,
0.327019114861374,0.419281332164768,0.495221027479092,0.64692534604039,0.32075943042718,1,
0.373859135526089,0.369675723049956,0.444245320589407,0.713410483321988,0.182613040219835,1,
0.337007060444291,0.337072743207713,0.681800079649542,0.181302473337872,0.89732700474644,1,
0.32856896848631,0.389833479404032,0.509956192751892,0.730882686634899,0.158880839370472,1,
0.281728947821595,0.320070113935145,0.511150935882119,0.717267982754708,0.0729452910317262,1,
0.385569140692268,0.32988606485539,0.770609318996416,0.641706376219651,0.709967524356732,1,
0.320303082486654,0.298159509202454,0.416567104739148,0.46811890174722,0.32075943042718,1,
0.384019287067333,0.394040315512708,0.802270011947431,0.174948944860449,0.467399450412191,1,
0.325641467194765,0.370552147239264,0.620868180007965,0.750850918992512,0.166125405945541,1,
0.377992078525917,0.665381244522349,0.222023098367184,0.295665985931473,0.283787159630277,1,
0.335629412777682,0.314636283961437,0.589207487056949,0.105513955071477,0.900074943792156,1,
0.504907869812295,0.457843996494303,0.595380326563122,0.457454050374404,0.380464651511366,1,
0.357155157568452,0.357405784399649,0.619076065312624,0.54617653732698,0.456407694229328,1,
0.38591355260892,0.319018404907975,0.510553564317005,0.73405945087361,0.164376717461904,1,
0.380919579817462,0.38510078878177,0.104141776184787,0.506013160880417,0.239820134898826,1,
0.254520406406062,0.133567046450482,0.204101951413779,0.147492625368732,0.219085685735698,1,
0.322886171861546,0.304820333041192,0.436678614097969,0.67165872475607,0.138895828128903,1,
0.358532805235061,0.355477651183173,0.754480286738351,0.737463126843658,0.70522108418686,1,
0.398828999483382,0.364592462751972,0.799880525686977,0.234853641933288,0.263302523107669,1,
0.453934906147753,0.645749342681858,0.685981680605336,0.476514635806671,0.277292030976767,1,
0.309454107112106,0.308676599474145,0.511549183592194,0.358747447243022,0.32075943042718,1,
0.386257964525573,0.448028045574058,0.656113102349661,0.790333560245065,0.18561079190607,1,
0.437058722231789,0.277826468010517,0.725408203902827,0.533242568640799,0.427679240569573,1,
0.410711210607887,0.788606485539001,0.250497809637595,0.500113455865668,0.418186360229828,1,
0.323919407611503,0.312357581069238,0.473118279569892,0.547311095983662,0.221333999500375,1,
0.519545376270019,0.376336546888694,0.673636001592991,0.731109598366236,0.195103672245816,1,
0.393490614775271,0.342857142857143,0.734767025089606,0.565464034490583,0.219085685735698,1,
0.305493370070604,0.2943032427695,0.52389486260454,0.785114590424325,0.1668748438671,1,
0.370070604442914,0.642594215600351,0.630824372759857,0.678919900158838,0.232325755683238,1,
0.354055450318581,0.374057843996494,0.663281561131023,0.710914454277286,0.0694479140644517,1,
0.367831926984674,0.733917616126205,0.547590601354042,0.60403902881779,0.240569572820385,1,
0.373686929567763,0.308851884312007,0.71326164874552,0.527342863626049,0.426180364726455,1,
0.34871706561047,0.382296231375986,0.68936678614098,0.635806671204901,0.774668998251312,1,
0.237472016531772,0.12760736196319,0.660892074870569,0.54163830270025,0.229328003997002,1,
0.451179610814534,0.57125328659071,0.783751493428913,0.257090991604266,0.273544841368973,1,
0.335629412777682,0.332340052585451,0.548785344484269,0.850011345586567,0.0624531601299026,1,
0.328913380402962,0.363891323400526,0.946037435284747,0.582482414340821,0.198101423932051,1,
0.527983468228001,0.500262927256792,0.72978892871366,0.263898343544361,0.283287534349238,1,
0.356982951610126,0.460297984224365,0.750298685782557,0.553891536192421,0.651761179115663,1,
0.449285345272946,0.603155127081507,0.535045798486659,0.306557749035625,0.294279290532101,1,
0.281212329946616,0.182471516213848,0.246515332536838,0.766507828454731,0.149138146390207,1,
0.342689857069055,0.37703768624014,0.777379530067702,0.222146584978443,0.421184111916063,1,
0.346133976235578,0.447502191060473,0.534249303066507,0.605173587474472,0.492880339745191,1,
0.348028241777165,0.761963190184049,0.622660294703305,0.51236668935784,0.270547089682738,1,
0.40520061994145,0.678878177037686,0.647152528872959,0.555706830043113,0.263802148388708,1,
0.334423971069399,0.359333917616126,0.578853046594982,0.820966643975493,0.32075943042718,1,
0.308076459445497,0.32182296231376,0.487654320987654,0.641933287950987,0.201348988258806,1,
0.45806784914758,0.308150744960561,0.620469932297889,0.659632402995235,0.550337247064702,1,
0.306526605820561,0.278702892199825,0.53584229390681,0.466757431359201,0.201099175618286,1,
0.348028241777165,0.448553900087642,0.694544006371963,0.904470161107329,0.157631776167874,1,
0.478215946271741,0.291323400525854,0.15252887295898,0.698207397322442,0.630776917312016,1,
0.336318236610987,0.316914986853637,0.58641975308642,0.130247333787157,0.904571571321509,1,
0.380058550025831,0.511656441717791,0.550776583034647,0.751758565917858,0.186360229827629,1,
0.346995006027209,0.445223488168273,0.516129032258065,0.596550941683685,0.517112165875593,1,
0.352677802651972,0.338124452234882,0.8584229390681,0.189017472203313,0.499125655758181,1,
0.337351472360944,0.452585451358457,0.762046993229789,0.246199228500113,0.254559080689483,1,
0.343550886860685,0.401928133216477,0.673636001592991,0.254821874290901,0.420684486635024,1,
0.499569485104185,0.522699386503067,0.582039028275587,0.462673020195144,0.265051211591307,1,
0.464783881522301,0.411218229623138,0.590203106332139,0.529385069208078,0.251061703722208,1,
0.313242638195282,0.347239263803681,0.414177618478694,0.450419786702973,0.538845865600799,1,
0.357499569485104,0.465731814198072,0.769812823576264,0.544361243476288,0.562827879090682,1,
0.321852936111589,0.360385626643295,0.59378733572282,0.802132970274563,0.129902573070197,1,
0.446530049939728,0.337773882559159,0.639784946236559,0.6761969593828,0.668498626030477,1,
0.484931978646461,0.619281332164768,0.661887694145759,0.266394372589063,0.284036972270797,1,
0.325813673153091,0.283786152497809,0.472720031859817,0.666893578398003,0.565076192855358,1,
0.276390563113484,0.164241893076249,0.236360015929908,0.769911504424779,0.32075943042718,1,
0.371792664026175,0.403155127081507,0.651334129828753,0.512593601089176,0.233075193604796,1,
0.344411916652316,0.357931638913234,0.518518518518518,0.864987519854776,0.033974519110667,1,
0.38143619769244,0.43453111305872,0.554958183990442,0.648286816428409,0.753434923807145,1,
0.325297055278113,0.327782646801052,0.405217045001991,0.614023144996596,0.684736447664252,1,
0.279145858446702,0.174934268185802,0.489247311827957,0.223281143635126,0.32075943042718,1,
0.327880144653005,0.30464504820333,0.493229788928714,0.705695484456546,0.783912065950537,1,
0.45272946443947,0.292725679228747,0.615890083632019,0.718175629680054,0.636272795403447,1,
0.329602204236267,0.33794916739702,0.816606929510155,0.183798502382573,0.0949288033974519,1,
0.33080764594455,0.380718667835232,0.54599761051374,0.908554572271386,0.32075943042718,1,
0.449801963147925,0.37125328659071,0.540820390282756,0.680054458815521,0.46140394703972,1,
0.516617874978474,0.474496056091148,0.723616089207487,0.240299523485364,0.273544841368973,1,
0.326846908903048,0.351270815074496,0.595778574273198,0.71976401179941,0.19260554584062,1,
0.36352677802652,0.370201577563541,0.701513341298287,0.588382119355571,0.32075943042718,1,
0.331840881694507,0.285714285714286,0.480485862206292,0.71000680735194,0.561578815888084,1,
0.431720337523678,0.61262050832603,0.505177220230984,0.549353301565691,0.465650761928554,1,
0.36214913035991,0.3011393514461,0.752090800477897,0.617653732697981,0.150137396952286,1,
0.432753573273635,0.399298860648554,0.777976901632816,0.59882005899705,0.581314014489133,1,
0.40743929739969,0.340929009640666,0.729390681003584,0.600862264579079,0.46140394703972,1,
0.500258308937489,0.358983347940403,0.902230187176424,0.22169276151577,0.261803647264552,1,
0.26623041157224,0.191060473269062,0.288928713659896,0.586339913773542,0.739445415938046,1,
0.45135181677286,0.526730937773883,0.474313022700119,0.510324483775811,0.32075943042718,1,
0.308593077320475,0.297808939526731,0.454201513341298,0.490129339686862,0.32075943042718,1,
0.358705011193387,0.357230499561788,0.793508562325767,0.538007714998865,0.479640269797652,1,
0.259169967280868,0.382296231375986,0.69573874950219,0.181983208531881,0.201598800899326,1,
0.41415532977441,0.517090271691499,0.716248506571087,0.523485364193329,0.620284786410192,1,
0.36352677802652,0.415950920245399,0.496216646754281,0.581574767415475,0.237821633774669,1,
0.334079559152747,0.329184925503944,0.491835921943449,0.631949171772181,0.676992255808144,1,
0.445152402273119,0.290096406660824,0.730784547988849,0.529158157476742,0.417436922308269,1,
0.337179266402618,0.2988606485539,0.58641975308642,0.668255048786022,0.124906320259805,1,
0.470294472188738,0.334969325153374,0.734567901234568,0.706376219650556,0.152885335998002,1,
0.403134148441536,0.457668711656442,0.814217443249701,0.70093033809848,0.215588308768424,1,
0.311864990528672,0.302191060473269,0.522301871764237,0.513728159745859,0.32075943042718,1,
0.255381436197692,0.371603856266433,0.259657506969335,0.717948717948718,0.128903322508119,1,
0.315136903736869,0.341805433829974,0.560732775786539,0.842069434989789,0.122658006495129,1,
0.339245737902531,0.374934268185802,0.78215850258861,0.552076242341729,0.424431676242818,1,
0.312898226278629,0.330236634531113,0.510752688172043,0.0769230769230769,0.32075943042718,1,
0.375408989151025,0.495880806310254,0.859816806053365,0.201724529158157,0.421184111916063,1,
0.341656621319098,0.362664329535495,0.614496216646754,0.596324029952349,0.226080439670247,1,
0.383158257275702,0.503067484662577,0.727399442453206,0.749943272067166,0.201099175618286,1,
0.308937489237128,0.301314636283961,0.457984866587017,0.75879282958929,0.32075943042718,1,
0.388841053900465,0.304469763365469,0.749900438072481,0.245972316768777,0.430676992255808,1,
0.36576545548476,0.36319018404908,0.515531660692951,0.636714318130247,0.587559330502124,1,
0.328052350611331,0.36669588080631,0.221624850657109,0.849103698661221,0.085935548338746,1,
0.386430170483899,0.669588080631025,0.591596973317403,0.624007261175403,0.232075943042718,1,
0.377131048734286,0.310078878177038,0.698128235762644,0.601769911504425,0.228078940794404,1,
0.387118994317203,0.339702015775635,0.752090800477897,0.220331291127751,0.2305770671996,1,
0.281901153779921,0.36441717791411,0.688968538430904,0.659178579532562,0.568323757182113,1,
0.327880144653005,0.324978089395267,0.444046196734369,0.735420921261629,0.142393205096178,1,
0.345272946443947,0.421910604732691,0.53126244524094,0.868164284093488,0.153384961279041,1,
0.343895298777338,0.342331288343558,0.894066109119873,0.579759473564783,0.451161628778416,1,
0.395729292233511,0.512708150744961,0.787136598964556,0.519400953029272,0.257057207094679,1,
0.343034268985707,0.288168273444347,0.504380724810832,0.639664170637622,0.548838371221584,1,
0.367315309109695,0.737423312883436,0.551174830744723,0.506240072611754,0.263302523107669,1,
0.354916480110212,0.35284837861525,0.795698924731183,0.534604039028818,0.503872095928054,1,
0.50783537110384,0.679228746713409,0.563918757467144,0.528704334014069,0.275293529852611,1,
0.3159979335285,0.307975460122699,0.449820788530466,0.304061719990924,0.32075943042718,1,
0.456517995522645,0.305170902716915,0.757666268418956,0.214885409575675,0.405695728203847,1,
0.411744446357844,0.37581069237511,0.765432098765432,0.204674381665532,0.149887584311766,1,
0.337179266402618,0.383523225241017,0.499004380724811,0.591558883594282,0.32075943042718,1,
0.346133976235578,0.44487291849255,0.546794105933891,0.870206489675516,0.178616037971521,1,
0.379541932150852,0.625591586327783,0.491437674233373,0.513955071477195,0.53185111166625,1,
0.366109867401412,0.364767747589833,0.754480286738351,0.566371681415929,0.670247314514114,1,
0.376614430859308,0.562313759859772,0.666069295101553,0.728386657590197,0.201848613539845,1,
0.396418116066816,0.421384750219106,0.641178813221824,0.22691173133651,0.691481388958281,1,
0.44911313931462,0.367922874671341,0.751095181202708,0.773315180394826,0.194853859605296,1,
0.484931978646461,0.643996494303243,0.682795698924731,0.286816428409349,0.28178865850612,1,
0.321852936111589,0.41384750219106,0.540023894862604,0.648740639891082,0.32075943042718,1,
0.314275873945238,0.350920245398773,0.443647949024293,0.187429090083957,0.32075943042718,1,
0.386430170483899,0.452760736196319,0.706889685384309,0.559337417744497,0.614289283037722,1,
0.352161184776993,0.453637160385627,0.705097570688969,0.656455638756524,0.142892830377217,1,
0.368348544859652,0.38965819456617,0.748108323377141,0.533242568640799,0.32075943042718,1,
0.396073704150164,0.478878177037686,0.856232576662684,0.199682323576129,0.252810392205846,1,
0.349405889443775,0.372830850131464,0.520708880923935,0.575901974132063,0.538845865600799,1,
0.320647494403306,0.32410166520596,0.556152927120669,0.829135466303608,0.10866849862603,1,
0.418977096607543,0.336722173531989,0.763440860215054,0.201497617426821,0.424181863602298,1,
0.366970897193043,0.315863277826468,0.70868180007965,0.66258225550261,0.755933050212341,1,
0.369037368692957,0.356178790534619,0.514137793707686,0.64692534604039,0.550587059705221,1,
0.632168073015326,0.636108676599474,0.280963759458383,0.327660540049921,0.298526105420934,1,
0.305665576028931,0.295530236634531,0.563520509757069,0.780122532334922,0.112915313514864,1,
0.316514551403479,0.346538124452235,0.603146156909598,0.70546857272521,0.32075943042718,1,
0.323919407611503,0.358983347940403,0.467941059338909,0.538234626730202,0.32075943042718,1,
0.393318408816945,0.380368098159509,0.754281162883313,0.571817562968005,0.660004996252811,1,
0.317719993111762,0.321998247151621,0.583831142970928,0.714091218515997,0.32075943042718,1,
0.3159979335285,0.318667835232252,0.439466348068499,0.274790106648514,0.599550337247065,1,
0.391940761150336,0.329184925503944,0.753285543608124,0.622645790787384,0.71796152885336,1,
0.330463234027897,0.45398773006135,0.529470330545599,0.579078738370774,0.462653010242318,1,
