540,5,2,
0.314620285861891,0.371078001752848,0.788331342094783,0.164964828681643,0.32075943042718,0,
0.570518339934562,0.707624890446976,0.294305057745918,0.316768776945768,0.379715213589808,0,
0.546065093852247,0.468185801928133,0.451413779370769,0.393918765600182,0.264301773669748,0,
0.489237127604615,0.716739702015776,0.539227399442453,0.44020875879283,0.32075943042718,0,
0.714999138970208,0.195617879053462,0.40720828355237,0.396414794644883,0.305520859355483,0,
0.666437058722232,0.152322524101665,0.417562724014337,0.418652144315861,0.289782663002748,0,
0.314964697778543,0.330061349693252,0.624651533253684,0.569321533923304,0.217586809892581,0,
0.643878078181505,0.31148115687993,0.390481879729192,0.378261856137962,0.338745940544592,0,
0.336146030652661,0.470464504820333,0.557347670250896,0.283639664170638,0.374718960779415,0,
0.331840881694507,0.405609114811569,0.861409796893668,0.167687769457681,0.47464401698726,0,
0.632512484931979,0.492375109553024,0.299482277976902,0.409121851599728,0.295528353734699,0,
0.835371103840193,0.327256792287467,0.408203902827559,0.407760381211709,0.305520859355483,0,
0.312726020320303,0.288343558282209,0.448626045400239,0.519400953029272,0.646515113664751,0,
0.412088858274496,0.581419807186678,0.301274392672242,0.399364647152258,0.292280789407944,0,
0.254692612364388,0.761262050832603,0.239346873755476,0.283866575901974,0.278041468898326,0,
0.771654899259514,0.395968448729185,0.422739944245321,0.398910823689585,0.276542593055209,0,
0.358016187360083,0.73216476774759,0.509358821186778,0.485137281597459,0.603547339495379,0,
0.450835198897882,0.36546888694128,0.330943847072879,0.375765827093261,0.309767674244317,0,
0.338384708110901,0.526730937773883,0.523496614894464,0.432266848196052,0.360229827629278,0,
0.916824522128466,0.18965819456617,0.451413779370769,0.397549353301566,0.303522358231327,0,
0.402445324608231,0.661349693251534,0.595977698128236,0.282051282051282,0.32075943042718,0,
0.391079731358705,0.549167397020158,0.619872560732776,0.274790106648514,0.28203847114664,0,
0.527294644394696,0.460648553900088,0.459776981282358,0.446108463807579,0.251561329003248,0,
0.506285517478905,0.66555652936021,0.273795300677021,0.411164057181756,0.360229827629278,0,
0.306354399862235,0.297808939526731,0.428912783751493,0.467665078284547,0.470147389457907,0,
0.377475460650939,0.544960560911481,0.609916367980884,0.460403902881779,0.368723457406945,0,
0.380747373859135,0.720420683610868,0.258861011549184,0.437031994554118,0.28178865850612,0,
0.462028586189082,0.426818580192813,0.428116288331342,0.340140685273429,0.336247814139395,0,
0.369898398484588,0.598071866783523,0.282755874153724,0.320399364647152,0.298276292780415,0,
0.854141553297744,0.308150744960561,0.402429311031462,0.38688450192875,0.419185610791906,0,
0.780609609092475,0.334618755477651,0.336917562724014,0.399137735420921,0.346989757681739,0,
0.416738419149303,0.716739702015776,0.519912385503783,0.308599954617654,0.291781164126905,0,
0.432753573273635,0.656792287467134,0.492035045798487,0.466757431359201,0.556082937796653,0,
0.730842087136215,0.297808939526731,0.422739944245321,0.340367597004765,0.307269547839121,0,
0.347167211985535,0.59193689745837,0.687972919155715,0.514862718402541,0.249562827879091,0,
0.415532977441019,0.589132340052585,0.562126642771804,0.631495348309508,0.226080439670247,0,
0.894782159462717,0.184750219106047,0.398845081640781,0.383707737690039,0.305770671996003,0,
0.710866195970381,0.4045574057844,0.421545201115094,0.413206262763785,0.430926804896328,0,
0.573618047184433,0.472567922874671,0.308243727598566,0.408214204674382,0.360979265550837,0,
0.362493542276563,0.384399649430324,0.726602947033055,0.224642614023145,0.220834374219335,0,
0.446357843981402,0.501489921121823,0.420151334129829,0.385523031540731,0.337996502623033,0,
0.305493370070604,0.290972830850131,0.446833930704898,0.160880417517586,0.914564076942293,0,
0.718615464095058,0.291148115687993,0.404022301871764,0.405945087361017,0.305021234074444,0,
0.436025486481832,0.773356704645048,0.243727598566308,0.471522577717268,0.399200599550337,0,
0.34200103323575,0.475547765118317,0.607128634010354,0.464942137508509,0.389957531851112,0,
0.39262958498364,0.827344434706398,0.220430107526882,0.451781257090992,0.278291281538846,0,
0.722059583261581,0.289044697633655,0.44305057745918,0.336963921034717,0.303272545590807,0,
0.469261236438781,0.65398773006135,0.262445240939865,0.417517585659179,0.42942792905321,0,
0.305493370070604,0.286415425065732,0.433691756272401,0.223961878829135,0.32075943042718,0,
0.612019975891166,0.391411042944785,0.430505774591796,0.404129793510324,0.240819385460904,0,
0.303426898570691,0.287116564417178,0.446236559139785,0.237576582709326,0.32075943042718,0,
0.431375925607026,0.69535495179667,0.521306252489048,0.308146131154981,0.353235073694729,0,
0.345100740485621,0.562138475021911,0.274392672242135,0.431813024733379,0.291281538845866,0,
0.912347167211986,0.176687116564417,0.33452807646356,0.37644656228727,0.307269547839121,0,
0.419493714482521,0.587028921998247,0.297491039426523,0.399364647152258,0.351486385211092,0,
0.402789736524884,0.631375985977213,0.709677419354839,0.263898343544361,0.259055708218836,0,
0.819528155674186,0.177563540753725,0.342293906810036,0.37644656228727,0.308018985760679,0,
0.549337007060444,0.484136722173532,0.31342094782955,0.337190832766054,0.343492380714464,0,
0.320130876528328,0.295004382120946,0.48068498606133,0.75879282958929,0.676492630527105,0,
0.693817806096091,0.371779141104295,0.424930306650737,0.340140685273429,0.33949537846615,0,
0.564835543309799,0.519894829097283,0.504181600955794,0.422282732017245,0.40994254309268,0,
0.427931806440503,0.734268185801928,0.530864197530864,0.480825958702065,0.46814888833375,0,
0.310659548820389,0.295004382120946,0.453205894066109,0.769230769230769,0.0617037222083438,0,
0.378853108317548,0.62646801051709,0.269812823576264,0.318810982527797,0.296027979015738,0,
0.458412261064233,0.584224364592463,0.286140979689367,0.319491717721806,0.293030227329503,0,
0.768899603926296,0.410517090271691,0.464356829948228,0.482641252552757,0.41693729702723,0,
0.541759944894093,0.736196319018405,0.259259259259259,0.31926480599047,0.292030976767424,0,
0.403650766316514,0.557230499561788,0.262445240939865,0.407079646017699,0.292030976767424,0,
0.461511968314104,0.646976336546889,0.264237355635205,0.316541865214432,0.293529852610542,0,
0.76734975030136,0.279228746713409,0.394464356829948,0.402768323122305,0.305021234074444,0,
0.78887549509213,0.38965819456617,0.461569095977698,0.466530519627865,0.292530602048464,0,
0.51455140347856,0.359158632778265,0.387495021903624,0.380304061719991,0.347239570322258,0,
0.865851558463923,0.17703768624014,0.38968538430904,0.380304061719991,0.334499125655758,0,
0.368176338901326,0.310078878177038,0.594782954998009,0.621284320399365,0.523857107169623,0,
0.759944894093336,0.349342681858019,0.574671445639188,0.296800544588155,0.294279290532101,0,
0.502496986395729,0.535845749342682,0.314018319394663,0.333787156796006,0.345490881838621,0,
0.434992250731875,0.37703768624014,0.309040223018718,0.317449512139778,0.288033974519111,0,
0.338384708110901,0.376161262050833,0.864794902429311,0.216473791695031,0.235823132650512,0,
0.897020836920957,0.329535495179667,0.416766228594186,0.496482868164284,0.280539595303522,0,
0.556053039435164,0.421560035056968,0.332337714058144,0.342409802586794,0.337247064701474,0,
0.475977268813501,0.0553900087642419,0.254281162883313,0.721579305650102,0.175118661004247,0,
0.531427587394524,0.460122699386503,0.317204301075269,0.383480825958702,0.344491631276543,0,
0.336490442569313,0.468711656441718,0.309637594583831,0.286589516678012,0.430177366974769,0,
0.700017220595833,0.282033304119194,0.394464356829948,0.393918765600182,0.306020484636523,0,
0.308420871362149,0.282208588957055,0.43010752688172,0.462219196732471,0.32075943042718,0,
0.324263819528156,0.395267309377739,0.815611310234966,0.577717267982755,0.32075943042718,0,
0.358705011193387,0.455565293602103,0.619872560732776,0.491490810074881,0.264051961029228,0,
0.589116583433787,0.333917616126205,0.324571883711669,0.329248922169276,0.295778166375219,0,
0.364732219734803,0.607361963190184,0.729191557148546,0.519174041297935,0.236572570572071,0,
0.389013259858791,0.674496056091148,0.663480684986061,0.505786249149081,0.252810392205846,0,
0.558291716893405,0.358983347940403,0.343488649940263,0.34717494894486,0.333749687734199,0,
0.381263991734114,0.76546888694128,0.225806451612903,0.293169956886771,0.275043717212091,0,
0.322369553986568,0.389307624890447,0.810234966148945,0.167687769457681,0.210592055958031,0,
0.666092646805579,0.303067484662577,0.338709677419355,0.339913773542092,0.308018985760679,0,
0.460134320647494,0.575284837861525,0.273596176821983,0.425686407987293,0.388458656007994,0,
0.820905803340796,0.185276073619632,0.450219036240542,0.40639891082369,0.300274793904572,0,
0.30928190115378,0.324802804557406,0.14058144165671,0.757431359201271,0.32075943042718,0,
0.769071809884622,0.287817703768624,0.595181202708084,0.289766280916723,0.387959030726955,0,
0.319786464611676,0.405258545135846,0.85941855834329,0.189244383934649,0.32075943042718,0,
0.740830032719132,0.306748466257669,0.334328952608522,0.340594508736102,0.350487134649013,0,
0.624246598932323,0.388957055214724,0.433691756272401,0.430224642614023,0.607294529103173,0,
0.238333046323403,0.481156879929886,0.719832735961768,0.223508055366462,0.460904321758681,0,
0.770105045634579,0.187028921998247,0.34010354440462,0.339233038348083,0.354234324256807,0,
0.364732219734803,0.674496056091148,0.261648745519713,0.454050374404357,0.283037721708718,0,
0.506629929395557,0.542681858019281,0.307048984468339,0.276605400499206,0.643017736697477,0,
0.367487515068021,0.350219106047327,0.740939864595779,0.590197413206263,0.407444416687484,0,
0.819011537799208,0.332865907099036,0.573078454798885,0.309053778080327,0.297526854858856,0,
0.319786464611676,0.351446099912358,0.674830744723218,0.615384615384615,0.32075943042718,0,
0.363182366109867,0.791235758106924,0.236559139784946,0.455638756523712,0.274044466650012,0,
0.325813673153091,0.438212094653812,0.818996415770609,0.201043793964148,0.227329502872845,0,
0.347339417943861,0.463628396143734,0.760454002389486,0.218969820739732,0.438670996752436,0,
0.343723092819012,0.408588957055215,0.717443249701314,0.541865214431586,0.2305770671996,0,
0.412949888066127,0.561262050832603,0.293110314615691,0.398003176764239,0.300524606545091,0,
0.377819872567591,0.541630148992112,0.610911987256073,0.461765373269798,0.273794654009493,0,
0.464611675563974,0.641717791411043,0.270011947431302,0.308146131154981,0.286535098675993,0,
0.554158773893577,0.440666082383874,0.451413779370769,0.415021556614477,0.27579315513365,0,
0.505768899603926,0.455915863277826,0.316407805655117,0.336056274109371,0.305520859355483,0,
0.415705183399346,0.460473269062226,0.718239745121466,0.229180848649875,0.26929802648014,0,
0.71895987601171,0.464855390008764,0.492831541218638,0.51690492398457,0.270547089682738,0,
0.33976235577751,0.580017528483786,0.570290720828355,0.487406398910824,0.21808643517362,0,
0.56655760289306,0.62524101665206,0.50457984866587,0.316088041751759,0.369972520609543,0,
0.581711727225762,0.454513584574934,0.46694544006372,0.448150669389607,0.26929802648014,0,
0.364043395901498,0.601928133216477,0.610513739545998,0.514408894939868,0.32075943042718,0,
0.495436542104357,0.620333041191937,0.600756670649144,0.508509189925119,0.220584561578816,0,
0.536249354227656,0.529535495179667,0.487654320987654,0.314499659632403,0.291531351486385,0,
0.43344239710694,0.372129710780018,0.40720828355237,0.343771272974813,0.333999500374719,0,
0.348200447735492,0.540052585451358,0.48805256869773,0.419786702972544,0.296777416937297,0,
0.330635439986223,0.458895705521472,0.892871365989646,0.213750850918992,0.217087184611541,0,
0.302910280695712,0.282909728308501,0.450418160095579,0.240299523485364,0.32075943042718,0,
0.465644911313931,0.58737949167397,0.483671843886898,0.632176083503517,0.221583812140894,0,
0.343206474944033,0.636459246275197,0.565909996017523,0.47333787156796,0.2560579565326,0,
0.643189254348201,0.464855390008764,0.465153325368379,0.443385523031541,0.287034723957032,0,
0.387118994317203,0.68501314636284,0.553564317005177,0.467438166553211,0.270547089682738,0,
0.568451868434648,0.379141104294479,0.449223416965352,0.32902201043794,0.307019735198601,0,
0.335112794902704,0.352322524101665,0.858622062923138,0.181529385069208,0.414688983262553,0,
0.809368004132943,0.309377738825592,0.390083632019116,0.384161561152712,0.348738446165376,0,
0.330463234027897,0.682033304119194,0.508960573476703,0.437485818016791,0.377466899825131,0,
0.786120199758912,0.195267309377739,0.396057347670251,0.381211708645337,0.297526854858856,0,
0.340795591527467,0.445223488168273,0.914376742333732,0.164057181756297,0.227829128153885,0,
0.373342517651111,0.518317265556529,0.736758263639984,0.229180848649875,0.32075943042718,0,
0.479938005855003,0.567046450482033,0.288729589804859,0.41547538007715,0.27579315513365,0,
0.387635612192182,0.43330411919369,0.81521306252489,0.510324483775811,0.252810392205846,0,
0.348889271568796,0.523225241016652,0.805057745917961,0.230088495575221,0.32075943042718,0,
0.333562941277768,0.490446976336547,0.768618080446037,0.582482414340821,0.620034973769673,0,
0.48768727397968,0.478702892199825,0.318996415770609,0.336056274109371,0.342493130152386,0,
0.304460134320648,0.280280455740578,0.456590999601752,0.650555933741774,0.32075943042718,0,
0.319614258653349,0.331463628396144,0.631819992035046,0.776718856364874,0.32075943042718,0,
0.356638539693473,0.658194566170026,0.524093986459578,0.439754935330157,0.37172120909318,0,
0.635095574306871,0.578615249780894,0.486857825567503,0.317903335602451,0.295528353734699,0,
0.853797141381092,0.327432077125329,0.404221425726802,0.320172452915816,0.482638021483887,0,
0.762011365593249,0.284662576687117,0.401234567901235,0.409121851599728,0.299775168623532,0,
0.401412088858274,0.687992988606486,0.511350059737157,0.451554345359655,0.251811141643767,0,
0.646633373514724,0.435056967572305,0.422739944245321,0.41025641025641,0.304521608793405,0,
0.389702083692096,0.577388255915863,0.824372759856631,0.225096437485818,0.245815638271297,0,
0.550025830893749,0.358983347940403,0.33452807646356,0.393011118674835,0.348738446165376,0,
0.648183227139659,0.564767747589834,0.530067702110713,0.306784660766962,0.361728703472396,0,
0.387463406233856,0.537598597721297,0.53305455993628,0.443385523031541,0.368223832125906,0,
0.306354399862235,0.289921121822962,0.439864595778574,0.508282278193783,0.32075943042718,0,
0.303771310487343,0.323225241016652,0.476702508960573,0.471749489448604,0.32075943042718,0,
0.417427242982607,0.659947414548642,0.267622461170848,0.426820966643976,0.248563577317012,0,
0.5167900809368,0.673444347063979,0.576065312624452,0.484229634672113,0.279290532100924,0,
0.774754606509385,0.456091148115688,0.314615690959777,0.523258452461992,0.261803647264552,0,
0.337351472360944,0.52760736196319,0.597570688968538,0.465169049239846,0.32075943042718,0,
0.35767177544343,0.32410166520596,0.724810832337714,0.674154753800772,0.225830627029728,0,
0.417255037024281,0.359333917616126,0.813620071684588,0.20739732244157,0.420934299275543,0,
0.307387635612192,0.295004382120946,0.451214655515731,0.722713864306785,0.122907819135648,0,
0.314275873945238,0.380718667835232,0.714854639585822,0.191513501248015,0.32075943042718,0,
0.350266919235405,0.390359333917616,0.878534448426922,0.653051962786476,0.184861353984512,0,
0.474599621146892,0.559684487291849,0.296296296296296,0.406625822555026,0.354234324256807,0,
0.356982951610126,0.497458369851008,0.469534050179211,0.432039936464715,0.32075943042718,0,
0.632512484931979,0.492550394390885,0.299482277976902,0.409121851599728,0.295528353734699,0,
0.376614430859308,0.511656441717791,0.71226602947033,0.514862718402541,0.218336247814139,0,
0.768210780092991,0.281682734443471,0.39984070091597,0.40639891082369,0.302023482388209,0,
0.361976924401584,0.66783523225241,0.242333731581043,0.304515543453597,0.371471396452661,0,
0.384363698983985,0.823137598597721,0.243329350856233,0.481506693896074,0.32075943042718,0,
0.801102118133287,0.442418930762489,0.448626045400239,0.464488314045836,0.280539595303522,0,
0.462200792147408,0.665907099035933,0.305455993628037,0.324937599273882,0.29502872845366,0,
0.431892543482004,0.560210341805434,0.765033851055356,0.238030406171999,0.32075943042718,0,
0.392285173066988,0.570727432077125,0.275985663082437,0.314953483095076,0.32075943042718,0,
0.34871706561047,0.421384750219106,0.59557945041816,0.533242568640799,0.26929802648014,0,
0.32495264336146,0.430499561787905,0.665870171246515,0.230542319037894,0.268298775918061,0,
0.341140003444119,0.498685363716039,0.97610513739546,0.156115271159519,0.230327254559081,0,
0.324436025486482,0.375109553023663,0.714257268020709,0.610392557295212,0.32075943042718,0,
0.278284828655071,0.309377738825592,0.572680207088809,0.358747447243022,0.32075943042718,0,
0.493197864646117,0.5977212971078,0.279569892473118,0.510778307238484,0.254559080689483,0,
0.480626829688307,0.605433829973707,0.289326961369972,0.416383027002496,0.282787909068199,0,
0.42448768727398,0.726029798422436,0.258462763839108,0.542772861356932,0.24981264051961,0,
0.363698983984846,0.550744960560911,0.595977698128236,0.474245518493306,0.32075943042718,0,
0.5576028930601,0.331113058720421,0.345280764635603,0.377808032675289,0.338496127904072,0,
0.74944033063544,0.402979842243646,0.413181999203505,0.377581120943953,0.30776917312016,0,
0.32271396590322,0.418054338299737,0.893866985264835,0.189017472203313,0.432675493379965,0,
0.823661098674014,0.320420683610868,0.336121067303863,0.381892443839347,0.339245565825631,0,
0.325297055278113,0.326029798422436,0.484866587017125,0.802132970274563,0.567324506620035,0,
0.356121921818495,0.617703768624014,0.580645161290323,0.50260948491037,0.245815638271297,0,
0.366626485276391,0.547063978965819,0.294902429311031,0.318130247333787,0.291031726205346,0,
0.61270879972447,0.36546888694128,0.389884508164078,0.390288177898797,0.276542593055209,0,
0.581022903392457,0.541805433829974,0.634806849860613,0.304742455184933,0.291281538845866,0,
0.318925434820045,0.457318141980719,0.521505376344086,0.434762877240753,0.32075943042718,0,
0.818667125882555,0.17581069237511,0.417761847869375,0.451100521896982,0.261304021983512,0,
0.334423971069399,0.523751095530237,0.582437275985663,0.449512139777627,0.279790157381964,0,
0.477699328396762,0.65749342681858,0.283552369573875,0.31404583616973,0.285286035473395,0,
0.348544859652144,0.684136722173532,0.265232974910394,0.481960517358747,0.275043717212091,0,
0.732736352677803,0.190184049079755,0.404619673436878,0.401406852734286,0.297027229577817,0,
0.715860168761839,0.36091148115688,0.397252090800478,0.379623326525981,0.309268048963278,0,
0.338729120027553,0.528308501314636,0.771405814416567,0.215793056501021,0.32075943042718,0,
0.816600654382642,0.315337423312883,0.338908801274393,0.379850238257318,0.338995753185111,0,
0.45496814189771,0.401928133216477,0.320390282755874,0.383027002496029,0.349737696727454,0,
0.426381952815567,0.621735319894829,0.2536837913182,0.314726571363739,0.356982263302523,0,
0.367659721026347,0.55863277826468,0.505575467941059,0.309507601543,0.35248563577317,0,
0.724814878594799,0.311130587204207,0.697530864197531,0.270932607215793,0.284286784911317,0,
0.807645944549681,0.286765994741455,0.332536837913182,0.319945541184479,0.28828378715963,0,
0.66023764422249,0.387554776511832,0.335722819593787,0.38234626730202,0.346739945041219,0,
0.337007060444291,0.288168273444347,0.484468339307049,0.863399137735421,0.122408193854609,0,
0.323574995694851,0.424539877300613,0.728195937873357,0.242114817336056,0.32075943042718,0,
0.707594282762184,0.283435582822086,0.393468737554759,0.395507147719537,0.305520859355483,0,
0.400206647149991,0.684837861524978,0.243130227001195,0.30496936691627,0.287534349238071,0,
0.653004993972791,0.43908851884312,0.426324173636002,0.413660086226458,0.304021983512366,0,
0.348544859652144,0.462226117440841,0.554161688570291,0.291127751304742,0.453659755183612,0,
0.378680902359222,0.57125328659071,0.709478295499801,0.513501248014522,0.32075943042718,0,
0.392112967108662,0.848729184925504,0.232377538829152,0.43430905377808,0.279790157381964,0,
0.40967797485793,0.588957055214724,0.566507367582636,0.622418879056047,0.212840369722708,0,
0.35543309798519,0.615775635407537,0.25647152528873,0.407533469480372,0.357981513864602,0,
0.725159290511452,0.435056967572305,0.315013938669853,0.339006126616746,0.32075943042718,0,
0.382813845359049,0.664855390008764,0.217443249701314,0.437031994554118,0.32075943042718,0,
0.38367487515068,0.773707274320771,0.230784547988849,0.292943045155435,0.274294279290532,0,
0.628896159807129,0.320070113935145,0.400438072481083,0.393011118674835,0.283537346989758,0,
0.847253314964698,0.337423312883436,0.425925925925926,0.380530973451327,0.30776917312016,0,
0.325641467194765,0.301840490797546,0.491039426523298,0.482187429090084,0.32075943042718,0,
0.504907869812295,0.42068361086766,0.320589406610912,0.340594508736102,0.306769922558081,0,
0.402100912691579,0.780718667835232,0.251493428912784,0.296573632856819,0.222583062702973,0,
0.340451179610815,0.431726555652936,0.854440461967344,0.185613796233265,0.218336247814139,0,
0.482865507146547,0.59649430324277,0.502588610115492,0.688223281143635,0.242318261304022,0,
0.312209402445325,0.285714285714286,0.462166467542812,0.833446789199002,0.0911816137896578,0,
0.466505941105562,0.666608238387379,0.282357626443648,0.455411844792376,0.575568323757182,0,
0.340451179610815,0.514285714285714,0.574074074074074,0.457680962105741,0.400699475393455,0,
0.325813673153091,0.404732690622261,0.848665870171247,0.576809621057409,0.194354234324257,0,
0.525400378853108,0.667484662576687,0.570888092393469,0.488540957567506,0.275043717212091,0,
0.32047528844498,0.387554776511832,0.526483472720032,0.799863852961198,0.151886085435923,0,
0.358532805235061,0.662751971954426,0.544802867383512,0.229407760381212,0.32075943042718,0,
0.434475632856897,0.721647677475898,0.280565511748307,0.426594054912639,0.264551586310267,0,
0.344584122610642,0.409815950920245,0.844086021505376,0.200816882232811,0.415438421184112,0,
0.798174616841743,0.413146362839614,0.508761449621665,0.325391422736555,0.302023482388209,0,
0.372998105734458,0.41840490797546,0.889088012743927,0.205355116859542,0.260304771421434,0,
0.740830032719132,0.3034180543383,0.389088012743927,0.381438620376673,0.335498376217837,0,
0.363871189943172,0.552322524101665,0.582039028275587,0.457227138643068,0.255308518611042,0,
0.332529705527811,0.507099035933392,0.624651533253684,0.466303607896528,0.257556832375718,0,
0.835371103840193,0.178264680105171,0.424332935085623,0.497617426820967,0.278041468898326,0,
0.324263819528156,0.34478527607362,0.505774591796097,0.790560471976401,0.136397701723707,0,
0.387635612192182,0.637160385626643,0.260055754679411,0.315861130020422,0.290282288283787,0,
0.335629412777682,0.419456617002629,0.831939466348068,0.179260267755843,0.32075943042718,0,
0.389702083692096,0.660473269062226,0.667064914376742,0.248695257544815,0.32075943042718,0,
0.629584983640434,0.465381244522349,0.526284348864994,0.461084638075789,0.256807394454159,0,
0.358705011193387,0.454688869412796,0.59099960175229,0.489221692761516,0.267799150637022,0,
0.323747201653177,0.379141104294479,0.766029470330546,0.598366235534377,0.32075943042718,0,
0.862235233339073,0.320771253286591,0.328952608522501,0.323349217154527,0.470147389457907,0,
0.962975718959876,0.190359333917616,0.460175228992433,0.329929657363286,0.304271796152885,0,
0.524539349061478,0.603505696757231,0.302469135802469,0.321080099841162,0.284536597551836,0,
0.46616152918891,0.731113058720421,0.278574273197929,0.45450419786703,0.474893829627779,0,
0.306354399862235,0.280631025416301,0.443249701314217,0.621284320399365,0.729952535598301,0,
0.316858963320131,0.407186678352323,0.807646356033453,0.195144088949399,0.250562078441169,0,
0.370759428276218,0.333742331288344,0.635802469135802,0.786022237349671,0.181613789657757,0,
0.337179266402618,0.474320771253287,0.738351254480287,0.540049920580894,0.32075943042718,0,
0.431720337523678,0.62296231375986,0.252289924332935,0.307692307692308,0.360979265550837,0,
0.412088858274496,0.532865907099036,0.267821585025886,0.308599954617654,0.28178865850612,0,
0.365076631651455,0.652234881682734,0.633412982875348,0.511912865895167,0.32075943042718,0,
0.39262958498364,0.54022787028922,0.579450418160096,0.434535965509417,0.32075943042718,0,
0.346306182193904,0.4943032427695,0.447232178414974,0.427728613569322,0.292530602048464,0,
0.345617358360599,0.455565293602103,0.891875746714456,0.144088949398684,0.204096927304522,0,
0.33528500086103,0.437686240140228,0.771405814416567,0.231676877694577,0.463902073444916,0,
0.177716548992595,0.108326029798422,0.285145360414178,0.326299069661902,0.298526105420934,0,
0.320991906319959,0.330061349693252,0.22700119474313,0.817562968005446,0.32075943042718,0,
0.343723092819012,0.432077125328659,0.864396654719235,0.137735420921262,0.32075943042718,0,
0.305665576028931,0.298510078878177,0.424930306650737,0.454958021329703,0.32075943042718,0,
0.638884105390046,0.420157756354075,0.434488251692553,0.339459950079419,0.308018985760679,0,
0.690029275012915,0.582296231375986,0.307447232178415,0.326072157930565,0.299025730701974,0,
0.429998277940417,0.617703768624014,0.267622461170848,0.315634218289086,0.32075943042718,0,
0.264508351988979,0.493777388255916,0.747510951812027,0.517358747447243,0.32075943042718,0,
0.323919407611503,0.32182296231376,0.512345679012346,0.805763557975947,0.32075943042718,0,
0.463406233855691,0.756003505696757,0.528872958980486,0.505786249149081,0.399200599550337,0,
0.317719993111762,0.301314636283961,0.457984866587017,0.855457227138643,0.0931801149138146,0,
0.307904253487171,0.339702015775635,0.50179211469534,0.853641933287951,0.32075943042718,0,
0.850180816256242,0.323926380368098,0.578853046594982,0.29906966190152,0.296777416937297,0,
0.337007060444291,0.333742331288344,0.490043807248108,0.64306784660767,0.614289283037722,0,
0.318925434820045,0.291498685363716,0.452608522500996,0.220785114590424,0.765425930552086,0,
0.331840881694507,0.34022787028922,0.690760653126244,0.0821420467438166,0.215838121408943,0,
0.794902703633546,0.327081507449606,0.337913181999204,0.387111413660086,0.305770671996003,0,
0.853969347339418,0.346538124452235,0.398048586220629,0.384161561152712,0.304271796152885,0,
0.772515929051145,0.185451358457493,0.387694145758662,0.383707737690039,0.336497626779915,0,
0.391940761150336,0.706397896581946,0.574074074074074,0.494667574313592,0.263552335748189,0,
0.390218701567074,0.751796669588081,0.238749502190362,0.446789199001588,0.27554334249313,0,
0.310659548820389,0.31375985977213,0.572481083233771,0.88359428182437,0.32075943042718,0,
0.328052350611331,0.477475898334794,0.634408602150538,0.47401860676197,0.276542593055209,0,
0.319786464611676,0.308326029798422,0.529669454400637,0.790333560245065,0.102173369972521,0,
0.353366626485276,0.500964066608238,0.723416965352449,0.578851826639437,0.602048463652261,0,
0.367659721026347,0.602103418054338,0.767025089605735,0.235307465395961,0.255308518611042,0,
0.776132254175994,0.368624014022787,0.421146953405018,0.402087587928296,0.460904321758681,0,
0.402445324608231,0.750043821209465,0.527479091995221,0.273428636260495,0.287034723957032,0,
0.363354572068193,0.548641542506573,0.6194743130227,0.468345813478557,0.251311516362728,0,
0.638367487515068,0.407361963190184,0.333333333333333,0.385069208078058,0.336247814139395,0,
0.348028241777165,0.517966695880806,0.789326961369972,0.23144996596324,0.252060954284287,0,
0.307904253487171,0.280105170902717,0.430704898446834,0.461992285001135,0.32075943042718,0,
0.366109867401412,0.29535495179667,0.517323775388291,0.601542999773088,0.614539095678241,0,
0.350439125193732,0.417703768624014,0.748506571087216,0.55525300658044,0.254808893330003,0,
0.403306354399862,0.724276950043821,0.598566308243728,0.503970955298389,0.265800649512865,0,
0.407783709316342,0.611042944785276,0.286937475109518,0.3238030406172,0.349987509367974,0,
0.88841053900465,0.354425942156003,0.338908801274393,0.340367597004765,0.334499125655758,0,
0.345272946443947,0.518667835232252,0.295698924731183,0.32902201043794,0.298775918061454,0,
0.539349061477527,0.716213847502191,0.268020708880924,0.318130247333787,0.290532100924307,0,
0.495953159979335,0.380368098159509,0.411389884508164,0.38234626730202,0.346739945041219,0,
0.354916480110212,0.629623137598598,0.57905217045002,0.51236668935784,0.235573320009993,0,
0.371103840192871,0.653461875547765,0.272003185981681,0.303834808259587,0.290032475643268,0,
0.332874117444464,0.343382997370727,0.49084030266826,0.523031540730656,0.32075943042718,0,
0.331496469777854,0.421034180543383,0.834328952608522,0.192194236442024,0.32075943042718,0,
0.338556914069227,0.442944785276074,0.307447232178415,0.326525981393238,0.298526105420934,0,
0.607026003099707,0.33567046450482,0.392074870569494,0.40571817562968,0.290032475643268,0,
0.385052522817289,0.434706397896582,0.616089207487057,0.28999319264806,0.383962028478641,0,
0.54055450318581,0.421735319894829,0.425925925925926,0.407760381211709,0.296027979015738,0,
0.432236955398657,0.5034180543383,0.302668259657507,0.399818470614931,0.299025730701974,0,
0.482865507146547,0.686765994741455,0.287335722819594,0.311549807125028,0.353984511616288,0,
0.404856208024798,0.675547765118317,0.543010752688172,0.43498978897209,0.32075943042718,0,
0.322197348028242,0.392638036809816,0.525288729589805,0.591785795325618,0.234074444166875,0,
0.270018942655416,0.397370727432077,0.808641975308642,0.627184025414114,0.217586809892581,0,
0.798174616841743,0.359509202453988,0.624452409398646,0.299977308826866,0.29477891581314,0,
0.311692784570346,0.28851884312007,0.465352449223417,0.770138416156115,0.32075943042718,0,
0.66695367659721,0.459947414548641,0.442254082039028,0.389834354436124,0.295528353734699,0,
0.349061477527122,0.635758106923751,0.248705694942254,0.43430905377808,0.273295028728454,0,
0.407783709316342,0.505872042068361,0.30326563122262,0.329702745631949,0.303272545590807,0,
0.448940933356294,0.56669588080631,0.28036638789327,0.323576128885863,0.295528353734699,0,
0.759772688135009,0.299912357581069,0.682397451214655,0.278647606081234,0.28853359980015,0,
0.515412433270191,0.424890446976337,0.20768618080446,0.223508055366462,0.242068448663502,0,
0.621319097640778,0.332515337423313,0.341497411389884,0.391649648286816,0.272545590806895,0,
0.450318581022903,0.744259421560035,0.522700119474313,0.502836396641706,0.417187109667749,0,
0.32271396590322,0.341104294478528,0.65531660692951,0.645110052189698,0.32075943042718,0,
0.421732391940761,0.590885188431201,0.549780963759458,0.639891082368958,0.226829877591806,0,
0.375064577234372,0.588957055214724,0.793508562325767,0.203993646471523,0.32075943042718,0,
0.338901325985879,0.586503067484663,0.604340900039825,0.501474926253687,0.32075943042718,0,
0.411572240399518,0.744609991235758,0.249900438072481,0.308373042886317,0.286035473394954,0,
0.518684346478388,0.472918492550394,0.303663878932696,0.32902201043794,0.33974519110667,0,
0.48183227139659,0.671866783523225,0.293906810035842,0.325164511005219,0.365975518361229,0,
0.649905286722921,0.434005258545136,0.461170848267622,0.435670524166099,0.287284536597552,0,
0.469605648355433,0.708676599474146,0.277379530067702,0.587701384161561,0.22408193854609,0,
0.965903220251421,0.334969325153374,0.337116686579052,0.339006126616746,0.334998750936797,0,
0.315481315653522,0.309027169149869,0.462763839107925,0.576809621057409,0.540844366724956,0,
0.938522472877562,0.187730061349693,0.410792512943051,0.402768323122305,0.303022732950287,0,
0.37472016531772,0.674320771253287,0.557745917960972,0.286816428409349,0.277541843617287,0,
0.0180816256242466,0.351621384750219,0.325567502986858,0.329929657363286,0.297776667499375,0,
0.335973824694334,0.480280455740578,0.766029470330546,0.236215112321307,0.194604046964776,0,
0.543482004477355,0.715512708150745,0.280167264038232,0.428863172226004,0.420184861353984,0,
0.342517651110728,0.484312007011393,0.882915173237754,0.209212616292262,0.242068448663502,0,
0.446013432064749,0.774583698510079,0.255874153723616,0.453369639210347,0.404946290282288,0,
0.334079559152747,0.409640666082384,0.441855834328953,0.460630814613115,0.460904321758681,0,
0.345789564318925,0.552497808939527,0.271804062126643,0.438166553210801,0.290282288283787,0,
0.332874117444464,0.503593339176161,0.6415770609319,0.521216246879964,0.215338496127904,0,
0.832960220423627,0.185977212971078,0.384508164078057,0.379396414794645,0.300274793904572,0,
0.530910969519545,0.46432953549518,0.432297889287137,0.334014068527343,0.355733200099925,0,
0.889615980712933,0.316914986853637,0.336320191158901,0.383480825958702,0.33999500374719,0,
0.381263991734114,0.631551270815074,0.2536837913182,0.315861130020422,0.353734698975768,0,
0.617702772515929,0.675197195442594,0.29868578255675,0.324937599273882,0.293280039970022,0,
0.343378680902359,0.441191936897458,0.873954599761051,0.195371000680735,0.238321259055708,0,
0.337007060444291,0.439789658194566,0.844285145360414,0.199909235307465,0.643017736697477,0,
0.270535560530394,0.424364592462752,0.874551971326165,0.167233945995008,0.216837371971022,0,
0.693645600137765,0.346713409290096,0.340700915969733,0.388472884048105,0.308018985760679,0,
0.367659721026347,0.818229623137599,0.259856630824373,0.292035398230088,0.476892330751936,0,
0.343723092819012,0.548816827344435,0.554559936280366,0.453142727479011,0.277791656257807,0,
0.313587050111934,0.358457493426819,0.441855834328953,0.521216246879964,0.32075943042718,0,
0.49216462889616,0.40578439964943,0.324372759856631,0.380077149988654,0.335998001498876,0,
0.341484415360771,0.453637160385627,0.912982875348467,0.18402541411391,0.32075943042718,0,
0.359221629068366,0.646801051709027,0.258661887694146,0.464034490583163,0.277541843617287,0,
0.329257792319614,0.510780017528484,0.214257268020709,0.281824370319946,0.278790906819885,0,
0.333218529361116,0.401928133216477,0.767821585025886,0.213977762650329,0.254309268048963,0,
0.448940933356294,0.526380368098159,0.485862206292314,0.403449058316315,0.28828378715963,0,
0.425176511107284,0.672918492550394,0.280167264038232,0.42001361470388,0.26280289782663,0,
0.418460478732564,0.473269062226117,0.312425328554361,0.334014068527343,0.306270297277042,0,
0.427587394523851,0.771779141104295,0.278574273197929,0.427728613569322,0.420434673994504,0,
0.237644222490098,0.129710780017528,0.631222620469932,0.214204674381666,0.203347489382963,0,
0.339073531944205,0.334092900964067,0.534249303066507,0.225096437485818,0.81388958281289,0,
0.406750473566385,0.622261174408414,0.726403823178017,0.264125255275698,0.261054209342993,0,
0.361632512484932,0.832778264680105,0.25089605734767,0.299977308826866,0.282787909068199,0,
0.722059583261581,0.279053461875548,0.344086021505376,0.37712729748128,0.309018236322758,0,
0.388324436025486,0.527256792287467,0.254281162883313,0.304742455184933,0.277292030976767,0,
0.333562941277768,0.409465381244522,0.873755475906013,0.166326299069662,0.47414439170622,0,
0.365248837609781,0.638913234005259,0.582238152130625,0.482641252552757,0.257806645016238,0,
0.350439125193732,0.356178790534619,0.479888490641179,0.757204447469934,0.0609542842867849,1,
0.324780437403134,0.317966695880806,0.420549581839904,0.515997277059224,0.32075943042718,1,
0.490098157396246,0.482559158632778,0.694544006371963,0.253460403902882,0.53210092430677,1,
0.360599276734975,0.521121822962314,0.531859816806053,0.460403902881779,0.395453409942543,1,
0.411055622524539,0.560560911481157,0.48984468339307,0.444520081688223,0.249313015238571,1,
0.350094713277079,0.56669588080631,0.601354042214257,0.520762423417291,0.665001249063203,1,
0.388496641983813,0.448378615249781,0.661489446435683,0.259813932380304,0.634024481638771,1,
0.643705872223179,0.624539877300613,0.27299880525687,0.328795098706603,0.300024981264052,1,
0.366109867401412,0.410692375109553,0.522301871764237,0.587701384161561,0.231826130402198,1,
0.348544859652144,0.436985100788782,0.771007566706491,0.57476741547538,0.151636272795403,1,
0.382469433442397,0.465907099035933,0.832138590203106,0.560018152938507,0.245815638271297,1,
0.308765283278801,0.308851884312007,0.514934289127837,0.538461538461539,0.32075943042718,1,
0.343378680902359,0.324276950043821,0.793707686180804,0.617426820966644,0.69223082687984,1,
0.334423971069399,0.306397896581946,0.313819195539626,0.600635352847742,0.713215088683487,1,
0.403995178233167,0.2988606485539,0.671047391477499,0.539369185386885,0.500624531601299,1,
0.306698811778888,0.329360210341805,0.415770609318996,0.494894486044929,0.32075943042718,1,
0.313414844153608,0.357931638913234,0.448028673835125,0.55071477195371,0.32075943042718,1,
0.310487342862063,0.307449605609115,0.491039426523298,0.670524166099387,0.566575068698476,1,
0.392457379025314,0.72532865907099,0.513938669852648,0.471068754254595,0.495378466150387,1,
0.437403134148442,0.623488168273444,0.677021107128634,0.283185840707965,0.281538845865601,1,
0.312381608403651,0.336196319018405,0.549980087614496,0.56501021102791,0.32075943042718,1,
0.315825727570174,0.313584574934268,0.537634408602151,0.641933287950987,0.646015488383712,1,
0.330291028069571,0.290622261174408,0.456192751891677,0.610619469026549,0.781663752185861,1,
0.389185465817117,0.421034180543383,0.545201115093588,0.754481506693896,0.737696727454409,1,
0.252281728947822,0.359859772129711,0.535444046196734,0.687315634218289,0.32075943042718,1,
0.309626313070432,0.291323400525854,0.475308641975309,0.560018152938507,0.785910567074694,1,
0.533149646977785,0.524978089395267,0.709876543209876,0.27501701837985,0.286285286035473,1,
0.30928190115378,0.341279579316389,0.590003982477101,0.62287270251872,0.32075943042718,1,
0.343723092819012,0.334969325153374,0.47331740342493,0.595643294758339,0.633275043717212,1,
0.376614430859308,0.740403155127082,0.252887295898049,0.487406398910824,0.528353734698976,1,
0.35904942311004,0.350043821209465,0.802270011947431,0.549126389834354,0.51911066699975,1,
0.395384880316859,0.350219106047327,0.677817602548785,0.607215793056501,0.466400199850112,1,
0.339417943860858,0.337072743207713,0.688968538430904,0.598366235534377,0.32075943042718,1,
0.272946443946961,0.317090271691499,0.247710075667065,0.160199682323576,0.32075943042718,1,
0.318064405028414,0.342156003505697,0.495619275189168,0.556160653505786,0.180364726455159,1,
0.47287756156363,0.430850131463628,0.847869374751095,0.245972316768777,0.266300274793905,1,
0.532633029102807,0.593865030674847,0.636200716845878,0.489675516224189,0.280789407944042,1,
0.381608403650766,0.441191936897458,0.549183592194345,0.532561833446789,0.143642268298776,1,
0.346650594110556,0.445398773006135,0.522301871764237,0.603131381892444,0.507619285535848,1,
0.372653693817806,0.653286590709904,0.796495420151334,0.270932607215793,0.26904821383962,1,
0.473049767521956,0.595092024539877,0.668060533651932,0.291354663036079,0.286285286035473,1,
0.353711038401929,0.415249780893953,0.884109916367981,0.193555706830043,0.22458156382713,1,
0.355949715860169,0.321998247151621,0.551373954599761,0.55979124120717,0.48063952035973,1,
0.434303426898571,0.415425065731814,0.741537236160892,0.614476968459269,0.664251811141644,1,
0.344584122610642,0.42296231375986,0.765432098765432,0.570456092579986,0.596802398201349,1,
0.321852936111589,0.324276950043821,0.470330545599363,0.786476060812344,0.32075943042718,1,
0.351816772860341,0.395092024539877,0.718040621266428,0.629226230996142,0.706969772670497,1,
0.315653521611848,0.321297107800175,0.566507367582636,0.549353301565691,0.201598800899326,1,
0.364043395901498,0.662576687116564,0.793906810035842,0.267982754708418,0.267799150637022,1,
0.425176511107284,0.616827344434706,0.724611708482676,0.476287724075335,0.272295778166375,1,
0.237816428448424,0.343908851884312,0.538430904022302,0.645110052189698,0.574069447914064,1,
0.314620285861891,0.306573181419807,0.55057745917961,0.802132970274563,0.122158381214089,1,
0.480454623729981,0.445048203330412,0.59279171644763,0.456773315180395,0.380464651511366,1,
0.334768382986051,0.331113058720421,0.779171644763043,0.549126389834354,0.470647014738946,1,
0.370587222317892,0.365644171779141,0.467144563918757,0.603131381892444,0.566075443417437,1,
0.308076459445497,0.322173531989483,0.418558343289526,0.488767869298843,0.32075943042718,1,
0.31375925607026,0.353374233128834,0.442254082039028,0.191740412979351,0.32075943042718,1,
0.329602204236267,0.399824715162138,0.499004380724811,0.743589743589744,0.159630277292031,1,
0.283795419321508,0.346713409290096,0.603345280764636,0.645336963921035,0.32075943042718,1,
0.319442052695023,0.290096406660824,0.469334926324174,0.735874744724302,0.0986759930052461,1,
0.312726020320303,0.316213847502191,0.510951812027081,0.530746539596097,0.32075943042718,1,
0.331152057861202,0.364066608238387,0.821983273596177,0.589970501474926,0.638770921808644,1,
0.410366798691235,0.0429447852760736,0.66726403823178,0.160653505786249,0.234074444166875,1,
0.316514551403479,0.347414548641542,0.566905615292712,0.358747447243022,0.32075943042718,1,
0.343206474944033,0.463803680981595,0.713460772600558,0.585659178579533,0.632525605795653,1,
0.332701911486137,0.367572304995618,0.687375547590601,0.558656682550488,0.220834374219335,1,
0.41639400723265,0.439964943032428,0.719434488251693,0.251418198320853,0.222333250062453,1,
0.360082658859997,0.479579316389132,0.64058144165671,0.740639891082369,0.200599550337247,1,
0.34423971069399,0.347940403155127,0.68936678614098,0.551849330610393,0.497127154634024,1,
0.50111933872912,0.577388255915863,0.624850657108722,0.582482414340821,0.240069947539345,1,
0.47511623902187,0.619807186678352,0.555555555555556,0.276832312230542,0.284536597551836,1,
0.519545376270019,0.376336546888694,0.673636001592991,0.731109598366236,0.195103672245816,1,
0.374547959359394,0.410692375109553,0.642373556352051,0.537553891536192,0.795903072695478,1,
0.546065093852247,0.53216476774759,0.563321385902031,0.516451100521897,0.590557082188359,1,
0.322197348028242,0.180368098159509,0.261648745519713,0.112775130474245,0.0721958531101674,1,
0.386257964525573,0.32182296231376,0.658701712465153,0.660993873383254,0.759680239820135,1,
0.483037713104873,0.716739702015776,0.571883711668658,0.302019514408895,0.283537346989758,1,
0.38952987773377,0.312883435582822,0.663480684986061,0.509416836850465,0.476142892830377,1,
0.394351644566902,0.403155127081507,0.665870171246515,0.649648286816428,0.680739445415938,1,
0.348028241777165,0.346187554776512,0.44026284348865,0.602677558429771,0.32075943042718,1,
0.332185293611159,0.358457493426819,0.517921146953405,0.64306784660767,0.32075943042718,1,
0.364904425693129,0.33794916739702,0.587415372361609,0.595870206489675,0.459155633275044,1,
0.436369898398485,0.618580192813322,0.699920350457985,0.457680962105741,0.275293529852611,1,
0.33304632340279,0.36546888694128,0.502389486260454,0.599273882459723,0.32075943042718,1,
0.318753228861719,0.376336546888694,0.488450816407806,0.761969593828001,0.113914564076942,1,
0.316170139486826,0.27011393514461,0.410195141377937,0.460857726344452,0.53235073694729,1,
0.313931462028586,0.310955302366345,0.510951812027081,0.818924438393465,0.112665500874344,1,
0.352161184776993,0.395793163891323,0.619275189167662,0.596097118221012,0.415938046465151,1,
0.313070432236955,0.319719544259422,0.522301871764237,0.75425459496256,0.514614039470397,1,
0.378164284484243,0.366520595968449,0.789326961369972,0.221465849784434,0.500874344241819,1,
0.264508351988979,0.292550394390885,0.513938669852648,0.792375765827093,0.0347239570322258,1,
0.378680902359222,0.390534618755478,0.231780167264038,0.213977762650329,0.398950786909818,1,
0.327535732736353,0.361086765994741,0.540223018717642,0.436578171091445,0.637022233325006,1,
0.310659548820389,0.331638913234005,0.592592592592593,0.567052416609939,0.199100674494129,1,
0.317375581195109,0.328308501314636,0.487256073277579,0.610619469026549,0.457656757431926,1,
0.331152057861202,0.338299737072743,0.502986857825567,0.824597231676878,0.575318511116662,1,
0.329774410194593,0.298510078878177,0.48984468339307,0.781030179260268,0.632025980514614,1,
0.351300154985362,0.348992112182296,0.795898048586221,0.63262990696619,0.761179115663252,1,
0.379541932150852,0.484136722173532,0.67184388689765,0.272974812797822,0.261054209342993,1,
0.340967797485793,0.352673093777388,0.786340103544405,0.20285908781484,0.439920059955034,1,
0.344067504735664,0.430674846625767,0.512345679012346,0.651463580667121,0.135898076442668,1,
0.443258136731531,0.697107800175285,0.613102349661489,0.491263898343544,0.273045216087934,1,
0.23712760461512,0.350744960560911,0.601354042214257,0.154526889040163,0.136397701723707,1,
0.347167211985535,0.362664329535495,0.508363201911589,0.635806671204901,0.100924306769923,1,
0.325297055278113,0.339526730937774,0.466148944643568,0.538234626730202,0.644766425181114,1,
0.34871706561047,0.375460122699387,0.667463162086818,0.649194463353755,0.80789407944042,1,
0.355949715860169,0.525854513584575,0.282954998008761,0.279101429543907,0.476642518111416,1,
0.363182366109867,0.364592462751972,0.748307447232178,0.572498298162015,0.629028228828379,1,
0.311176166695368,0.341630148992112,0.607925129430506,0.572952121624688,0.32075943042718,1,
0.373686929567763,0.344259421560035,0.715850258861012,0.628545495802133,0.689482887834124,1,
0.328913380402962,0.376687116564417,0.844882516925528,0.644202405264352,0.639770172370722,1,
0.351472360943689,0.446976336546889,0.688172043010753,0.650329022010438,0.32075943042718,1,
0.310487342862063,0.308851884312007,0.486857825567503,0.777172679827547,0.12165875593305,1,
0.315481315653522,0.312532865907099,0.451015531660693,0.24574540503744,0.590057456907319,1,
0.320130876528328,0.35284837861525,0.587813620071685,0.792375765827093,0.32075943042718,1,
0.474083003271913,0.333041191936897,0.746515332536838,0.697980485591105,0.161878591056707,1,
0.316342345445152,0.354425942156003,0.577857427319793,0.728613569321534,0.32075943042718,1,
0.308248665403823,0.351971954425942,0.414974113898845,0.533242568640799,0.32075943042718,1,
0.327880144653005,0.369149868536372,0.542413381123059,0.666666666666667,0.32075943042718,1,
0.313242638195282,0.37353198948291,0.437275985663082,0.648740639891082,0.32075943042718,1,
0.408472533149647,0.338124452234882,0.499601752289924,0.842296346721126,0.178616037971521,1,
0.355949715860169,0.453111305872042,0.680007964954201,0.71454504197867,0.32075943042718,1,
0.412777682107801,0.415425065731814,0.749701314217443,0.549353301565691,0.69223082687984,1,
0.32633029102807,0.307099035933392,0.502190362405416,0.801906058543227,0.693729702722958,1,
0.47735491648011,0.388606485539001,0.871963361210673,0.207170410710234,0.227579315513365,1,
0.308076459445497,0.289044697633655,0.48068498606133,0.476968459269344,0.246065450911816,1,
0.219390390907525,0.102716914986854,0.571286340103544,0.238484229634672,0.240819385460904,1,
0.366626485276391,0.448378615249781,0.865392273994425,0.177671885636487,0.476392705470897,1,
0.461339762355777,0.5034180543383,0.659697331740342,0.489448604492852,0.606545091181614,1,
0.336834854485965,0.448729184925504,0.769215452011151,0.234626730201951,0.247814139395453,1,
0.434992250731875,0.456792287467134,0.756670649143767,0.237803494440663,0.407444416687484,1,
0.384363698983985,0.333041191936897,0.775189167662286,0.674154753800772,0.68573569822633,1,
0.371792664026175,0.327432077125329,0.753086419753086,0.609711822101203,0.124656507619286,1,
0.413810917857758,0.38387379491674,0.680605336519315,0.566371681415929,0.694479140644517,1,
0.392973996900293,0.456266432953549,0.711270410195141,0.694122986158384,0.220834374219335,1,
0.37472016531772,0.429798422436459,0.528673835125448,0.619015203085999,0.191356482638021,1,
0.452557258481143,0.672743207712533,0.277379530067702,0.578851826639437,0.24981264051961,1,
0.311003960737042,0.367922874671341,0.428116288331342,0.615157703653279,0.562827879090682,1,
0.34423971069399,0.381419807186678,0.697331740342493,0.220558202859088,0.447414439170622,1,
0.323919407611503,0.316564417177914,0.727996814018319,0.148854095756751,0.22408193854609,1,
0.338556914069227,0.316389132340053,0.755675029868578,0.585659178579533,0.471146640019985,1,
0.274668503530222,0.354776511831727,0.653922739944245,0.358747447243022,0.32075943042718,1,
0.355260892026864,0.309728308501315,0.751493428912784,0.587928295892898,0.500374718960779,1,
0.318753228861719,0.345135845749343,0.65252887295898,0.649421375085092,0.141893579815139,1,
0.471672119855347,0.630674846625767,0.70131421744325,0.27501701837985,0.278790906819885,1,
0.267435853280523,0.180543382997371,0.269812823576264,0.632176083503517,0.32075943042718,1,
0.3903909075254,0.350219106047327,0.701911589008363,0.638529611980939,0.721458905820634,1,
0.331840881694507,0.404031551270815,0.242731979291119,0.862037667347402,0.0689482887834124,1,
0.479249182021698,0.334268185801928,0.754679410593389,0.645563875652371,0.585810642018486,1,
0.3159979335285,0.367221735319895,0.427120669056153,0.482641252552757,0.32075943042718,1,
0.417082831065955,0.424364592462752,0.648347272003186,0.146584978443386,0.687234574069448,1,
0.329946616152919,0.36091148115688,0.516328156113102,0.744043567052417,0.531351486385211,1,
0.391251937317031,0.665381244522349,0.59836718438869,0.547084184252326,0.228078940794404,1,
0.330291028069571,0.348115687992989,0.57168458781362,0.856591785795326,0.0949288033974519,1,
0.444119166523162,0.358808063102542,0.751095181202708,0.788972089857046,0.190856857356982,1,
0.372825899776132,0.320070113935145,0.807248108323377,0.571817562968005,0.46789907569323,1,
0.327363526778026,0.30692375109553,0.518717642373556,0.812797821647379,0.32075943042718,1,
0.272946443946961,0.341104294478528,0.542612504978096,0.747674154753801,0.113914564076942,1,
