540,5,2,
0.523161701394868,0.505170902716915,0.461768219832736,0.476060812343998,0.580064951286535,0,
0.500947132770794,0.541279579316389,0.305256869772999,0.398683911958248,0.297277042218336,0,
0.42311003960737,0.584399649430324,0.27937076861808,0.419559791241207,0.267799150637022,0,
0.33976235577751,0.413146362839614,0.664675428116288,0.538461538461539,0.423432425680739,0,
0.397106939900121,0.58737949167397,0.834328952608522,0.219196732471069,0.240319760179865,0,
0.374892371276046,0.399649430324277,0.68478693747511,0.282051282051282,0.279290532100924,0,
0.417771654899259,0.706047326906223,0.58821186778176,0.453142727479011,0.274793904571571,0,
0.42311003960737,0.753198948290973,0.271206690561529,0.315180394826413,0.358481139145641,0,
0.437747546065094,0.695530236634531,0.271405814416567,0.410710233719083,0.290032475643268,0,
0.35543309798519,0.559158632778265,0.881919553962565,0.221465849784434,0.258805895578316,0,
0.5464095057689,0.630148992112182,0.290919952210275,0.401860676196959,0.27554334249313,0,
0.341656621319098,0.57353198948291,0.734169653524492,0.496936691626957,0.32075943042718,0,
0.319442052695023,0.368098159509202,0.720430107526882,0.602904470161107,0.458905820634524,0,
0.332185293611159,0.311831726555653,0.467144563918757,0.692080780576356,0.582063452410692,0,
0.365421043568107,0.809991235758107,0.261449621664675,0.312684365781711,0.287534349238071,0,
0.422765627690718,0.81262050832603,0.269613699721227,0.416383027002496,0.282787909068199,0,
0.450662992939556,0.624890446976337,0.274193548387097,0.41479464488314,0.287034723957032,0,
0.416738419149303,0.320595968448729,0.536240541616886,0.817336056274109,0.180114913814639,0,
0.344584122610642,0.571603856266433,0.694743130227001,0.516451100521897,0.242068448663502,0,
0.363182366109867,0.371078001752848,0.610513739545998,0.755162241887906,0.191606295278541,0,
0.51592905114517,0.625416301489921,0.279968140183194,0.407306557749036,0.355983012740445,0,
0.504219045978991,0.391060473269062,0.416965352449223,0.383253914227366,0.341244066949788,0,
0.678319269846737,0.400525854513585,0.333731581043409,0.387111413660086,0.343992005995503,0,
0.399517823316687,0.634355828220859,0.257068896853843,0.310642160199682,0.293030227329503,0,
0.315309109695195,0.317090271691499,0.458980485862206,0.566598593147266,0.545340994254309,0,
0.511107284312037,0.426117440841367,0.809040223018718,0.230769230769231,0.268798401199101,0,
0.324091613569829,0.424364592462752,0.533851055356432,0.648059904697073,0.199600299775169,0,
0.340795591527467,0.405258545135846,0.68837116686579,0.533469480372135,0.223832125905571,0,
0.330291028069571,0.489044697633655,0.667861409796894,0.240072611754028,0.32075943042718,0,
0.336662648527639,0.31954425942156,0.733572281959379,0.571136827773996,0.434673994504122,0,
0.741002238677458,0.431551270815074,0.566109119872561,0.469026548672566,0.286035473394954,0,
0.315825727570174,0.290271691498685,0.451214655515731,0.707510778307238,0.708218835873095,0,
0.414844153607715,0.540929009640666,0.519514137793708,0.266848196051736,0.724956282787909,0,
0.311864990528672,0.29079754601227,0.453205894066109,0.242114817336056,0.0976767424431676,0,
0.407955915274668,0.578965819456617,0.703504579848666,0.261175402768323,0.32075943042718,0,
0.499052867229206,0.635758106923751,0.271007566706491,0.320172452915816,0.294279290532101,0,
0.643878078181505,0.382471516213848,0.396057347670251,0.38688450192875,0.34624031976018,0,
0.389874289650422,0.818755477651183,0.242333731581043,0.529158157476742,0.253310017486885,0,
0.4423971069399,0.533041191936897,0.463162086818001,0.428636260494668,0.246814888833375,0,
0.311692784570346,0.314811568799299,0.508363201911589,0.505559337417744,0.32075943042718,0,
0.416049595315998,0.539351446099912,0.532656312226205,0.307465395960971,0.353734698975768,0,
0.758567246426726,0.327081507449606,0.33452807646356,0.339686861810756,0.355233574818886,0,
0.338384708110901,0.485539000876424,0.528275587415372,0.445200816882233,0.285785660754434,0,
0.453246082314448,0.635758106923751,0.265432098765432,0.312911277513047,0.32075943042718,0,
0.448079903564663,0.727782646801052,0.280764635603345,0.319945541184479,0.28878341244067,0,
0.30704322369554,0.283610867659947,0.420350457984867,0.481279782164738,0.32075943042718,0,
0.483382125021526,0.5011393514461,0.295698924731183,0.333106421601997,0.300524606545091,0,
0.397623557775099,0.470815074496056,0.214257268020709,0.297254368050828,0.272545590806895,0,
0.378680902359222,0.419456617002629,0.700517722023098,0.513501248014522,0.421184111916063,0,
0.349750301360427,0.754601226993865,0.266228594185583,0.305877013841616,0.282787909068199,0,
0.1263991734114,0.465030674846626,0.297491039426523,0.318810982527797,0.283287534349238,0,
0.417943860857586,0.506222611744084,0.475308641975309,0.412298615838439,0.374219335498376,0,
0.327363526778026,0.50464504820333,0.528076463560335,0.432039936464715,0.366475143642268,0,
0.327535732736353,0.350394390885188,0.518916766228594,0.810301792602678,0.143642268298776,0,
0.312553814361977,0.298334794040315,0.459776981282358,0.754027683231223,0.32075943042718,0,
0.817978302049251,0.303067484662577,0.613102349661489,0.291127751304742,0.292030976767424,0,
0.361976924401584,0.340753724802805,0.692751891676623,0.613569321533923,0.230077441918561,0,
0.400551059066644,0.650832602979842,0.267224213460773,0.431586113002042,0.286784911316513,0,
0.460134320647494,0.496406660823839,0.316806053365193,0.335829362378035,0.34599050711966,0,
0.393146202858619,0.674846625766871,0.494026284348865,0.425686407987293,0.382213339995004,0,
0.643361460306527,0.464855390008764,0.465153325368379,0.443385523031541,0.287034723957032,0,
0.329085586361288,0.509553023663453,0.582238152130625,0.471749489448604,0.32075943042718,0,
0.781815050800758,0.469412795793164,0.434687375547591,0.512820512820513,0.280789407944042,0,
0.351300154985362,0.552147239263804,0.469733174034249,0.42069434989789,0.286535098675993,0,
0.650938522472878,0.356529360210342,0.340900039824771,0.343544361243476,0.336497626779915,0,
0.665403822972275,0.547589833479404,0.290521704500199,0.591105060131609,0.252310766924806,0,
0.350783537110384,0.702716914986854,0.502588610115492,0.430678466076696,0.369223082687984,0,
0.340795591527467,0.388957055214724,0.855635205097571,0.238484229634672,0.244066949787659,0,
0.266058205613914,0.520595968448729,0.630824372759857,0.499432720671659,0.413689732700475,0,
0.356121921818495,0.495530236634531,0.75647152528873,0.254594962559564,0.25031226580065,0,
0.361804718443258,0.435758106923751,0.773994424532059,0.202178352620831,0.24381713714714,0,
0.329085586361288,0.326906222611744,0.530465949820788,0.855457227138643,0.32075943042718,0,
0.459101084897537,0.63330411919369,0.304659498207885,0.324937599273882,0.291781164126905,0,
0.66695367659721,0.451007887817704,0.326164874551971,0.402314499659632,0.303022732950287,0,
0.463234027897365,0.719018404907976,0.505774591796097,0.547764919446335,0.264801398950787,0,
0.368692956776304,0.482909728308501,0.794703305455994,0.220785114590424,0.423682238321259,0,
0.568451868434648,0.546362839614373,0.303663878932696,0.329929657363286,0.302523107669248,0,
0.303254692612364,0.279228746713409,0.443249701314217,0.478783753120036,0.619035723207594,0,
0.496814189770966,0.62524101665206,0.268020708880924,0.319945541184479,0.32075943042718,0,
0.375408989151025,0.601402278702892,0.48068498606133,0.476060812343998,0.292780414688983,0,
0.380747373859135,0.588606485539001,0.478096375945838,0.420240526435217,0.287784161878591,0,
0.351472360943689,0.499561787905346,0.259657506969335,0.443385523031541,0.28828378715963,0,
0.330635439986223,0.410166520595968,0.824970131421744,0.608804175175857,0.23107669248064,0,
0.560702600309971,0.605083260297984,0.289127837514934,0.322895393691854,0.359480389707719,0,
0.470294472188738,0.517791411042945,0.305256869772999,0.397549353301566,0.296027979015738,0,
0.493025658687791,0.567572304995618,0.491039426523298,0.310869071931019,0.270297277042218,0,
0.343723092819012,0.452936021034181,0.898247710075667,0.185840707964602,0.227829128153885,0,
0.363182366109867,0.726205083260298,0.281760254878534,0.30428863172226,0.279540344741444,0,
0.345961770277252,0.684662576687117,0.261449621664675,0.310415248468346,0.244566575068699,0,
0.402100912691579,0.564767747589834,0.265830346475508,0.405037440435671,0.291781164126905,0,
0.392112967108662,0.72410166520596,0.276383910792513,0.630360789652825,0.233574818885836,0,
0.364560013776477,0.535845749342682,0.290521704500199,0.3238030406172,0.32075943042718,0,
0.42311003960737,0.513935144609991,0.469534050179211,0.412298615838439,0.296027979015738,0,
0.474771827105218,0.384399649430324,0.336718438868976,0.375312003630588,0.33974519110667,0,
0.560530394351645,0.593163891323401,0.27937076861808,0.423644202405264,0.532600549587809,0,
0.75167900809368,0.378790534618756,0.574870569494225,0.296119809394146,0.290282288283787,0,
0.408816945066299,0.635758106923751,0.556352050975707,0.430224642614023,0.280539595303522,0,
0.341656621319098,0.482208588957055,0.884109916367981,0.203312911277513,0.24381713714714,0,
0.602376442224901,0.557055214723926,0.308243727598566,0.330610392557295,0.361478890831876,0,
0.516962286895126,0.533917616126205,0.294703305455994,0.270705695484457,0.672745440919311,0,
0.810917857757878,0.293777388255916,0.600358422939068,0.296119809394146,0.292030976767424,0,
0.33752367831927,0.390885188431201,0.907606531262445,0.181529385069208,0.32075943042718,0,
0.273635267780265,0.350394390885188,0.653126244524094,0.584070796460177,0.32075943042718,0,
0.505080075770622,0.479228746713409,0.437275985663082,0.40049920580894,0.349987509367974,0,
0.796452557258481,0.493602103418054,0.314416567104739,0.474245518493306,0.271546340244816,0,
0.88703289133804,0.180718667835232,0.498805256869773,0.405037440435671,0.303022732950287,0,
0.366626485276391,0.375460122699387,0.607925129430506,0.742455184933061,0.196852360729453,0,
0.340967797485793,0.588781770376862,0.462365591397849,0.423871114136601,0.289532850362228,0,
0.862063027380747,0.347063978965819,0.425328554360812,0.510551395507148,0.266300274793905,0,
0.260375408989151,0.437160385626643,0.772003185981681,0.189698207397322,0.227579315513365,0,
0.496814189770966,0.809114811568799,0.249303066507368,0.476060812343998,0.251311516362728,0,
0.362493542276563,0.618930762489045,0.535045798486659,0.46811890174722,0.588558581064202,0,
0.314792491820217,0.320245398773006,0.448227797690163,0.591558883594282,0.578316262802898,0,
0.711382813845359,0.281332164767748,0.38331342094783,0.377581120943953,0.342243317511866,0,
0.368520750817978,0.556178790534619,0.511748307447232,0.414113909689131,0.351736197851611,0,
0.610642328224557,0.279404031551271,0.347670250896057,0.379169503063308,0.300774419185611,0,
0.112622696745307,0.0431200701139351,0.293309438470729,0.324937599273882,0.289283037721709,0,
0.573962459101085,0.433829973707274,0.451413779370769,0.288631722260041,0.639020734449163,0,
0.761322541759945,0.346888694127958,0.343090402230187,0.344452008168822,0.334748938296278,0,
0.45272946443947,0.680981595092024,0.275388291517324,0.27501701837985,0.499625281039221,0,
0.344756328568968,0.604206836108677,0.295898048586221,0.316995688677105,0.293280039970022,0,
0.400895470983296,0.723575810692375,0.514336917562724,0.470614930791922,0.565825630776917,0,
0.329257792319614,0.347589833479404,0.543608124253286,0.694803721352394,0.32075943042718,0,
0.337868090235922,0.675021910604733,0.284348864994026,0.412752439301112,0.362727954034474,0,
0.851730669881178,0.176511831726556,0.335125448028674,0.383934649421375,0.305770671996003,0,
0.348544859652144,0.533917616126205,0.4926324173636,0.416383027002496,0.286535098675993,0,
0.35319442052695,0.465907099035933,0.576662684189566,0.469480372135239,0.267549337996503,0,
0.413466505941106,0.594040315512708,0.260852250099562,0.303834808259587,0.289283037721709,0,
0.616152918890994,0.388957055214724,0.514336917562724,0.723848422963467,0.209342992755433,0,
0.359393835026692,0.390709903593339,0.822381521306252,0.211708645336964,0.235323507369473,0,
0.773721370759428,0.282559158632778,0.618478693747511,0.287497163603358,0.394703972020984,0,
0.325297055278113,0.437510955302366,0.645758661887694,0.266621284320399,0.32075943042718,0,
0.689340451179611,0.454163014899211,0.498805256869773,0.319945541184479,0.368223832125906,0,
0.338556914069227,0.41489921121823,0.912783751493429,0.16972997503971,0.483387459405446,0,
0.585500258308937,0.617002629272568,0.465352449223417,0.409121851599728,0.287784161878591,0,
0.834854485965214,0.343908851884312,0.337116686579052,0.380077149988654,0.30751936047964,0,
0.328052350611331,0.35056967572305,0.594982078853047,0.6761969593828,0.220834374219335,0,
0.545204064060617,0.530061349693252,0.45957785742732,0.423190378942591,0.27579315513365,0,
0.324091613569829,0.305872042068361,0.602349661489446,0.749943272067166,0.1541343992006,0,
0.390907525400379,0.473093777388256,0.629032258064516,0.495802132970275,0.647764176867349,0,
0.472016531771999,0.518492550394391,0.463560334528076,0.435897435897436,0.255308518611042,0,
0.704494575512313,0.344609991235758,0.341696535244922,0.388245972316769,0.30751936047964,0,
0.364560013776477,0.495530236634531,0.281959378733572,0.324029952348536,0.29502872845366,0,
0.341828827277424,0.489745836985101,0.27299880525687,0.413886997957794,0.294279290532101,0,
0.33304632340279,0.382296231375986,0.8805256869773,0.194236442024053,0.457906570072446,0,
0.40743929739969,0.544960560911481,0.289326961369972,0.327660540049921,0.30102423182613,0,
0.316170139486826,0.351621384750219,0.454599761051374,0.509189925119129,0.503122658006495,0,
0.425865334940589,0.593865030674847,0.294504181600956,0.318130247333787,0.292030976767424,0,
0.319442052695023,0.409991235758107,0.816806053365193,0.189244383934649,0.32075943042718,0,
0.379025314275874,0.700438212094654,0.242931103146157,0.428636260494668,0.284286784911317,0,
0.396073704150164,0.62418930762489,0.650139386698526,0.30496936691627,0.282787909068199,0,
0.449974169106251,0.710780017528484,0.284547988849064,0.470388019060585,0.492130901823632,0,
0.33304632340279,0.403155127081507,0.796296296296296,0.590878148400272,0.232575568323757,0,
0.79559152746685,0.310780017528484,0.342094782954998,0.376900385749943,0.308518611041719,0,
0.346306182193904,0.594566170026293,0.264834727200319,0.435897435897436,0.32075943042718,0,
0.415705183399346,0.460473269062226,0.718239745121466,0.229180848649875,0.26929802648014,0,
0.379541932150852,0.736897458369851,0.220230983671844,0.446108463807579,0.280539595303522,0,
0.437575340106768,0.535144609991236,0.463361210673039,0.428182437031995,0.24356732450662,0,
0.314792491820217,0.294127957931639,0.47889287136599,0.836396641706376,0.164376717461904,0,
0.372137075942828,0.567922874671341,0.495818399044205,0.41479464488314,0.297027229577817,0,
0.729981057344584,0.451183172655565,0.31063321385902,0.391876560018153,0.387959030726955,0,
0.431375925607026,0.477651183172656,0.478096375945838,0.409121851599728,0.372220834374219,0,
0.49216462889616,0.692199824715162,0.290919952210275,0.322668481960517,0.37821633774669,0,
0.320303082486654,0.411744084136722,0.747909199522103,0.216927615157704,0.255558331251561,0,
0.349061477527122,0.509728308501315,0.507566706491438,0.420921261629226,0.32075943042718,0,
0.357155157568452,0.454513584574934,0.899044205495818,0.603131381892444,0.226829877591806,0,
0.341312209402445,0.537423312883436,0.527279968140183,0.433401406852734,0.360979265550837,0,
0.307559841570518,0.286590709903593,0.417164476304261,0.461084638075789,0.229078191356483,0,
0.301016015154124,0.27361963190184,0.421545201115094,0.465169049239846,0.0479640269797652,0,
0.544343034268986,0.505170902716915,0.439466348068499,0.420240526435217,0.357981513864602,0,
0.314103667986912,0.302366345311131,0.449024293110315,0.592693442250964,0.32075943042718,0,
0.765627690718099,0.329710780017528,0.588610115491836,0.295665985931473,0.284536597551836,0,
0.471155501980368,0.652585451358457,0.26284348864994,0.6761969593828,0.226829877591806,0,
0.476321680730153,0.725854513584575,0.277777777777778,0.312911277513047,0.384211841119161,0,
0.462372998105734,0.426117440841367,0.717443249701314,0.512820512820513,0.251561329003248,0,
0.383158257275702,0.403330411919369,0.72520908004779,0.225777172679828,0.411191606295279,0,
0.347339417943861,0.37353198948291,0.751692552767822,0.157930565010211,0.226330252310767,0,
0.446185638023076,0.744609991235758,0.521704500199124,0.480599046970728,0.428678491131651,0,
0.344928534527295,0.507975460122699,0.618876941457587,0.248014522350806,0.32075943042718,0,
0.704838987428965,0.291498685363716,0.344285145360414,0.346721125482187,0.331501373969523,0,
0.562941277768211,0.48501314636284,0.318598168060534,0.388019060585432,0.30102423182613,0,
0.733597382469433,0.484837861524978,0.433890880127439,0.447469934195598,0.401698725955533,0,
0.567246426726365,0.333917616126205,0.397650338510554,0.393464942137508,0.33949537846615,0,
0.323919407611503,0.46327782646801,0.526483472720032,0.512139777626503,0.32075943042718,0,
0.636817633890133,0.469062226117441,0.326164874551971,0.340594508736102,0.346739945041219,0,
0.511623902187016,0.637686240140228,0.295898048586221,0.324256864079873,0.370971771171621,0,
0.518856552436714,0.427344434706398,0.314615690959777,0.382800090764693,0.304521608793405,0,
0.307732047528844,0.335144609991236,0.229589804858622,0.898797367823917,0.32075943042718,0,
0.416049595315998,0.539351446099912,0.532656312226205,0.410029498525074,0.353734698975768,0,
0.328224556569657,0.429097283085013,0.621067303863003,0.471749489448604,0.259305520859355,0,
0.375236783192698,0.816652059596845,0.237355635205098,0.292489221692761,0.282787909068199,0,
0.773721370759428,0.282559158632778,0.618478693747511,0.287497163603358,0.394953784661504,0,
0.394868262441881,0.636985100788782,0.488849064117881,0.444520081688223,0.32075943042718,0,
0.400551059066644,0.607537248028046,0.582437275985663,0.286135693215339,0.279040719460405,0,
0.794213879800241,0.295530236634531,0.419753086419753,0.392557295212162,0.300524606545091,0,
0.542965386602376,0.331113058720421,0.399044205495818,0.392330383480826,0.302772920309768,0,
0.388324436025486,0.617703768624014,0.295898048586221,0.403902881778988,0.284286784911317,0,
0.471844325813673,0.695004382120947,0.243130227001195,0.565917857953256,0.259305520859355,0,
0.806096090924746,0.325679228746713,0.336320191158901,0.337644656228727,0.306270297277042,0,
0.275185121405201,0.353900087642419,0.678614097968937,0.630360789652825,0.32075943042718,0,
0.572068193559497,0.574583698510079,0.300677021107129,0.327887451781257,0.355983012740445,0,
0.442052695023248,0.669062226117441,0.301075268817204,0.32312230542319,0.292530602048464,0,
0.806268296883072,0.293251533742331,0.631819992035046,0.474472430224643,0.262303272545591,0,
0.317719993111762,0.299912357581069,0.460772600557547,0.844338552303154,0.112415688233825,0,
0.358877217151713,0.554250657318142,0.512544802867383,0.434535965509417,0.280539595303522,0,
0.468744618563802,0.55407537248028,0.312624452409399,0.334694803721352,0.345740694479141,0,
0.619941449974169,0.379141104294479,0.429311031461569,0.33877921488541,0.309018236322758,0,
0.378853108317548,0.320420683610868,0.648944643568299,0.810074880871341,0.139895078690982,0,
0.642672636473222,0.324452234881683,0.386499402628435,0.393238030406172,0.273045216087934,0,
0.426381952815567,0.620858895705521,0.24910394265233,0.312230542319038,0.359730202348239,0,
0.329257792319614,0.297107800175285,0.481879729191557,0.592239618788291,0.32075943042718,0,
0.328224556569657,0.468361086765995,0.725806451612903,0.515997277059224,0.32075943042718,0,
0.340795591527467,0.336371603856266,0.508363201911589,0.639210347174949,0.32075943042718,0,
0.40743929739969,0.794916739702016,0.26284348864994,0.306557749035625,0.407944041968524,0,
0.337007060444291,0.288168273444347,0.484468339307049,0.863399137735421,0.122408193854609,0,
0.516101257103496,0.49079754601227,0.311230585424134,0.431813024733379,0.32075943042718,0,
0.90855863612881,0.176687116564417,0.338311429709279,0.380304061719991,0.304521608793405,0,
0.264680557947305,0.176336546888694,0.217244125846276,0.641025641025641,0.149887584311766,0,
0.316170139486826,0.34250657318142,0.661887694145759,0.628318584070796,0.32075943042718,0,
0.341140003444119,0.530411919368975,0.495021903624054,0.419105967778534,0.292030976767424,0,
0.351127949027036,0.323575810692375,0.751294305057746,0.626730201951441,0.46140394703972,0,
0.378853108317548,0.541454864154251,0.606531262445241,0.461765373269798,0.365725705720709,0,
0.437575340106768,0.613672217353199,0.265830346475508,0.405491263898344,0.32075943042718,0,
0.644911313931462,0.325679228746713,0.776981282357626,0.257771726798275,0.280539595303522,0,
0.624763216807302,0.617353198948291,0.306451612903226,0.327433628318584,0.296527604296777,0,
0.319442052695023,0.377212971078002,0.532457188371167,0.800998411617881,0.1541343992006,0,
0.366454279318064,0.372129710780018,0.62226204699323,0.761061946902655,0.168873344991257,0,
0.799380058550026,0.33444347063979,0.336917562724014,0.378942591331972,0.335748188858356,0,
0.902703633545721,0.331113058720421,0.445240939864596,0.336963921034717,0.307019735198601,0,
0.341484415360771,0.422787028921998,0.900637196336121,0.18788291354663,0.219585311016737,0,
0.35095574306871,0.30920245398773,0.70310633213859,0.647832992965736,0.566575068698476,0,
0.46168417427243,0.630148992112182,0.295898048586221,0.401633764465623,0.280539595303522,0,
0.343378680902359,0.312007011393514,0.711071286340103,0.573405945087361,0.605046215338496,0,
0.363698983984846,0.374233128834356,0.779769016328156,0.798275470841842,0.176367724206845,0,
0.394696056483554,0.66327782646801,0.292712066905615,0.319491717721806,0.360229827629278,0,
0.314275873945238,0.310780017528484,0.450816407805655,0.614476968459269,0.32075943042718,0,
0.473738591355261,0.714285714285714,0.27937076861808,0.427047878375312,0.475393454908818,0,
0.65352161184777,0.34829097283085,0.345081640780565,0.374177444973905,0.310766924806395,0,
0.352333390735319,0.546187554776512,0.488251692552768,0.419559791241207,0.354983762178366,0,
0.485793008438092,0.512883435582822,0.464954201513341,0.433401406852734,0.252060954284287,0,
0.333735147236094,0.312182296231376,0.679410593389088,0.67165872475607,0.49362977766675,0,
0.262786292405717,0.518141980718668,0.651732377538829,0.505786249149081,0.417436922308269,0,
0.80144653004994,0.399298860648554,0.508164078056551,0.432720671658725,0.289283037721709,0,
0.508696400895471,0.678702892199825,0.275388291517324,0.41025641025641,0.361978516112915,0,
0.317719993111762,0.290622261174408,0.454201513341298,0.190605854322668,0.32075943042718,0,
0.333735147236094,0.315863277826468,0.608323377140581,0.73020195144089,0.516862353235074,0,
0.464956087480627,0.537423312883436,0.540223018717642,0.442477876106195,0.171121658755933,0,
0.748407094885483,0.404382120946538,0.333333333333333,0.337871567960064,0.311016737446915,0,
0.648011021181333,0.296231375985977,0.344882516925528,0.379169503063308,0.30776917312016,0,
0.408816945066299,0.704995617879054,0.545599362803664,0.428863172226004,0.366724956282788,0,
0.70415016359566,0.344609991235758,0.341696535244922,0.388245972316769,0.30751936047964,0,
0.692440158429482,0.385451358457493,0.463162086818001,0.633764465622873,0.227079690232326,0,
0.550198036852075,0.634881682734443,0.481083233771406,0.409802586793737,0.354234324256807,0,
0.650077492681247,0.60806310254163,0.470330545599363,0.462446108463808,0.395953035223582,0,
0.394868262441881,0.617703768624014,0.640382317801673,0.279101429543907,0.283037721708718,0,
0.399862235233339,0.773707274320771,0.212066905615293,0.301565690946222,0.28203847114664,0,
0.315825727570174,0.339877300613497,0.652727996814018,0.818016791468119,0.32075943042718,0,
0.317203375236783,0.416827344434706,0.753285543608124,0.230769230769231,0.32075943042718,0,
0.929567763044601,0.30920245398773,0.341298287534847,0.340140685273429,0.310267299525356,0,
0.344928534527295,0.482559158632778,0.557745917960972,0.432947583390061,0.359980014988758,0,
0.390046495608748,0.818930762489045,0.242333731581043,0.529158157476742,0.253310017486885,0,
0.338729120027553,0.360035056967572,0.497809637594584,0.768776945768096,0.692980264801399,0,
0.384535904942311,0.607537248028046,0.488251692552768,0.413433174495121,0.295778166375219,0,
0.372998105734458,0.632077125328659,0.726403823178017,0.535284774222827,0.257556832375718,0,
0.620113655932495,0.320595968448729,0.400438072481083,0.393011118674835,0.282787909068199,0,
0.31823661098674,0.368799298860649,0.668259657506969,0.738143862037667,0.32075943042718,0,
0.587566729808851,0.541805433829974,0.437674233373158,0.474699341955979,0.46789907569323,0,
0.340795591527467,0.406134969325153,0.871764237355635,0.191286589516678,0.32075943042718,0,
0.535216118477699,0.546713409290096,0.294504181600956,0.330610392557295,0.300524606545091,0,
0.707938694678836,0.459246275197195,0.413978494623656,0.410029498525074,0.29502872845366,0,
0.892543482004477,0.316564417177914,0.336320191158901,0.383253914227366,0.341244066949788,0,
0.422765627690718,0.456441717791411,0.303863002787734,0.262083049693669,0.796152885335998,0,
0.654727053556053,0.294829097283085,0.34468339307049,0.380304061719991,0.309018236322758,0,
0.468744618563802,0.514285714285714,0.313620071684588,0.334014068527343,0.348238820884337,0,
0.717926640261753,0.288694127957932,0.385503783353246,0.377354209212616,0.336497626779915,0,
0.41191665231617,0.439439088518843,0.694743130227001,0.513728159745859,0.264801398950787,0,
0.374031341484415,0.639439088518843,0.70589406610912,0.521216246879964,0.245815638271297,0,
0.624935422765628,0.377738825591586,0.398446833930705,0.395734059450874,0.360479640269798,0,
0.358705011193387,0.753724802804557,0.257666268418957,0.304061719990924,0.282538096427679,0,
0.347683829860513,0.41262050832603,0.844086021505376,0.66643975493533,0.32075943042718,0,
0.371276046151197,0.497808939526731,0.802270011947431,0.235080553664624,0.32075943042718,0,
0.620458067849147,0.455390008764242,0.314416567104739,0.386430678466077,0.345241069198101,0,
0.315825727570174,0.351971954425942,0.687176423735564,0.587928295892898,0.460654509118161,0,
0.375408989151025,0.415249780893953,0.744125846276384,0.258452461992285,0.265550836872346,0,
0.42534871706561,0.67011393514461,0.282954998008761,0.413206262763785,0.361478890831876,0,
0.460823144480799,0.382822085889571,0.781959378733572,0.523258452461992,0.412690482138396,0,
0.412433270191149,0.569675723049956,0.309239346873755,0.329702745631949,0.303272545590807,0,
0.313414844153608,0.299211218229623,0.445240939864596,0.584978443385523,0.32075943042718,0,
0.48183227139659,0.704469763365469,0.524691358024691,0.437712729748128,0.32075943042718,0,
0.654210435681075,0.388431200701139,0.32815611310235,0.379169503063308,0.301773669747689,0,
0.330463234027897,0.48624014022787,0.85941855834329,0.161788064442932,0.227079690232326,0,
0.80006888238333,0.505170902716915,0.313819195539626,0.336737009303381,0.304271796152885,0,
0.336662648527639,0.421560035056968,0.927319792911191,0.182890855457227,0.32075943042718,0,
0.344067504735664,0.559684487291849,0.553166069295101,0.856364874063989,0.173619785161129,0,
0.338729120027553,0.465907099035933,0.935483870967742,0.152030859995462,0.32075943042718,0,
0.356121921818495,0.388431200701139,0.802270011947431,0.609484910369866,0.428678491131651,0,
0.330463234027897,0.431200701139351,0.895858223815213,0.191740412979351,0.21134149387959,0,
0.4200103323575,0.560385626643295,0.299283154121864,0.325164511005219,0.299775168623532,0,
0.333390735319442,0.417177914110429,0.81800079649542,0.210800998411618,0.245066200349738,0,
0.346650594110556,0.603505696757231,0.660493827160494,0.525300658044021,0.400199850112416,0,
0.378853108317548,0.541454864154251,0.606531262445241,0.461765373269798,0.27579315513365,0,
0.326846908903048,0.52182296231376,0.503783353245719,0.43430905377808,0.36547589308019,0,
0.367315309109695,0.336897458369851,0.558144165671047,0.884728840481053,0.130402198351237,0,
0.62975718959876,0.484312007011393,0.307447232178415,0.411390968913093,0.295278541094179,0,
0.377819872567591,0.660648553900088,0.274990043807248,0.411617880644429,0.287284536597552,0,
0.320130876528328,0.461700262927257,0.5221027479092,0.434082142046744,0.32075943042718,0,
0.316170139486826,0.297283085013146,0.507566706491438,0.714318130247334,0.32075943042718,0,
0.384191493025659,0.712883435582822,0.595977698128236,0.287043340140685,0.32075943042718,0,
0.620458067849147,0.372304995617879,0.405017921146953,0.391876560018153,0.301773669747689,0,
0.338901325985879,0.466257668711656,0.938470728793309,0.189017472203313,0.32075943042718,0,
0.333390735319442,0.43680981595092,0.782556750298686,0.15021556614477,0.1923557332001,0,
0.30928190115378,0.292900964066608,0.425925925925926,0.466757431359201,0.203597302023482,0,
0.3159979335285,0.309027169149869,0.225408203902828,0.72952121624688,0.760679490382213,0,
0.560185982434992,0.492550394390885,0.491636798088411,0.316088041751759,0.291031726205346,0,
0.733252970552781,0.442243645924627,0.572481083233771,0.46879963694123,0.285036222832875,0,
0.811090063716205,0.350043821209465,0.398845081640781,0.386430678466077,0.337496877341994,0,
0.353883244360255,0.527782646801052,0.61768219832736,0.466984343090538,0.26305271046715,0,
0.445324608231445,0.751270815074496,0.279171644763043,0.316995688677105,0.289782663002748,0,
0.707077664887205,0.461349693251534,0.494424532058941,0.543226684819605,0.260554584061954,0,
0.333218529361116,0.338650306748466,0.483074472321784,0.722486952575448,0.610791906070447,0,
0.33304632340279,0.571428571428571,0.740939864595779,0.201497617426821,0.253310017486885,0,
0.507318753228862,0.430499561787905,0.754082039028276,0.487860222373497,0.393454908818386,0,
0.433270191148614,0.487817703768624,0.463958582238152,0.315861130020422,0.32075943042718,0,
0.266574823488893,0.439789658194566,0.778176025487853,0.133877921488541,0.32075943042718,0,
0.344928534527295,0.479228746713409,0.666268418956591,0.260267755842977,0.266799900074944,0,
0.33304632340279,0.547063978965819,0.783751493428913,0.188790560471976,0.249562827879091,0,
0.322886171861546,0.401577563540754,0.772202309836718,0.187202178352621,0.164626530102423,0,
0.630790425348717,0.526555652936021,0.29689366786141,0.334014068527343,0.34624031976018,0,
0.350266919235405,0.409640666082384,0.94663480684986,0.167687769457681,0.32075943042718,0,
0.354055450318581,0.329184925503944,0.719434488251693,0.605854322668482,0.567074693979515,0,
0.314792491820217,0.310078878177038,0.466547192353644,0.822781937826186,0.32075943042718,0,
0.390563113483726,0.669938650306748,0.662883313420948,0.248695257544815,0.32075943042718,0,
0.438264163940072,0.524802804557406,0.251294305057746,0.310869071931019,0.32075943042718,0,
0.510418460478733,0.749868536371604,0.270808442851454,0.318130247333787,0.287534349238071,0,
0.608920268641295,0.364241893076249,0.393269613699721,0.389153619242115,0.281289033225081,0,
0.458928878939211,0.571779141104295,0.529669454400637,0.65736328568187,0.219835123657257,0,
0.30928190115378,0.289745836985101,0.452409398645958,0.68073519400953,0.606794903822133,0,
0.249526433614603,0.431551270815074,0.585225009956193,0.241434082142047,0.252310766924806,0,
0.317547787153435,0.311130587204207,0.471127041019514,0.534604039028818,0.32075943042718,0,
0.404856208024798,0.430324276950044,0.737953006770211,0.243930111186748,0.424931301523857,0,
0.786809023592216,0.421384750219106,0.467144563918757,0.472203312911277,0.287284536597552,0,
0.359393835026692,0.452234881682734,0.826563122262047,0.183571590651237,0.32075943042718,0,
0.307559841570518,0.313935144609991,0.424532058940661,0.471068754254595,0.550836872345741,0,
0.548131565352161,0.547765118317266,0.495619275189168,0.567733151803948,0.497376967274544,0,
0.361115894609953,0.706397896581946,0.24352847471127,0.443158611300204,0.32075943042718,0,
0.746857241260548,0.317090271691499,0.398645957785743,0.388926707510778,0.308268798401199,0,
0.360599276734975,0.4022787028922,0.823178016726404,0.612434762877241,0.465650761928554,0,
0.344584122610642,0.531288343558282,0.609318996415771,0.786249149081007,0.161129153135149,0,
0.304287928362321,0.28273444347064,0.448227797690163,0.255729521216247,0.32075943042718,0,
0.314792491820217,0.300788781770377,0.465750696933493,0.596777853415022,0.32075943042718,0,
0.548131565352161,0.547765118317266,0.495619275189168,0.567506240072612,0.497127154634024,0,
0.482348889271569,0.358282208588957,0.342891278375149,0.374177444973905,0.303772170871846,0,
0.37472016531772,0.626818580192813,0.647749900438072,0.515543453596551,0.266550087434424,0,
0.451524022731186,0.6045574057844,0.285145360414178,0.432947583390061,0.367224581563827,0,
0.342689857069055,0.378264680105171,0.707487056949422,0.556160653505786,0.32075943042718,0,
0.362321336318237,0.441717791411043,0.730983671843887,0.586793737236215,0.32075943042718,0,
0.826244188048906,0.29535495179667,0.633612106730386,0.285228046289993,0.289283037721709,0,
0.335629412777682,0.433654688869413,0.981879729191557,0.167233945995008,0.32075943042718,0,
0.318064405028414,0.3056967572305,0.465551573078455,0.19310188336737,0.32075943042718,0,
0.667642500430515,0.47361963190184,0.321585025886101,0.339913773542092,0.342493130152386,0,
0.312381608403651,0.296757230499562,0.457984866587017,0.190832766054005,0.888583562328254,0,
0.381091785775788,0.803330411919369,0.276184786937475,0.297935103244838,0.401199100674494,0,
0.446013432064749,0.628921998247152,0.258064516129032,0.307919219423644,0.3592305770672,0,
0.534699500602721,0.710078878177038,0.273994424532059,0.454731109598366,0.395453409942543,0,
0.371103840192871,0.680981595092024,0.232377538829152,0.488767869298843,0.605545840619535,0,
0.395557086275185,0.763365468886941,0.278574273197929,0.427274790106649,0.554833874594054,0,
0.3159979335285,0.334969325153374,0.510553564317005,0.893124574540504,0.32075943042718,0,
0.352161184776993,0.61034180543383,0.26742333731581,0.430905377808033,0.293529852610542,0,
0.379025314275874,0.809815950920245,0.253484667463162,0.429543907420014,0.414439170622033,0,
0.726881350094713,0.303242769500438,0.341696535244922,0.381438620376673,0.303772170871846,0,
0.561047012226623,0.327081507449606,0.345679012345679,0.376900385749943,0.336247814139395,0,
0.510590666437059,0.620333041191937,0.295300677021107,0.320853188109825,0.404946290282288,0,
0.355605303943516,0.514285714285714,0.632616487455197,0.253914227365555,0.32075943042718,0,
0.465644911313931,0.58737949167397,0.483671843886898,0.632176083503517,0.221583812140894,0,
0.341484415360771,0.599474145486415,0.586220629231382,0.488087134104833,0.208843367474394,0,
0.387980024108834,0.609465381244522,0.551772202309837,0.447243022464261,0.368723457406945,0,
0.405889443774755,0.607361963190184,0.486260454002389,0.425005672793283,0.283537346989758,0,
0.584811434475633,0.559859772129711,0.309239346873755,0.390288177898797,0.360229827629278,0,
0.369381780609609,0.655565293602103,0.244922341696535,0.307011572498298,0.287534349238071,0,
0.854830377131049,0.178965819456617,0.336121067303863,0.38166553210801,0.334748938296278,0,
0.309970724987085,0.281682734443471,0.462763839107925,0.316541865214432,0.452910317262054,0,
0.449285345272946,0.628921998247152,0.267622461170848,0.314499659632403,0.293529852610542,0,
0.319097640778371,0.331288343558282,0.45499800876145,0.518266394372589,0.32075943042718,1,
0.322541759944894,0.35056967572305,0.513341298287535,0.671204901293397,0.503622283287534,1,
0.367143103151369,0.340403155127081,0.757467144563919,0.203993646471523,0.434923807144642,1,
0.320130876528328,0.290271691498685,0.485862206292314,0.702064896755162,0.10267299525356,1,
0.319614258653349,0.305521472392638,0.501592990840303,0.825277966870887,0.148888333749688,1,
0.436197692440158,0.660473269062226,0.666666666666667,0.457680962105741,0.280289782663003,1,
0.404339590149819,0.364767747589833,0.746515332536838,0.645790787383708,0.188858356232825,1,
0.34647838815223,0.326906222611744,0.614097968936679,0.535057862491491,0.32075943042718,1,
0.309626313070432,0.353900087642419,0.423337315810434,0.520308599954618,0.32075943042718,1,
0.398312381608404,0.72410166520596,0.496415770609319,0.569094622191967,0.460654509118161,1,
0.3271913208197,0.366520595968449,0.540621266427718,0.640344905831632,0.12790407194604,1,
0.501808162562425,0.549342681858019,0.757268020708881,0.268436578171091,0.280789407944042,1,
0.367831926984674,0.361262050832603,0.499402628434886,0.744043567052417,0.067949038221334,1,
0.313931462028586,0.303067484662577,0.540621266427718,0.502836396641706,0.32075943042718,1,
0.33304632340279,0.359158632778265,0.61668657905217,0.524846834581348,0.650012490632026,1,
0.426898570690546,0.525503943908852,0.612504978096376,0.505786249149081,0.467399450412191,1,
0.38952987773377,0.411042944785276,0.690959776981282,0.261175402768323,0.550087434424182,1,
0.369553986567935,0.336021034180543,0.770808442851454,0.559337417744497,0.48713464901324,1,
0.332013087652833,0.387028921998247,0.520708880923935,0.926253687315634,0.32075943042718,1,
0.322541759944894,0.293777388255916,0.487256073277579,0.717041071023372,0.0422183362478141,1,
0.391251937317031,0.738825591586328,0.258064516129032,0.548445654640345,0.229577816637522,1,
0.364043395901498,0.333742331288344,0.55973715651135,0.60925799863853,0.32075943042718,1,
0.467883588772171,0.445574057843996,0.580246913580247,0.451554345359655,0.378965775668249,1,
0.317375581195109,0.264855390008764,0.536041417761848,0.246199228500113,0.116662503122658,1,
0.386430170483899,0.597370727432077,0.543010752688172,0.495575221238938,0.219835123657257,1,
0.457895643189254,0.396319018404908,0.731780167264038,0.219196732471069,0.561828628528604,1,
0.390735319442053,0.39193689745837,0.765033851055356,0.238257317903336,0.264301773669748,1,
0.446185638023076,0.469588080631025,0.693548387096774,0.554118447923758,0.534099425430927,1,
0.313242638195282,0.34022787028922,0.535444046196734,0.866348990242796,0.129652760429678,1,
0.429481660065438,0.476599474145486,0.570888092393469,0.216019968232358,0.162628028978266,1,
0.330979851902876,0.333742331288344,0.483870967741935,0.763557975947357,0.0352235823132651,1,
0.323402789736525,0.355652936021034,0.707088809239347,0.660313138189244,0.11541343992006,1,
0.395901498191837,0.768448729184926,0.548785344484269,0.492625368731563,0.257057207094679,1,
0.490270363354572,0.337423312883436,0.704898446833931,0.502836396641706,0.258805895578316,1,
0.387980024108834,0.299211218229623,0.694544006371963,0.520762423417291,0.493130152385711,1,
0.371620458067849,0.367572304995618,0.467941059338909,0.617880644429317,0.569822633025231,1,
0.344928534527295,0.466257668711656,0.740342493030665,0.231223054231904,0.32075943042718,1,
0.264336146030653,0.312883435582822,0.494822779769016,0.769684592693442,0,1,
0.357499569485104,0.446099912357581,0.661091198725607,0.553664624461085,0.227829128153885,1,
0.371103840192871,0.307975460122699,0.702907208283552,0.695484456546403,0.744941294029478,1,
0.421560185982435,0.435933391761613,0.521903624054162,0.562060358520535,0.52585560829378,1,
0.368520750817978,0.324802804557406,0.69115890083632,0.610165645563876,0.803397451911067,1,
0.347856035818839,0.413672217353199,0.818996415770609,0.609711822101203,0.613290032475643,1,
0.378336490442569,0.38159509202454,0.77757865392274,0.590424324937599,0.493130152385711,1,
0.269330118822111,0.163014899211218,0.502986857825567,0.190152030859995,0.684486635023732,1,
0.3903909075254,0.655390008764242,0.575268817204301,0.650555933741774,0.230327254559081,1,
0.328913380402962,0.31148115687993,0.511748307447232,0.573405945087361,0.32075943042718,1,
0.342517651110728,0.384925503943909,0.681003584229391,0.955979124120717,0.12190856857357,1,
0.380230755984157,0.774583698510079,0.570091596973317,0.515997277059224,0.257057207094679,1,
0.269157912863785,0.335495179666959,0.137793707686181,0.207170410710234,0.184861353984512,1,
0.355777509901843,0.459070990359334,0.540223018717642,0.544588155207624,0.431676242817887,1,
0.476493886688479,0.320420683610868,0.729589804858622,0.536192421148173,0.258556082937797,1,
0.316686757361805,0.343908851884312,0.466148944643568,0.475380077149989,0.684486635023732,1,
0.409505768899604,0.347414548641542,0.727996814018319,0.752439301111867,0.53210092430677,1,
0.343550886860685,0.37931638913234,0.667064914376742,1,0.116912315763178,1,
0.32633029102807,0.312182296231376,0.515929908403027,0.520535511685954,0.500624531601299,1,
0.316858963320131,0.287291849255039,0.42552767821585,0.438393464942137,0.55108668498626,1,
0.437230928190115,0.460823838737949,0.656113102349661,0.266167460857726,0.285785660754434,1,
0.3271913208197,0.415249780893953,0.483273596176822,0.597231676877695,0.32075943042718,1,
0.411744446357844,0.37581069237511,0.765432098765432,0.204674381665532,0.150137396952286,1,
0.381780609609092,0.497808939526731,0.679012345679012,0.692534604039029,0.208093929552835,1,
0.31375925607026,0.359509202453988,0.611907606531262,0.651917404129794,0.196852360729453,1,
0.34647838815223,0.421560035056968,0.573675826363998,0.648513728159746,0.32075943042718,1,
0.329257792319614,0.335144609991236,0.5,0.663489902427955,0.63452410691981,1,
0.358705011193387,0.301665205959684,0.722819593787336,0.610165645563876,0.14089432925306,1,
0.353538832443603,0.377563540753725,0.625448028673835,0.582482414340821,0.202598051461404,1,
0.366970897193043,0.373356704645048,0.750497809637595,0.185386884501929,0.451411441418936,1,
0.427242982607198,0.45170902716915,0.520908004778972,0.445654640344906,0.524606545091182,1,
0.478560358188393,0.597546012269939,0.717642373556352,0.267755842977082,0.277791656257807,1,
0.445152402273119,0.546187554776512,0.617084826762246,0.677785341502156,0.196852360729453,1,
0.341828827277424,0.476424189307625,0.703902827558742,0.834581347855684,0.32075943042718,1,
0.278112622696745,0.331113058720421,0.547988849064118,0.575901974132063,0.139895078690982,1,
0.345100740485621,0.43453111305872,0.874352847471127,0.212162468799637,0.161378965775668,1,
0.369037368692957,0.468361086765995,0.696535244922342,0.533242568640799,0.497626779915064,1,
0.478560358188393,0.711831726555653,0.496017522899243,0.453142727479011,0.373969522857857,1,
0.32856896848631,0.340753724802805,0.491039426523298,0.73474018606762,0.32075943042718,1,
0.403822972274841,0.339000876424189,0.697729988052569,0.555479918311777,0.597052210841869,1,
0.371103840192871,0.380192813321648,0.734169653524492,0.217608350351713,0.69847614289283,1,
0.311176166695368,0.305346187554776,0.488649940262843,0.781030179260268,0.162877841618786,1,
0.325469261236439,0.380893952673094,0.516129032258065,0.653505786249149,0.539845116162878,1,
0.545720681935595,0.463628396143734,0.697530864197531,0.252325845246199,0.279040719460405,1,
0.337007060444291,0.301314636283961,0.516328156113102,0.577944179714091,0.517112165875593,1,
0.352677802651972,0.374233128834356,0.484468339307049,0.57022918084865,0.694728953285036,1,
0.314448079903565,0.351796669588081,0.444245320589407,0.529838892670751,0.630527104671496,1,
0.349233683485449,0.472567922874671,0.770410195141378,0.615384615384615,0.605795653260055,1,
0.468572412605476,0.319193689745837,0.707487056949422,0.560018152938507,0.259805146140395,1,
0.338212502152574,0.405083260297984,0.487056949422541,0.524393011118675,0.537846615038721,1,
0.311864990528672,0.311831726555653,0.477299880525687,0.714998865441343,0.543592305770672,1,
0.342173239194076,0.406134969325153,0.674830744723218,0.563875652371228,0.32075943042718,1,
0.318753228861719,0.32182296231376,0.463560334528076,0.287950987066031,0.556582563077692,1,
0.340623385569141,0.431375985977213,0.788331342094783,0.548899478103018,0.571821134149388,1,
0.567935250559669,0.417353198948291,0.629032258064516,0.542092126162923,0.503622283287534,1,
0.32047528844498,0.263628396143734,0.329749103942652,0.520762423417291,0.0866849862603048,1,
0.386946788358877,0.419982471516214,0.563520509757069,0.871341048332199,0.138146390207345,1,
0.400895470983296,0.411919368974584,0.787136598964556,0.655321080099841,0.144391706220335,1,
0.528672292061305,0.401752848378615,0.512345679012346,0.503517131835716,0.401948538596053,1,
0.464783881522301,0.551971954425942,0.277777777777778,0.25618334467892,0.432425680739445,1,
0.420182538315826,0.653637160385627,0.705694942254082,0.254821874290901,0.278291281538846,1,
0.394523850525228,0.429097283085013,0.660095579450418,0.209666439754935,0.746689982513115,1,
0.348028241777165,0.350744960560911,0.511350059737157,0.869752666212843,0.842118411191606,1,
0.350439125193732,0.374408413672217,0.523496614894464,0.575221238938053,0.536847364476643,1,
0.388496641983813,0.588431200701139,0.530465949820788,0.298842750170184,0.25655758181364,1,
0.391424143275357,0.361086765994741,0.768418956591,0.257771726798275,0.481139145640769,1,
0.412949888066127,0.654513584574934,0.716646754281163,0.528704334014069,0.264801398950787,1,
0.458240055105907,0.526730937773883,0.658900836320191,0.57022918084865,0.502123407444417,1,
0.324780437403134,0.367397020157756,0.6047391477499,0.519854776491945,0.268048963277542,1,
0.337179266402618,0.35512708150745,0.529470330545599,0.842750170183799,0.32075943042718,1,
0.322369553986568,0.357756354075372,0.468538430904022,0.438847288404811,0.545590806894829,1,
0.346133976235578,0.320595968448729,0.652130625248905,0.698207397322442,0.753934549088184,1,
0.328396762527983,0.38510078878177,0.495221027479092,0.840481052870433,0.124406694978766,1,
0.448424315481316,0.431551270815074,0.680804460374353,0.244157022918085,0.535348488633525,1,
0.313587050111934,0.327957931638913,0.46136997212266,0.464942137508509,0.700974269298026,1,
0.32271396590322,0.356879929886065,0.83731581043409,0.159745858860903,0.751186610042468,1,
0.314620285861891,0.32410166520596,0.538430904022302,0.754481506693896,0.32075943042718,1,
0.331496469777854,0.340929009640666,0.660493827160494,0.502382573179033,0.683237571821134,1,
0.382297227484071,0.405258545135846,0.609119872560733,0.601996823235761,0.766175368473645,1,
0.391251937317031,0.46205083260298,0.654520111509359,0.798048559110506,0.195603297526855,1,
0.397106939900121,0.61840490797546,0.656909597769813,0.64692534604039,0.251811141643767,1,
0.335801618736008,0.361437335670464,0.550975706889685,0.877240753346948,0.32075943042718,1,
0.395729292233511,0.395968448729185,0.798486658701712,0.764238711141366,0.198351236572571,1,
0.426898570690546,0.6022787028922,0.71963361210673,0.263671431813025,0.281039220584562,1,
0.268296883072154,0.320420683610868,0.257268020708881,0.100068073519401,0.32075943042718,1,
0.380747373859135,0.317966695880806,0.727797690163281,0.606988881325164,0.221583812140894,1,
0.509040812812123,0.648378615249781,0.588809239346874,0.285228046289993,0.28853359980015,1,
0.454623729981057,0.489219982471516,0.628833134209478,0.482641252552757,0.656007994004497,1,
0.442569312898226,0.630499561787905,0.691756272401434,0.503063308373043,0.272795403447414,1,
0.359393835026692,0.315687992988606,0.690163281561131,0.979351032448378,0.164876342742943,1,
0.330463234027897,0.317440841367222,0.248904818797292,0.109825277966871,0.163627279540345,1,
0.473221973480282,0.535144609991236,0.710872162485066,0.516678012253234,0.26929802648014,1,
0.313587050111934,0.350219106047327,0.636798088410992,0.358747447243022,0.32075943042718,1,
0.320647494403306,0.311656441717791,0.46594982078853,0.538007714998865,0.32075943042718,1,
0.341828827277424,0.370376862401402,0.552767821585026,0.268209666439755,0.32075943042718,1,
0.378853108317548,0.360736196319018,0.573675826363998,0.664397549353302,0.221583812140894,1,
0.408300327191321,0.336546888694128,0.784348864994026,0.591558883594282,0.635023732200849,1,
0.335973824694334,0.454864154250657,0.510155316606929,0.554572271386431,0.32075943042718,1,
0.327535732736353,0.337072743207713,0.660493827160494,0.505786249149081,0.605545840619535,1,
0.376442224900982,0.428396143733567,0.469334926324174,0.225550260948491,0.611541343992006,1,
0.272946443946961,0.354776511831727,0.626045400238949,0.747447243022464,0.32075943042718,1,
0.334940588944377,0.297458369851008,0.509956192751892,0.56954844565464,0.505370971771172,1,
0.312381608403651,0.314110429447853,0.512146555157308,0.502836396641706,0.32075943042718,1,
0.382813845359049,0.408764241893076,0.658900836320191,0.561152711595189,0.233075193604796,1,
0.445152402273119,0.290096406660824,0.730784547988849,0.529158157476742,0.417436922308269,1,
0.450662992939556,0.527081507449606,0.4778972520908,0.502382573179033,0.270796902323258,1,
0.340623385569141,0.358808063102542,0.451015531660693,0.624687996369412,0.186360229827629,1,
0.355949715860169,0.367221735319895,0.576662684189566,0.717721806217381,0.124656507619286,1,
0.379025314275874,0.313584574934268,0.67184388689765,0.713183571590651,0.746440169872596,1,
0.456517995522645,0.305170902716915,0.757467144563919,0.215112321307012,0.405695728203847,1,
0.45720681935595,0.485889570552147,0.683193946634807,0.521216246879964,0.492880339745191,1,
0.310487342862063,0.312007011393514,0.519912385503783,0.922169276151577,0.0949288033974519,1,
0.395384880316859,0.505170902716915,0.648546395858224,0.517358747447243,0.589058206345241,1,
0.310831754778715,0.336722173531989,0.427917164476304,0.175402768323122,0.32075943042718,1,
0.310831754778715,0.333567046450482,0.43110314615691,0.547084184252326,0.32075943042718,1,
0.385224728775616,0.426117440841367,0.702508960573477,0.665078284547311,0.32075943042718,1,
0.354399862235233,0.315162138475022,0.764635603345281,0.564556387565237,0.418186360229828,1,
0.482004477354916,0.555652936021034,0.569095977698128,0.669389607442705,0.20534599050712,1,
0.371620458067849,0.430499561787905,0.457188371166866,0.235761288858634,0.638021483887085,1,
0.416910625107629,0.49079754601227,0.74352847471127,0.528023598820059,0.645016237821634,1,
0.463234027897365,0.69535495179667,0.506571087216248,0.54095756750624,0.253060204846365,1,
