540,5,2,
0.65128293438953,0.571603856266433,0.299084030266826,0.336056274109371,0.32075943042718,0,
0.483382125021526,0.52760736196319,0.564516129032258,0.476968459269344,0.399700224831376,0,
0.374203547442741,0.738825591586328,0.273795300677021,0.308373042886317,0.281289033225081,0,
0.388324436025486,0.680806310254163,0.63878932696137,0.489902427955525,0.32075943042718,0,
0.360599276734975,0.398948290972831,0.821784149741139,0.701611073292489,0.191856107919061,0,
0.352161184776993,0.531989482909728,0.475906013540422,0.414567733151804,0.355233574818886,0,
0.724642672636473,0.484312007011393,0.45957785742732,0.394599500794191,0.395453409942543,0,
0.55088686068538,0.353549517966696,0.345280764635603,0.346721125482187,0.330502123407444,0,
0.312209402445325,0.304294478527607,0.439068100358423,0.584297708191514,0.593055208593555,0,
0.408816945066299,0.438387379491674,0.705097570688969,0.499886544134332,0.269547839120659,0,
0.33976235577751,0.461524978089395,0.825169255276782,0.240072611754028,0.450412190856857,0,
0.373514723609437,0.788606485539001,0.253285543608124,0.307465395960971,0.282538096427679,0,
0.759083864301705,0.327256792287467,0.33452807646356,0.339686861810756,0.355483387459405,0,
0.942483209919063,0.178965819456617,0.337514934289128,0.339006126616746,0.304521608793405,0,
0.32856896848631,0.461524978089395,0.732178414974114,0.180848649875199,0.186610042468149,0,
0.884449801963148,0.297808939526731,0.340900039824771,0.343998184706149,0.337996502623033,0,
0.563630101601515,0.430324276950044,0.446634806849861,0.309961425005673,0.647014738945791,0,
0.349061477527122,0.707800175284838,0.509956192751892,0.428409348763331,0.368473644766425,0,
0.319442052695023,0.372655565293602,0.664675428116288,0.720898570456093,0.32075943042718,0,
0.411744446357844,0.688869412795793,0.265432098765432,0.279101429543907,0.613040219835124,0,
0.635267780265197,0.674320771253287,0.291517323775388,0.327660540049921,0.298276292780415,0,
0.468572412605476,0.646450482033304,0.287733970529669,0.410483321987747,0.280289782663003,0,
0.384535904942311,0.624364592462752,0.550975706889685,0.471295665985931,0.32075943042718,0,
0.801790941966592,0.407186678352323,0.508363201911589,0.319037894259133,0.299025730701974,0,
0.729120027552953,0.279404031551271,0.389486260454002,0.395053324256864,0.304521608793405,0,
0.381780609609092,0.443821209465381,0.800876144962167,0.228727025187202,0.26255308518611,0,
0.470811090063716,0.414723926380368,0.414177618478694,0.403675970047651,0.298276292780415,0,
0.507490959187188,0.448729184925504,0.802867383512545,0.252552756977536,0.275043717212091,0,
0.472016531771999,0.577563540753725,0.299084030266826,0.403222146584978,0.2178366225331,0,
0.342517651110728,0.458720420683611,0.915372361608921,0.180848649875199,0.236572570572071,0,
0.317547787153435,0.388255915863278,0.669056152927121,0.732244157022918,0.170622033474894,0,
0.516962286895126,0.553198948290973,0.28673835125448,0.32834127524393,0.295278541094179,0,
0.430514895815395,0.57125328659071,0.757068896853843,0.247333787156796,0.400199850112416,0,
0.402617530566558,0.776687116564417,0.259458383114297,0.302246426140231,0.289532850362228,0,
0.407267091441364,0.753374233128834,0.275786539227399,0.417063762196506,0.289532850362228,0,
0.376442224900982,0.510254163014899,0.70131421744325,0.249829816201498,0.26255308518611,0,
0.321852936111589,0.302191060473269,0.498008761449622,0.73405945087361,0.158131401448913,0,
0.562252453934906,0.646099912357581,0.290720828355237,0.323349217154527,0.356982263302523,0,
0.382297227484071,0.766871165644172,0.560533651931501,0.461538461538462,0.32075943042718,0,
0.33752367831927,0.345661700262927,0.516129032258065,0.626730201951441,0.32075943042718,0,
0.254003788531083,0.610867659947415,0.270808442851454,0.299977308826866,0.32075943042718,0,
0.543826416394007,0.35407537248028,0.33731581043409,0.388472884048105,0.350237322008494,0,
0.499052867229206,0.628396143733567,0.497013142174432,0.253914227365555,0.517112165875593,0,
0.319958670570002,0.325679228746713,0.550975706889685,0.716360335829362,0.188108918311267,0,
0.724814878594799,0.284136722173532,0.398048586220629,0.407306557749036,0.303772170871846,0,
0.368865162734631,0.403680981595092,0.783751493428913,0.238030406171999,0.22408193854609,0,
0.350094713277079,0.307449605609115,0.552568697729988,0.847061493079192,0.12190856857357,0,
0.520923023936628,0.443996494303243,0.304062126642772,0.336963921034717,0.33949537846615,0,
0.435508868606854,0.554776511831727,0.287136598964556,0.413206262763785,0.253559830127404,0,
0.731358705011193,0.366871165644172,0.421346077260056,0.528250510551395,0.262303272545591,0,
0.323058377819873,0.309377738825592,0.530665073675826,0.907873837077377,0.10866849862603,0,
0.350783537110384,0.544609991235758,0.830545599362803,0.213750850918992,0.249313015238571,0,
0.334940588944377,0.332340052585451,0.453803265631223,0.579078738370774,0.585061204096927,0,
0.332529705527811,0.431726555652936,0.85941855834329,0.213977762650329,0.32075943042718,0,
0.413122094024453,0.539702015775635,0.611708482676225,0.281370546857273,0.32075943042718,0,
0.641122782848287,0.503067484662577,0.287335722819594,0.403902881778988,0.28878341244067,0,
0.314964697778543,0.328308501314636,0.540820390282756,0.479010664851373,0.32075943042718,0,
0.743413122094024,0.402453987730061,0.418558343289526,0.339006126616746,0.306769922558081,0,
0.673153091096952,0.462927256792287,0.451214655515731,0.478783753120036,0.506869847614289,0,
0.340451179610815,0.466257668711656,0.806650736758264,0.237122759246653,0.458406195353485,0,
0.697089719304288,0.282208588957055,0.391477499004381,0.395734059450874,0.304771421433925,0,
0.410366798691235,0.847852760736196,0.251095181202708,0.431132289539369,0.389457906570072,0,
0.34200103323575,0.41384750219106,0.860812425328554,0.192648059904697,0.32075943042718,0,
0.429137248148786,0.585801928133217,0.509358821186778,0.710914454277286,0.214089432925306,0,
0.455312553814362,0.453111305872042,0.424332935085623,0.334014068527343,0.338745940544592,0,
0.322541759944894,0.401226993865031,0.519912385503783,0.597231676877695,0.225830627029728,0,
0.62751851214052,0.156529360210342,0.334129828753485,0.340821420467438,0.306769922558081,0,
0.419321508524195,0.737773882559159,0.564914376742334,0.278193782618561,0.374718960779415,0,
0.314792491820217,0.308676599474145,0.464356829948228,0.82187429090084,0.32075943042718,0,
0.668331324263819,0.496406660823839,0.540621266427718,0.517131835715906,0.269797651761179,0,
0.318581022903392,0.396143733567046,0.833532457188371,0.190378942591332,0.16662503122658,0,
0.824349922507319,0.17931638913234,0.392871365989646,0.342409802586794,0.334998750936797,0,
0.638884105390046,0.620508326029798,0.259657506969335,0.460857726344452,0.391956032975269,0,
0.336318236610987,0.541454864154251,0.691955396256472,0.60403902881779,0.194104421683737,0,
0.633201308765283,0.473794916739702,0.302668259657507,0.412298615838439,0.297027229577817,0,
0.368176338901326,0.781419807186678,0.259259259259259,0.432266848196052,0.510617037222083,0,
0.416738419149303,0.54601226993865,0.268418956591,0.307238484229635,0.396452660504622,0,
0.448079903564663,0.580368098159509,0.283751493428913,0.314726571363739,0.291281538845866,0,
0.359566040985018,0.4,0.826563122262047,0.209893351486272,0.246814888833375,0,
0.340795591527467,0.520595968448729,0.535244922341696,0.433855230315407,0.291281538845866,0,
0.323402789736525,0.43453111305872,0.730585424133811,0.250510551395507,0.270547089682738,0,
0.516273463061822,0.632953549517967,0.298287534846675,0.325391422736555,0.368223832125906,0,
0.496297571895988,0.643470639789658,0.280565511748307,0.318357159065124,0.291031726205346,0,
0.345789564318925,0.485188431200701,0.738749502190362,0.224188790560472,0.32075943042718,0,
0.392973996900293,0.802629272567923,0.261250497809638,0.518039482641253,0.258306270297277,0,
0.412088858274496,0.648203330411919,0.2463162086818,0.429543907420014,0.360479640269798,0,
0.338729120027553,0.468185801928133,0.557745917960972,0.470388019060585,0.280789407944042,0,
0.313931462028586,0.374233128834356,0.597570688968538,0.138416156115271,0.2305770671996,0,
0.308765283278801,0.281858019281332,0.436877737953007,0.458815520762423,0.32075943042718,0,
0.339245737902531,0.46327782646801,0.736559139784946,0.194690265486726,0.224831376467649,0,
0.453934906147753,0.625065731814198,0.517921146953405,0.600181529385069,0.423432425680739,0,
0.311003960737042,0.339176161262051,0.527678215850259,0.93691853868845,0.0459655258556083,0,
0.564835543309799,0.432427695004382,0.331142970927917,0.383707737690039,0.337247064701474,0,
0.32495264336146,0.323400525854514,0.504181600955794,0.181075561606535,0.789657756682488,0,
0.429481660065438,0.553023663453111,0.518717642373556,0.404356705241661,0.350736947289533,0,
0.458928878939211,0.699561787905346,0.278972520908005,0.613569321533923,0.225580814389208,0,
0.77320475288445,0.411218229623138,0.445838311429709,0.507601542999773,0.279290532100924,0,
0.381952815567419,0.451884312007011,0.302668259657507,0.331971862945314,0.302523107669248,0,
0.477871534355089,0.583523225241017,0.478096375945838,0.690265486725664,0.232075943042718,0,
0.361804718443258,0.378264680105171,0.747311827956989,0.0846380757885183,0.212340744441669,0,
0.365076631651455,0.775284837861525,0.242731979291119,0.453142727479011,0.26305271046715,0,
0.458928878939211,0.595793163891323,0.622859418558343,0.491036986612208,0.534599050711966,0,
0.777509901842604,0.405959684487292,0.45957785742732,0.480599046970728,0.422682987759181,0,
0.497847425520923,0.592638036809816,0.276981282357626,0.312684365781711,0.376467649263053,0,
0.710866195970381,0.349167397020158,0.338510553564317,0.342182890855457,0.332250811891082,0,
0.694678835887722,0.465030674846626,0.412982875348467,0.407079646017699,0.296527604296777,0,
0.360427070776649,0.539176161262051,0.671644763042613,0.260948491036987,0.257556832375718,0,
0.402100912691579,0.771603856266433,0.232178414974114,0.469707283866576,0.273295028728454,0,
0.618908214224212,0.31375985977213,0.448626045400239,0.417063762196506,0.393704721458906,0,
0.311864990528672,0.336021034180543,0.501194743130227,0.936010891763104,0.32075943042718,0,
0.674358532805235,0.320946538124452,0.394663480684986,0.381211708645337,0.298526105420934,0,
0.359738246943344,0.625766871165644,0.285941855834329,0.422282732017245,0.292280789407944,0,
0.517306698811779,0.597370727432077,0.293707686180804,0.313592012707057,0.364976267799151,0,
0.365421043568107,0.525503943908852,0.65989645559538,0.498751985477649,0.446415188608544,0,
0.311003960737042,0.367046450482033,0.720430107526882,0.549807125028364,0.424681488883337,0,
0.499913897020837,0.463803680981595,0.426921545201115,0.403222146584978,0.361478890831876,0,
0.448940933356294,0.501840490797546,0.28952608522501,0.33287950987066,0.32075943042718,0,
0.832960220423627,0.44943032427695,0.321385902031063,0.459269344225096,0.283787159630277,0,
0.314448079903565,0.309027169149869,0.470728793309438,0.625822555026095,0.633025231076692,0,
0.350611331152058,0.501840490797546,0.763241736360016,0.217381438620377,0.222333250062453,0,
0.461339762355777,0.451183172655565,0.508363201911589,0.781030179260268,0.191606295278541,0,
0.334940588944377,0.407887817703769,0.982078853046595,0.184706149307919,0.23082687984012,0,
0.80144653004994,0.308851884312007,0.341099163679809,0.378261856137962,0.305520859355483,0,
0.788186671258825,0.323751095530237,0.33731581043409,0.388245972316769,0.306520109917562,0,
0.314448079903565,0.36091148115688,0.658303464755078,0.687996369412299,0.450911816137897,0,
0.355605303943516,0.573707274320771,0.307447232178415,0.327660540049921,0.298026480139895,0,
0.602032030308249,0.382997370727432,0.425328554360812,0.401633764465623,0.288033974519111,0,
0.334079559152747,0.356178790534619,0.667064914376742,0.792148854095757,0.179115663252561,0,
0.338556914069227,0.785626643295355,0.26742333731581,0.457227138643068,0.576067949038221,0,
0.384535904942311,0.781419807186678,0.275388291517324,0.297481279782165,0.24381713714714,0,
0.925951437919752,0.301489921121823,0.331342094782955,0.337644656228727,0.306020484636523,0,
0.440847253314965,0.699035933391762,0.283950617283951,0.317903335602451,0.288033974519111,0,
0.915619080420182,0.184925503943909,0.430704898446834,0.409575675062401,0.302523107669248,0,
0.344928534527295,0.737598597721297,0.267224213460773,0.408894939868391,0.359980014988758,0,
0.31823661098674,0.492024539877301,0.690760653126244,0.529838892670751,0.32075943042718,0,
0.947477182710522,0.163716038562664,0.393468737554759,0.340140685273429,0.307019735198601,0,
0.643878078181505,0.447502191060473,0.46415770609319,0.438166553210801,0.287034723957032,0,
0.419493714482521,0.646275197195443,0.46694544006372,0.685273428636261,0.235573320009993,0,
0.720854141553298,0.325854513584575,0.409597769812824,0.378488767869299,0.338496127904072,0,
0.363698983984846,0.603856266432954,0.276583034647551,0.410029498525074,0.354234324256807,0,
0.47063888410539,0.426292725679229,0.312425328554361,0.335829362378035,0.32075943042718,0,
0.390563113483726,0.388957055214724,0.701115093588212,0.551168595416383,0.19260554584062,0,
0.421904597899087,0.595267309377739,0.281362007168459,0.314953483095076,0.32075943042718,0,
0.363010160151541,0.398948290972831,0.743329350856233,0.249602904470161,0.259805146140395,0,
0.399690029275013,0.539176161262051,0.276184786937475,0.317222600408441,0.29502872845366,0,
0.349061477527122,0.516213847502191,0.27937076861808,0.431586113002042,0.289283037721709,0,
0.327535732736353,0.495880806310254,0.769215452011151,0.562287270251872,0.32075943042718,0,
0.37695884277596,0.744609991235758,0.269414575866189,0.416609938733833,0.280539595303522,0,
0.748751506802135,0.344434706397897,0.333930704898447,0.376900385749943,0.312015988008993,0,
0.380747373859135,0.576336546888694,0.601951413779371,0.281143635125936,0.32075943042718,0,
0.39176855519201,0.589307624890447,0.475706889685384,0.77762650329022,0.196852360729453,0,
0.354916480110212,0.546538124452235,0.46694544006372,0.418652144315861,0.353734698975768,0,
0.351644566902015,0.675372480280456,0.509757068896854,0.237803494440663,0.32075943042718,0,
0.883416566213191,0.328659070990359,0.410593389088013,0.395280235988201,0.392205845615788,0,
0.646633373514724,0.437510955302366,0.422939068100358,0.411844792375766,0.304271796152885,0,
0.321164112278285,0.399824715162138,0.705097570688969,0.813251645110052,0.32075943042718,0,
0.432581367315309,0.778790534618755,0.266825965750697,0.537100068073519,0.264051961029228,0,
0.325813673153091,0.323575810692375,0.880326563122262,0.204901293396869,0.420434673994504,0,
0.373514723609437,0.543558282208589,0.285145360414178,0.32312230542319,0.295528353734699,0,
0.400378853108318,0.732515337423313,0.25089605734767,0.293169956886771,0.276792405695728,0,
0.479765799896676,0.415950920245399,0.41358024691358,0.404583616972998,0.298526105420934,0,
0.316858963320131,0.335845749342682,0.626443647949024,0.804175175856592,0.165625780664502,0,
0.372309281901154,0.607537248028046,0.285742731979291,0.321533923303835,0.298526105420934,0,
0.48097124160496,0.515162138475022,0.290123456790123,0.4785568413887,0.4484136897327,0,
0.367143103151369,0.603155127081507,0.278176025487853,0.409575675062401,0.355733200099925,0,
0.321164112278285,0.442594215600351,0.613102349661489,0.465169049239846,0.271296527604297,0,
0.462545204064061,0.620157756354075,0.745320589406611,0.248695257544815,0.32075943042718,0,
0.388324436025486,0.706748466257669,0.515133412982875,0.29975039709553,0.28178865850612,0,
0.351988978818667,0.395793163891323,0.878335324571884,0.129566598593147,0.218336247814139,0,
0.340278973652488,0.391060473269062,0.768219832735962,0.72044474699342,0.32075943042718,0,
0.547442741518857,0.386678352322524,0.423934687375548,0.405945087361017,0.297277042218336,0,
0.313070432236955,0.330937773882559,0.610513739545998,0.860449285228046,0.32075943042718,0,
0.710177372137076,0.188606485539001,0.465153325368379,0.639891082368958,0.240819385460904,0,
0.512140520061994,0.54022787028922,0.312425328554361,0.33356024506467,0.346490132400699,0,
0.602893060099879,0.382120946538124,0.632417363600159,0.551622418879056,0.451911066699975,0,
0.350266919235405,0.493602103418054,0.827956989247312,0.207851145904243,0.32075943042718,0,
0.389185465817117,0.57931638913234,0.510155316606929,0.439074200136147,0.370721958531102,0,
0.339245737902531,0.718667835232252,0.273795300677021,0.41479464488314,0.359730202348239,0,
0.524711555019804,0.687817703768624,0.272799681401832,0.31336510097572,0.292530602048464,0,
0.328052350611331,0.342857142857143,0.543010752688172,0.733832539142274,0.203847114664002,0,
0.335801618736008,0.320245398773006,0.799880525686977,0.547311095983662,0.47464401698726,0,
0.403306354399862,0.560560911481157,0.299880525686977,0.326752893124575,0.32075943042718,0,
0.408816945066299,0.438387379491674,0.705097570688969,0.499659632402995,0.269547839120659,0,
0.554330979851903,0.477125328659071,0.316806053365193,0.388926707510778,0.300524606545091,0,
0.87136214913036,0.345311130587204,0.43110314615691,0.51690492398457,0.276292780414689,0,
0.700189426554159,0.440841367221735,0.439466348068499,0.587474472430225,0.252060954284287,0,
0.311692784570346,0.370552147239264,0.711270410195141,0.190605854322668,0.42917811641269,0,
0.633201308765283,0.473794916739702,0.302668259657507,0.412298615838439,0.297277042218336,0,
0.329257792319614,0.623137598597721,0.245718837116687,0.425686407987293,0.365725705720709,0,
0.84088169450663,0.343558282208589,0.425726802070888,0.469480372135239,0.27554334249313,0,
0.335801618736008,0.704469763365469,0.243727598566308,0.500340367597005,0.645016237821634,0,
0.389357671775443,0.777212971078002,0.257268020708881,0.427501701837985,0.431926055458406,0,
0.657137936972619,0.318141980718668,0.383910792512943,0.380077149988654,0.308268798401199,0,
0.447563285689685,0.618755477651183,0.28494623655914,0.312911277513047,0.383212590557082,0,
0.338556914069227,0.559333917616126,0.527080844285145,0.449739051508963,0.277292030976767,0,
0.424143275357327,0.526555652936021,0.287136598964556,0.326979804855911,0.347239570322258,0,
0.877733769588428,0.182646801051709,0.399442453205894,0.384615384615385,0.306020484636523,0,
0.423971069399001,0.480280455740578,0.462564715252887,0.402995234853642,0.300524606545091,0,
0.346822800068882,0.611919368974584,0.67463162086818,0.58452461992285,0.580064951286535,0,
0.389357671775443,0.767747589833479,0.240939864595779,0.446789199001588,0.277042218336248,0,
0.271052178405373,0.442944785276074,0.663281561131023,0.235080553664624,0.32075943042718,0,
0.372309281901154,0.708150744960561,0.539028275587415,0.467891990015884,0.381214089432925,0,
0.523850525228173,0.446099912357581,0.309438470728793,0.336510097572044,0.342243317511866,0,
0.303426898570691,0.272918492550394,0.411589008363202,0.490129339686862,0.32075943042718,0,
0.441708283106595,0.43680981595092,0.619872560732776,0.269117313365101,0.265800649512865,0,
0.83864301704839,0.32532865907099,0.33452807646356,0.397776265032902,0.304771421433925,0,
0.321508524194937,0.303067484662577,0.455993628036639,0.221012026321761,0.772170871846115,0,
0.61270879972447,0.609290096406661,0.301672640382318,0.42001361470388,0.505121159130652,0,
0.710693990012054,0.276950043821209,0.465352449223417,0.640571817562968,0.222583062702973,0,
0.364215601859824,0.708150744960561,0.236160892074871,0.537780803267529,0.541843617287035,0,
0.724814878594799,0.398071866783523,0.443647949024293,0.334467891990016,0.306020484636523,0,
0.32942999827794,0.413496932515337,0.811031461569096,0.205355116859542,0.32075943042718,0,
0.394179438608576,0.388606485539001,0.708880923934687,0.570002269117313,0.181613789657757,0,
0.417255037024281,0.784925503943909,0.260653126244524,0.423190378942591,0.271296527604297,0,
0.392457379025314,0.804382120946538,0.221823974512147,0.294077603812117,0.268048963277542,0,
0.336318236610987,0.704469763365469,0.259259259259259,0.420921261629226,0.362228328753435,0,
0.80368520750818,0.492375109553024,0.437873357228196,0.329248922169276,0.302273295028728,0,
0.672119855346995,0.167046450482033,0.337514934289128,0.337871567960064,0.304521608793405,0,
0.575856724642673,0.522524101665206,0.462962962962963,0.675289312457454,0.223582313265051,0,
0.311864990528672,0.309728308501315,0.261449621664675,0.872021783526208,0.132900324756433,0,
0.436714310315137,0.478527607361963,0.311230585424134,0.282505105513955,0.824381713714714,0,
0.382469433442397,0.789307624890447,0.262246117084827,0.432266848196052,0.468898326255309,0,
0.499913897020837,0.628045574057844,0.292114695340502,0.32312230542319,0.293779665251062,0,
0.902703633545721,0.174583698510079,0.331541218637993,0.376219650555934,0.336747439420435,0,
0.651627346306182,0.567572304995618,0.538829151732378,0.30428863172226,0.3592305770672,0,
0.416566213190976,0.693251533742331,0.266029470330546,0.41615611527116,0.26255308518611,0,
0.31823661098674,0.412971078001753,0.854241338112306,0.206262763784888,0.32075943042718,0,
0.827277423798863,0.184049079754601,0.393667861409797,0.386430678466077,0.29502872845366,0,
0.40743929739969,0.558282208588957,0.62863401035444,0.26072157930565,0.195353484886335,0,
0.749784742552092,0.435933391761613,0.441855834328953,0.448150669389607,0.375218586060455,0,
0.350439125193732,0.617703768624014,0.290322580645161,0.320626276378489,0.29477891581314,0,
0.365937661443086,0.76441717791411,0.278773397052967,0.317449512139778,0.36522608043967,0,
0.314964697778543,0.294829097283085,0.507168458781362,0.692080780576356,0.32075943042718,0,
0.34871706561047,0.429272567922875,0.926722421346077,0.177671885636487,0.229328003997002,0,
0.668159118305493,0.456091148115688,0.454400637196336,0.455638756523712,0.262303272545591,0,
0.325641467194765,0.323575810692375,0.507168458781362,0.847969140004538,0.131401448913315,0,
0.41415532977441,0.654513584574934,0.293707686180804,0.317903335602451,0.289782663002748,0,
0.692440158429482,0.31726555652936,0.397650338510554,0.382800090764693,0.346989757681739,0,
0.317892199070088,0.339877300613497,0.632815611310235,0.813024733378716,0.160629527854109,0,
0.371792664026175,0.562489044697634,0.289326961369972,0.32312230542319,0.295278541094179,0,
0.35457206819356,0.33794916739702,0.703902827558742,0.569321533923304,0.551836122907819,0,
0.329774410194593,0.33567046450482,0.482875348466746,0.513047424551849,0.32075943042718,0,
0.35991045290167,0.45170902716915,0.684189565909996,0.51622418879056,0.207094678990757,0,
0.725503702428104,0.293777388255916,0.53126244524094,0.690265486725664,0.228078940794404,0,
0.43568107456518,0.578264680105171,0.271405814416567,0.316768776945768,0.32075943042718,0,
0.339590149819184,0.543908851884312,0.645161290322581,0.473110959836624,0.260554584061954,0,
0.648011021181333,0.298685363716039,0.391477499004381,0.383253914227366,0.345740694479141,0,
0.340795591527467,0.477125328659071,0.957387495021904,0.188109825277967,0.32075943042718,0,
0.649560874806268,0.279579316389132,0.341099163679809,0.37712729748128,0.300274793904572,0,
0.15464095057689,0.387554776511832,0.305455993628037,0.436124347628772,0.207844116912316,0,
0.338556914069227,0.377212971078002,0.857626443647949,0.239164964828682,0.241069198101424,0,
0.743929739969003,0.422261174408414,0.648745519713262,0.304515543453597,0.294029477891581,0,
0.339073531944205,0.430674846625767,0.802867383512545,0.180394826412526,0.240069947539345,0,
0.315825727570174,0.291148115687993,0.448227797690163,0.628545495802133,0.32075943042718,0,
0.439125193731703,0.649255039439088,0.275786539227399,0.445200816882233,0.665001249063203,0,
0.646633373514724,0.437510955302366,0.422939068100358,0.412071704107102,0.304271796152885,0,
0.313414844153608,0.287116564417178,0.447829549980088,0.771272974812798,0.620784411691232,0,
0.361632512484932,0.412269938650307,0.842094782954998,0.179714091218516,0.427929053210092,0,
0.359566040985018,0.682559158632778,0.27757865392274,0.29975039709553,0.289033225081189,0,
0.267780265197176,0.482208588957055,0.709080047789725,0.177671885636487,0.32075943042718,0,
0.332185293611159,0.311831726555653,0.467144563918757,0.692307692307692,0.582063452410692,0,
0.315309109695195,0.320245398773006,0.621266427718041,0.74449739051509,0.186859855108668,0,
0.316170139486826,0.361612620508326,0.730784547988849,0.602223734967098,0.214838870846865,0,
0.319442052695023,0.322699386503067,0.460573476702509,0.216927615157704,0.32075943042718,0,
0.839848458756673,0.184399649430324,0.340900039824771,0.379169503063308,0.302273295028728,0,
0.449801963147925,0.633128834355828,0.273596176821983,0.322668481960517,0.296027979015738,0,
0.365593249526434,0.54478527607362,0.224412584627638,0.470161107329249,0.597052210841869,0,
0.562596865851558,0.384574934268186,0.621863799283154,0.594962559564329,0.460404696477642,0,
0.415188565524367,0.707975460122699,0.644763042612505,0.258906285454958,0.270796902323258,0,
0.345789564318925,0.44364592462752,0.661688570290721,0.487860222373497,0.240819385460904,0,
0.318925434820045,0.37703768624014,0.606929510155317,0.82573179033356,0.32075943042718,0,
0.847769932839676,0.354951796669588,0.337116686579052,0.344905831631495,0.309268048963278,0,
0.389185465817117,0.467659947414549,0.745121465551573,0.247787610619469,0.26929802648014,0,
0.319786464611676,0.380017528483786,0.544603743528475,0.817789879736782,0.148638521109168,0,
0.334079559152747,0.419807186678352,0.838311429709279,0.189244383934649,0.246565076192855,0,
0.393662820733597,0.654688869412796,0.239545997610514,0.298162014976174,0.279290532100924,0,
0.469433442397107,0.615600350569676,0.255675029868578,0.405491263898344,0.383712215838121,0,
0.30118822111245,0.286765994741455,0.43010752688172,0.257317903335602,0.181114164376717,0,
0.479765799896676,0.436459246275197,0.30884109916368,0.331971862945314,0.305770671996003,0,
0.428792836232134,0.650832602979842,0.282755874153724,0.413206262763785,0.361728703472396,0,
0.438608575856725,0.518317265556529,0.297690163281561,0.438393464942137,0.222083437421934,0,
0.354744274151886,0.577212971078002,0.505973715651135,0.431132289539369,0.275293529852611,0,
0.626140864473911,0.381244522348817,0.403424930306651,0.393691853868845,0.348738446165376,0,
0.385741346650594,0.391060473269062,0.83273596176822,0.176537326979805,0.242318261304022,0,
0.325469261236439,0.31954425942156,0.540820390282756,0.762877240753347,0.194104421683737,0,
0.345789564318925,0.690446976336547,0.260055754679411,0.420240526435217,0.364226829877592,0,
0.686412949888066,0.464154250657318,0.501592990840303,0.319945541184479,0.37172120909318,0,
0.353022214568624,0.694829097283085,0.256869772998805,0.29975039709553,0.286784911316513,0,
0.349578095402101,0.502716914986854,0.75826363998407,0.236442024052643,0.32075943042718,0,
0.345272946443947,0.727081507449606,0.278773397052967,0.26072157930565,0.627529352985261,0,
0.399345617358361,0.529710780017528,0.247710075667065,0.305877013841616,0.280039970022483,0,
0.537627001894265,0.632252410166521,0.252688172043011,0.311095983662355,0.349238071446415,0,
0.328052350611331,0.483786152497809,0.557347670250896,0.432947583390061,0.370222333250062,0,
0.340451179610815,0.385451358457493,0.744922341696535,0.669843430905378,0.208593554833875,0,
0.403478560358188,0.519018404907975,0.309637594583831,0.326752893124575,0.32075943042718,0,
0.627690718098846,0.446625766871166,0.599761051373955,0.601769911504425,0.249562827879091,0,
0.486998450146375,0.465731814198072,0.305057745917961,0.33287950987066,0.32075943042718,0,
0.541415532977441,0.466783523225241,0.427917164476304,0.335148627184025,0.350736947289533,0,
0.417943860857586,0.698334794040316,0.593986459577857,0.453369639210347,0.273295028728454,0,
0.822111245049079,0.315162138475022,0.33910792512943,0.343090537780803,0.308518611041719,0,
0.335801618736008,0.410692375109553,0.763042612504978,0.246879963694123,0.255308518611042,0,
0.378164284484243,0.617703768624014,0.598964555953803,0.450646698434309,0.272045965525856,0,
0.377647666609265,0.631901840490798,0.469932297889287,0.72884048105287,0.217087184611541,0,
0.690545892887894,0.289570552147239,0.438669852648347,0.339459950079419,0.338496127904072,0,
0.347511623902187,0.551270815074496,0.286539227399442,0.321987746766508,0.32075943042718,0,
0.54417082831066,0.372129710780018,0.452409398645958,0.33287950987066,0.304271796152885,0,
0.454623729981057,0.60578439964943,0.730585424133811,0.258679373723621,0.456157881588808,0,
0.349233683485449,0.36669588080631,0.777379530067702,0.544361243476288,0.233325006245316,0,
0.472016531771999,0.518492550394391,0.463560334528076,0.435897435897436,0.255058705970522,0,
0.274496297571896,0.328659070990359,0.641178813221824,0.358747447243022,0.32075943042718,0,
0.378680902359222,0.569325153374233,0.205495818399044,0.279328341275244,0.374968773419935,0,
0.705700017220596,0.435232252410166,0.313620071684588,0.341275243930111,0.32075943042718,0,
0.559669364560014,0.601928133216477,0.479091995221027,0.542319037894259,0.423432425680739,0,
0.745824005510591,0.412094653812445,0.475308641975309,0.542999773088269,0.399450412190857,0,
0.528500086102979,0.618930762489045,0.290322580645161,0.415929203539823,0.366475143642268,0,
0.45135181677286,0.385451358457493,0.327558741537236,0.340140685273429,0.302023482388209,0,
0.314620285861891,0.356178790534619,0.68936678614098,0.85568413886998,0.32075943042718,0,
0.468744618563802,0.615775635407537,0.619076065312624,0.54095756750624,0.264051961029228,0,
0.368348544859652,0.584049079754601,0.821784149741139,0.188109825277967,0.32075943042718,0,
0.655415877389358,0.456441717791411,0.327956989247312,0.400045382346267,0.304521608793405,0,
0.305148958153952,0.290972830850131,0.473715651135006,0.473791695030633,0.430177366974769,0,
0.251592905114517,0.0944785276073619,0.260055754679411,0.293623780349444,0.282787909068199,0,
0.342345445152402,0.388781770376862,0.747710075667065,0.680962105740867,0.207344491631277,0,
0.626657482348889,0.480806310254163,0.315611310234966,0.390288177898797,0.30152385710717,0,
0.273118649905287,0.455565293602103,0.796495420151334,0.21261629226231,0.23082687984012,0,
0.675219562596866,0.289921121822962,0.436678614097969,0.339686861810756,0.336497626779915,0,
0.34200103323575,0.722173531989483,0.271604938271605,0.408668028137055,0.359730202348239,0,
0.329602204236267,0.3954425942156,0.841696535244922,0.606761969593828,0.44891331501374,0,
0.322886171861546,0.451183172655565,0.650139386698526,0.46811890174722,0.274793904571571,0,
0.672464267263647,0.327957931638913,0.395260852250099,0.380530973451327,0.302772920309768,0,
0.467883588772171,0.614548641542507,0.618677817602549,0.543907420013615,0.263802148388708,0,
0.490098157396246,0.748466257668712,0.273197929111908,0.465849784433855,0.267549337996503,0,
0.352850008610298,0.347063978965819,0.850457984866587,0.19310188336737,0.418935798151386,0,
0.589633201308765,0.727432077125329,0.286539227399442,0.329929657363286,0.302023482388209,0,
0.536421560185982,0.500613496932515,0.313620071684588,0.335829362378035,0.343742193354984,0,
0.52040640606165,0.338299737072743,0.394066109119873,0.391649648286816,0.280039970022483,0,
0.3903909075254,0.0872918492550394,0.590402230187176,0.230769230769231,0.32075943042718,0,
0.530222145686241,0.535845749342682,0.436678614097969,0.397549353301566,0.302273295028728,0,
0.824349922507319,0.332515337423313,0.574870569494225,0.301111867483549,0.297277042218336,0,
0.344067504735664,0.450131463628396,0.573078454798885,0.287497163603358,0.164876342742943,0,
0.659721026347512,0.450832602979842,0.45221027479092,0.460857726344452,0.484636522608044,0,
0.786981229550542,0.31954425942156,0.342293906810036,0.343771272974813,0.309018236322758,0,
0.304632340278974,0.331113058720421,0.475109518120271,0.466303607896528,0.32075943042718,0,
0.259858791114173,0.0813321647677476,0.178414974113899,0.227819378261856,0.246565076192855,0,
0.309970724987085,0.303593339176161,0.478494623655914,0.551395507147719,0.555333499875094,0,
0.38952987773377,0.76546888694128,0.235364396654719,0.298615838438847,0.273794654009493,0,
0.336490442569313,0.787028921998247,0.263440860215054,0.642160199682324,0.226829877591806,0,
0.384880316858963,0.612445223488168,0.50278773397053,0.452688904016338,0.229827629278041,0,
0.346995006027209,0.598247151621385,0.262445240939865,0.436578171091445,0.286784911316513,0,
0.774237988634407,0.329184925503944,0.4778972520908,0.514635806671205,0.420934299275543,0,
0.417255037024281,0.655915863277826,0.664078056551175,0.275924665305196,0.278291281538846,0,
0.850008610297916,0.336196319018405,0.333532457188371,0.343090537780803,0.306520109917562,0,
0.542965386602376,0.609465381244522,0.250298685782557,0.317449512139778,0.294029477891581,0,
0.259169967280868,0.0757230499561788,0.739944245320589,0.13455865668255,0.32075943042718,0,
0.602032030308249,0.337773882559159,0.389884508164078,0.406625822555026,0.284786410192356,0,
0.728947821594627,0.279404031551271,0.389486260454002,0.395053324256864,0.304771421433925,0,
0.374375753401068,0.415074496056091,0.714655515730784,0.67097798956206,0.203347489382963,0,
0.609264680557947,0.334794040315513,0.346276383910792,0.379396414794645,0.336247814139395,0,
0.80816256242466,0.300087642418931,0.611509358821187,0.290447016110733,0.291281538845866,0,
0.336662648527639,0.482909728308501,0.656511350059737,0.47787610619469,0.270047464401699,0,
0.765283278801446,0.324452234881683,0.654719235364397,0.283639664170638,0.28853359980015,0,
0.333390735319442,0.313234005258545,0.769812823576264,0.56501021102791,0.482138396202848,0,
0.656449113139315,0.469938650306748,0.326363998407009,0.336737009303381,0.33999500374719,0,
0.460478732564147,0.420333041191937,0.324372759856631,0.340821420467438,0.306270297277042,0,
0.433270191148614,0.593689745836985,0.273397052966945,0.315407306557749,0.292530602048464,0,
0.38143619769244,0.57475898334794,0.602747909199522,0.280462899931926,0.277042218336248,0,
0.667125882555536,0.423838737949167,0.337514934289128,0.382573179033356,0.33974519110667,0,
0.404684002066471,0.741454864154251,0.211071286340104,0.290447016110733,0.282538096427679,0,
0.329946616152919,0.511305872042068,0.588410991636798,0.469026548672566,0.270547089682738,0,
0.368004132943,0.57125328659071,0.594583831142971,0.49217154526889,0.248313764676493,0,
0.522817289478216,0.418580192813322,0.609518120270808,0.610619469026549,0.491381463902073,0,
0.52264508351989,0.330587204206836,0.392672242134608,0.390288177898797,0.267299525355983,0,
0.624418804890649,0.37475898334794,0.401433691756272,0.395507147719537,0.363477391956033,0,
0.303943516445669,0.281507449605609,0.449024293110315,0.698434309053778,0.165126155383462,0,
0.648355433097985,0.323575810692375,0.34010354440462,0.390515089630134,0.301773669747689,0,
0.741518856552437,0.187028921998247,0.336519315013939,0.341048332198775,0.347739195603298,0,
0.763561219218185,0.319368974583699,0.34189565909996,0.374631268436578,0.33349987509368,0,
0.543137592560703,0.447502191060473,0.310234966148945,0.381438620376673,0.307269547839121,0,
0.799380058550026,0.325503943908852,0.342094782954998,0.37712729748128,0.310517112165876,0,
0.534871706561047,0.627519719544259,0.25647152528873,0.313138189244384,0.345740694479141,0,
0.353366626485276,0.433654688869413,0.687574671445639,0.505559337417744,0.191356482638021,0,
0.344756328568968,0.392988606485539,0.866387893269614,0.207170410710234,0.190856857356982,1,
0.330635439986223,0.356879929886065,0.57168458781362,0.653732697980486,0.140644516612541,1,
0.467194764938867,0.637861524978089,0.667861409796894,0.272294077603812,0.280289782663003,1,
0.332357499569485,0.363891323400526,0.947033054559936,0.138643067846608,0.449662752935299,1,
0.58584467022559,0.439263803680982,0.592592592592593,0.520308599954618,0.184111916062953,1,
0.248148785947994,0.341104294478528,0.536240541616886,0.62355343771273,0.0676992255808144,1,
0.35767177544343,0.373006134969325,0.839107925129431,0.190152030859995,0.194354234324257,1,
0.464439469605648,0.50920245398773,0.611509358821187,0.278647606081234,0.565326005495878,1,
0.279662476321681,0.292375109553024,0.480884109916368,0.591558883594282,0.32075943042718,1,
0.32633029102807,0.306047326906223,0.741338112305854,0.641933287950987,0.687984011991007,1,
0.419838126399173,0.332515337423313,0.768618080446037,0.224642614023145,0.418186360229828,1,
0.437230928190115,0.421910604732691,0.628434886499402,0.103698661220785,0.696227829128154,1,
0.35319442052695,0.370201577563541,0.568100358422939,0.765373269798049,0.32075943042718,1,
0.331496469777854,0.296231375985977,0.509956192751892,0.728613569321534,0.0784411691231576,1,
0.400206647149991,0.45749342681858,0.616487455197133,0.538007714998865,0.665500874344242,1,
0.358877217151713,0.784224364592463,0.70131421744325,0.265713637395053,0.277791656257807,1,
0.462028586189082,0.556704645048203,0.286539227399442,0.317676423871114,0.291781164126905,1,
0.396418116066816,0.320946538124452,0.820589406610912,0.56047197640118,0.212090931801149,1,
0.334596177027725,0.393339176161262,0.231780167264038,0.865441343317449,0.0514614039470397,1,
0.3903909075254,0.391761612620508,0.654719235364397,0.218969820739732,0.197851611291531,1,
0.404339590149819,0.364767747589833,0.746714456391876,0.645790787383708,0.188858356232825,1,
0.365248837609781,0.494478527607362,0.6342094782955,0.756977535738598,0.32075943042718,1,
0.403995178233167,0.707274320771253,0.248307447232178,0.442477876106195,0.460654509118161,1,
0.334423971069399,0.372304995617879,0.620868180007965,0.739959155888359,0.32075943042718,1,
0.344584122610642,0.452760736196319,0.699123855037833,0.892216927615158,0.143392455658256,1,
0.364732219734803,0.338299737072743,0.790521704500199,0.587020648967552,0.113165126155383,1,
0.320303082486654,0.406310254163015,0.46415770609319,0.604492852280463,0.572070946789908,1,
0.344756328568968,0.32988606485539,0.481481481481482,0.633991377354209,0.10267299525356,1,
0.331496469777854,0.401577563540754,0.556551174830745,0.231903789425913,0.542343242568074,1,
0.273118649905287,0.145486415425066,0.193548387096774,0.173133651009757,0.206095428428678,1,
0.35457206819356,0.426292725679229,0.838908801274393,0.209439528023599,0.557332000999251,1,
0.32942999827794,0.289570552147239,0.502389486260454,0.799183117767189,0.641518860854359,1,
0.348372653693818,0.333742331288344,0.509557945041816,0.646244610846381,0.32075943042718,1,
0.361115894609953,0.419631901840491,0.717642373556352,0.660086226457908,0.594304271796153,1,
0.373859135526089,0.490446976336547,0.684388689765034,0.699795779441797,0.19210592055958,1,
0.34871706561047,0.36669588080631,0.509557945041816,0.670297254368051,0.151636272795403,1,
0.303254692612364,0.281156879929886,0.499601752289924,0.302473337871568,0.252060954284287,1,
0.53159979335285,0.374934268185802,0.853245718837117,0.230769230769231,0.260054958780914,1,
0.340623385569141,0.326205083260298,0.439267224213461,0.668028137054686,0.513364976267799,1,
0.314792491820217,0.337423312883436,0.441457586618877,0.495348309507602,0.649263052710467,1,
0.326674702944722,0.356178790534619,0.691557148546396,0.590197413206263,0.190856857356982,1,
0.322369553986568,0.30464504820333,0.752887295898048,0.576355797594736,0.0696977267049713,1,
0.340623385569141,0.59649430324277,0.530465949820788,0.672566371681416,0.217336997252061,1,
0.335457206819356,0.33794916739702,0.498606133014735,0.584070796460177,0.620534599050712,1,
0.337868090235922,0.425591586327783,0.79689366786141,0.206262763784888,0.180864351736198,1,
0.334940588944377,0.294829097283085,0.511150935882119,0.797594735647833,0.667749188108918,1,
0.366970897193043,0.351971954425942,0.835722819593787,0.201270705695484,0.49337996502623,1,
0.480626829688307,0.383347940403155,0.698725607327758,0.508055366462446,0.255058705970522,1,
0.36214913035991,0.42418930762489,0.838908801274393,0.20285908781484,0.32075943042718,1,
0.402100912691579,0.409815950920245,0.787335722819594,0.62741093714545,0.528603547339495,1,
0.340795591527467,0.355477651183173,0.549382716049383,0.620149761742682,0.32075943042718,1,
0.396590322025142,0.665381244522349,0.554360812425329,0.648967551622419,0.2305770671996,1,
0.369553986567935,0.339702015775635,0.800876144962167,0.541865214431586,0.620284786410192,1,
0.416221801274324,0.439964943032428,0.719434488251693,0.251418198320853,0.222333250062453,1,
0.337351472360944,0.383523225241017,0.51931501393867,0.821420467438167,0.32075943042718,1,
0.32942999827794,0.338650306748466,0.658701712465153,0.500113455865668,0.32075943042718,1,
0.373514723609437,0.319368974583699,0.592592592592593,0.791014295439074,0.32075943042718,1,
0.355605303943516,0.387204206836109,0.600955794504182,0.619469026548673,0.515613290032476,1,
0.362665748234889,0.410692375109553,0.599163679808841,0.823235761288859,0.32075943042718,1,
0.39400723265025,0.310078878177038,0.801274392672242,0.643521670070343,0.638021483887085,1,
0.334596177027725,0.321121822962314,0.457188371166866,0.664624461084638,0.109917561828629,1,
0.380402961942483,0.566345311130587,0.59557945041816,0.288631722260041,0.252560579565326,1,
0.399001205441708,0.516739702015776,0.755675029868578,0.222600408441116,0.25630776917312,1,
0.318581022903392,0.377563540753725,0.551573078454799,0.773315180394826,0.32075943042718,1,
0.308765283278801,0.340052585451358,0.590003982477101,0.627184025414114,0.32075943042718,1,
0.345100740485621,0.330937773882559,0.604938271604938,0.531654186521443,0.32075943042718,1,
0.441363871189943,0.352673093777388,0.746913580246914,0.788972089857046,0.186859855108668,1,
0.458756672980885,0.491673970201577,0.610712863401035,0.550487860222374,0.616537596802398,1,
0.314103667986912,0.342857142857143,0.440661091198726,0.510551395507148,0.629028228828379,1,
0.310315136903737,0.322699386503067,0.429908403026683,0.543226684819605,0.32075943042718,1,
0.31152057861202,0.310604732690622,0.538032656312226,0.556160653505786,0.32075943042718,1,
0.450146375064577,0.536546888694128,0.4852648347272,0.309507601543,0.293280039970022,1,
0.404856208024798,0.707099035933392,0.541019514137794,0.563648740639891,0.240569572820385,1,
0.268296883072154,0.340052585451358,0.480286738351254,0.631722260040844,0.10891831126655,1,
0.371964869984501,0.796669588080631,0.60015929908403,0.519854776491945,0.26929802648014,1,
0.344067504735664,0.524627519719544,0.660892074870569,0.692534604039029,0.169123157631776,1,
0.339934561735836,0.364066608238387,0.55057745917961,0.448831404583617,0.515613290032476,1,
0.419493714482521,0.364066608238387,0.727399442453206,0.853641933287951,0.182862852860355,1,
0.388841053900465,0.315687992988606,0.780764635603345,0.554118447923758,0.707219585311017,1,
0.324436025486482,0.355652936021034,0.534050179211469,0.780349444066258,0.32075943042718,1,
0.314275873945238,0.407887817703769,0.492433293508562,0.682777399591559,0.32075943042718,1,
0.386430170483899,0.597546012269939,0.54320987654321,0.495575221238938,0.219585311016737,1,
0.48854830377131,0.338299737072743,0.702309836718439,0.503063308373043,0.255808143892081,1,
0.428104012398829,0.328308501314636,0.671246515332537,0.752893124574541,0.131651261553835,1,
0.399173411400034,0.475372480280456,0.715452011150936,0.662355343771273,0.2305770671996,1,
0.409161356982952,0.623663453111306,0.634607726005575,0.61833446789199,0.244066949787659,1,
0.360943688651627,0.342857142857143,0.666666666666667,0.809167233945995,0.32075943042718,1,
0.31375925607026,0.377563540753725,0.457586618876941,0.628999319264806,0.32075943042718,1,
0.318581022903392,0.346888694127958,0.501393866985265,0.138869979577944,0.32075943042718,1,
0.323919407611503,0.351446099912358,0.606531262445241,0.754708418425233,0.193854609043218,1,
0.344067504735664,0.345135845749343,0.679609717244126,0.535284774222827,0.498875843117662,1,
0.332874117444464,0.300087642418931,0.679410593389088,0.700022691173134,0.846864851361479,1,
0.308765283278801,0.310254163014899,0.512743926722421,0.926026775584298,0.32075943042718,1,
0.397795763733425,0.447326906222612,0.58363201911589,0.636487406398911,0.213090182363228,1,
0.348200447735492,0.579842243645925,0.598964555953803,0.552983889267075,0.60879340494629,1,
0.376442224900982,0.438737949167397,0.538032656312226,0.66643975493533,0.175868098925806,1,
0.499397279145858,0.486590709903593,0.722620469932298,0.240753346948037,0.273045216087934,1,
0.3271913208197,0.336196319018405,0.653325368379132,0.502155661447697,0.642018486135398,1,
0.319958670570002,0.2988606485539,0.573874950219036,0.268436578171091,0.444416687484387,1,
0.310831754778715,0.323225241016652,0.429111907606531,0.546857272520989,0.32075943042718,1,
0.356638539693473,0.751971954425942,0.275985663082437,0.63716814159292,0.223582313265051,1,
0.377647666609265,0.622261174408414,0.603743528474711,0.672793283412752,0.210342243317512,1,
0.365076631651455,0.342857142857143,0.825169255276782,0.195597912412072,0.549837621783662,1,
0.324091613569829,0.372129710780018,0.63878932696137,0.750397095529839,0.161129153135149,1,
0.3271913208197,0.352497808939527,0.476503385105536,0.854549580213297,0.0612040969273045,1,
0.412433270191149,0.445574057843996,0.668657905217045,0.286589516678012,0.254059455408444,1,
0.350266919235405,0.385276073619632,0.54320987654321,0.559337417744497,0.516862353235074,1,
0.340278973652488,0.454338299737073,0.830744723217842,0.211027910142954,0.32075943042718,1,
0.340451179610815,0.373707274320771,0.622062923138192,0.503970955298389,0.32075943042718,1,
0.38367487515068,0.398948290972831,0.681600955794504,0.263898343544361,0.588308768423682,1,
0.33166867573618,0.380192813321648,0.565909996017523,0.817562968005446,0.136397701723707,1,
0.359738246943344,0.329009640666082,0.541616885702907,0.615157703653279,0.32075943042718,1,
0.323747201653177,0.351621384750219,0.546794105933891,0.77240753346948,0.125405945540844,1,
0.415877389357672,0.381069237510955,0.72242134607726,0.833900612661675,0.165625780664502,1,
0.335973824694334,0.322173531989483,0.589207487056949,0.595189471295666,0.32075943042718,1,
0.333218529361116,0.430850131463628,0.478693747510952,0.793964147946449,0.32075943042718,1,
0.445324608231445,0.505170902716915,0.823178016726404,0.231676877694577,0.263802148388708,1,
0.354744274151886,0.33567046450482,0.519115890083632,0.699341955979124,0.599300524606545,1,
0.339417943860858,0.327957931638913,0.450418160095579,0.684138869979578,0.533349987509368,1,
0.356466333735147,0.374583698510079,0.539824771007567,0.728159745858861,0.0612040969273045,1,
0.362665748234889,0.683786152497809,0.763042612504978,0.265032902201044,0.276542593055209,1,
0.312381608403651,0.340403155127081,0.230784547988849,0.829362378034944,0.110666999750187,1,
0.27432409161357,0.142331288343558,0.230386300278773,0.012480145223508,0.32075943042718,1,
0.343895298777338,0.328133216476775,0.432497013142174,0.650555933741774,0.532850362228329,1,
0.31152057861202,0.309903593339176,0.537435284747113,0.530519627864761,0.32075943042718,1,
0.348200447735492,0.354776511831727,0.513938669852648,0.878148400272294,0.851611291531351,1,
0.46168417427243,0.507624890446976,0.659099960175229,0.624687996369412,0.171621284036972,1,
0.402273118649905,0.350920245398773,0.744324970131422,0.706149307919219,0.501873594803897,1,
0.370931634234544,0.406134969325153,0.620270808442851,0.547764919446335,0.832625530851861,1,
0.339590149819184,0.324978089395267,0.526483472720032,0.627637848876787,0.593554833874594,1,
0.346133976235578,0.399649430324277,0.669653524492234,0.600635352847742,0.480389707719211,1,
0.38815223006716,0.270990359333918,0.67921146953405,0.556841388699796,0.170372220834374,1,
0.349405889443775,0.606485539000876,0.546993229788929,0.457680962105741,0.239320509617787,1,
0.366454279318064,0.320245398773006,0.768817204301075,0.525073746312684,0.432925306020485,1,
0.424143275357327,0.48045574057844,0.658502588610115,0.290900839573406,0.242568073944542,1,
0.309798519028758,0.2988606485539,0.515531660692951,0.515770365327887,0.446165375968024,1,
0.33166867573618,0.339351446099912,0.478494623655914,0.664397549353302,0.32075943042718,1,
0.329257792319614,0.363365468886941,0.54320987654321,0.269571136827774,0.623032725455908,1,
0.31375925607026,0.330937773882559,0.547590601354042,0.358747447243022,0.32075943042718,1,
0.470122266230412,0.478352322524102,0.642373556352051,0.26594054912639,0.599550337247065,1,
0.403478560358188,0.419456617002629,0.791119076065313,0.669843430905378,0.181613789657757,1,
0.323230583778199,0.328308501314636,0.473715651135006,0.736555479918312,0.616537596802398,1,
0.333735147236094,0.339526730937774,0.513341298287535,0.554799183117767,0.0914314264301774,1,
0.315481315653522,0.323225241016652,0.524492234169654,0.866348990242796,0.32075943042718,1,
0.444463578439814,0.458720420683611,0.706690561529271,0.607896528250511,0.529103172620535,1,
0.410883416566213,0.419982471516214,0.598168060533652,0.596777853415022,0.780414688983262,1,
0.594454968141898,0.490271691498685,0.614097968936679,0.259587020648968,0.482638021483887,1,
0.31152057861202,0.354776511831727,0.427120669056153,0.490129339686862,0.32075943042718,1,
0.322369553986568,0.344434706397897,0.690362405416169,0.551622418879056,0.207344491631277,1,
0.385741346650594,0.524627519719544,0.748506571087216,0.683685046516905,0.213090182363228,1,
0.413983123816084,0.36546888694128,0.664874551971326,0.791014295439074,0.108418685985511,1,
0.332357499569485,0.302366345311131,0.469135802469136,0.74903562514182,0.745191106669997,1,
0.36352677802652,0.361612620508326,0.78494623655914,0.549126389834354,0.208093929552835,1,
0.325813673153091,0.342857142857143,0.565909996017523,0.518493306103926,0.620534599050712,1,
0.343378680902359,0.420858895705521,0.511549183592194,0.610846380757885,0.119660254808893,1,
0.3791975202342,0.688869412795793,0.544603743528475,0.582482414340821,0.457406944791406,1,
0.470294472188738,0.334969325153374,0.734567901234568,0.706376219650556,0.153135148638521,1,
0.355605303943516,0.38615249780894,0.542214257268021,0.701157249829816,0.32075943042718,1,
0.344756328568968,0.354776511831727,0.504181600955794,0.63716814159292,0.136647514364227,1,
