541,5,2,
0.352505596693646,0.317966695880806,0.741138988450816,0.653278874517813,0.49387959030727,0,
0.620285861890821,0.392287467134093,0.433492632417364,0.401633764465623,0.247564326754934,0,
0.496814189770966,0.809114811568799,0.249303066507368,0.476060812343998,0.251311516362728,0,
0.5576028930601,0.331113058720421,0.345280764635603,0.377808032675289,0.338496127904072,0,
0.328224556569657,0.429097283085013,0.621067303863003,0.471749489448604,0.259305520859355,0,
0.511623902187016,0.637686240140228,0.295898048586221,0.324256864079873,0.370971771171621,0,
0.349750301360427,0.709903593339176,0.258661887694146,0.297708191513501,0.287284536597552,0,
0.490098157396246,0.674145486415425,0.277379530067702,0.317903335602451,0.351986010492131,0,
0.33304632340279,0.426818580192813,0.738152130625249,0.233492171545269,0.32075943042718,0,
0.323919407611503,0.46327782646801,0.526483472720032,0.512139777626503,0.32075943042718,0,
0.314275873945238,0.284312007011393,0.454400637196336,0.499432720671659,0.0809392955283537,0,
0.416910625107629,0.320595968448729,0.536439665471923,0.817562968005446,0.180114913814639,0,
0.412949888066127,0.561262050832603,0.293110314615691,0.398003176764239,0.300524606545091,0,
0.262786292405717,0.518141980718668,0.651732377538829,0.505786249149081,0.417436922308269,0,
0.506113311520579,0.564241893076249,0.479490242931103,0.520989335148627,0.505870597052211,0,
0.816772860340968,0.17703768624014,0.392871365989646,0.342409802586794,0.30751936047964,0,
0.568451868434648,0.618229623137599,0.580047789725209,0.489448604492852,0.278790906819885,0,
0.608059238849664,0.714811568799299,0.288928713659896,0.320399364647152,0.296027979015738,0,
0.648011021181333,0.298685363716039,0.391477499004381,0.383253914227366,0.345740694479141,0,
0.598587911141725,0.429447852760736,0.327757865392274,0.34263671431813,0.338995753185111,0,
0.380230755984157,0.747414548641543,0.263839107925129,0.418425232584525,0.281039220584562,0,
0.15464095057689,0.387554776511832,0.305455993628037,0.436124347628772,0.207844116912316,0,
0.50111933872912,0.550043821209465,0.541417761847869,0.463807578851827,0.395953035223582,0,
0.689168245221285,0.294127957931639,0.345081640780565,0.346948037213524,0.332000999250562,0,
0.326158085069743,0.453812445223488,0.705495818399044,0.529838892670751,0.32075943042718,0,
0.672119855346995,0.452059596844873,0.45499800876145,0.457907873837077,0.262053459905071,0,
0.384019287067333,0.631200701139351,0.255276782158503,0.316541865214432,0.352985261054209,0,
0.375581195109351,0.684837861524978,0.656909597769813,0.537780803267529,0.260804396702473,0,
0.348372653693818,0.444347063978966,0.875348466746316,0.199455411844792,0.212590557082188,0,
0.589460995350439,0.61262050832603,0.287933094384707,0.294985250737463,0.501373969522858,0,
0.627690718098846,0.446625766871166,0.599761051373955,0.601769911504425,0.249562827879091,0,
0.377475460650939,0.689044697633655,0.244723217841497,0.42977081915135,0.284036972270797,0,
0.39848458756673,0.667659947414549,0.608721624850657,0.484229634672113,0.274793904571571,0,
0.384535904942311,0.607537248028046,0.488251692552768,0.413433174495121,0.295778166375219,0,
0.384191493025659,0.601577563540754,0.283950617283951,0.313138189244384,0.29502872845366,0,
0.44015842948166,0.561262050832603,0.599163679808841,0.441797140912185,0.32075943042718,0,
0.31823661098674,0.368799298860649,0.668259657506969,0.738143862037667,0.32075943042718,0,
0.418460478732564,0.745836985100789,0.264237355635205,0.315861130020422,0.287534349238071,0,
0.805062855174789,0.335144609991236,0.337714058144166,0.378261856137962,0.308268798401199,0,
0.333735147236094,0.315863277826468,0.608323377140581,0.73020195144089,0.516862353235074,0,
0.452040640606165,0.636283961437336,0.281760254878534,0.326072157930565,0.299775168623532,0,
0.277251592905114,0.330587204206836,0.598765432098765,0.886771046063081,0.0709467899075693,0,
0.408816945066299,0.704995617879054,0.545599362803664,0.428863172226004,0.366724956282788,0,
0.859996555880833,0.308851884312007,0.338510553564317,0.378942591331972,0.30751936047964,0,
0.400551059066644,0.782296231375986,0.482676224611708,0.558202859087815,0.241818636022983,0,
0.76734975030136,0.279228746713409,0.394464356829948,0.402768323122305,0.305021234074444,0,
0.317892199070088,0.339877300613497,0.632815611310235,0.813024733378716,0.160629527854109,0,
0.41415532977441,0.654513584574934,0.293707686180804,0.317903335602451,0.289782663002748,0,
0.313242638195282,0.344609991235758,0.46873755475906,0.483321987746766,0.885585810642018,0,
0.363698983984846,0.374233128834356,0.779769016328156,0.798275470841842,0.176367724206845,0,
0.785086964008955,0.188080631025416,0.339904420549582,0.37712729748128,0.337746689982513,0,
0.325813673153091,0.404732690622261,0.848665870171247,0.576809621057409,0.194354234324257,0,
0.335629412777682,0.414723926380368,1,0.174948944860449,0.227829128153885,0,
0.688651627346306,0.404382120946538,0.518916766228594,0.309507601543,0.375968023982014,0,
0.36128810056828,0.563365468886941,0.266427718040621,0.292489221692761,0.393954534099425,0,
0.434131220940244,0.776687116564417,0.268418956591,0.550487860222374,0.26255308518611,0,
0.798174616841743,0.191761612620508,0.341298287534847,0.376219650555934,0.336497626779915,0,
0.311864990528672,0.336021034180543,0.501194743130227,0.936010891763104,0.32075943042718,0,
0.79473049767522,0.337072743207713,0.421545201115094,0.341729067392784,0.337247064701474,0,
0.357843981401756,0.527256792287467,0.738749502190362,0.589516678012253,0.554833874594054,0,
0.461856380230756,0.607011393514461,0.282755874153724,0.324483775811209,0.294529103172621,0,
0.432409161356983,0.73567046450482,0.261449621664675,0.306103925572952,0.417686734948788,0,
0.360427070776649,0.539176161262051,0.671644763042613,0.260948491036987,0.257556832375718,0,
0.365076631651455,0.775284837861525,0.242731979291119,0.453142727479011,0.26305271046715,0,
0.915963492336835,0.170201577563541,0.333930704898447,0.379396414794645,0.304521608793405,0,
0.323058377819873,0.403856266432954,0.855436081242533,0.199909235307465,0.32075943042718,0,
0.363698983984846,0.691849255039439,0.508363201911589,0.484910369866122,0.32075943042718,0,
0.33080764594455,0.433479404031551,0.892273994424532,0.190378942591332,0.216087934049463,0,
0.498536249354228,0.502015775635408,0.294504181600956,0.332652598139324,0.300024981264052,0,
0.7472016531772,0.48851884312007,0.312624452409399,0.51168595416383,0.258306270297277,0,
0.413638711899432,0.633654688869413,0.709876543209876,0.262536873156342,0.381463902073445,0,
0.485104184604787,0.679579316389132,0.271804062126643,0.308373042886317,0.287034723957032,0,
0.348544859652144,0.533917616126205,0.4926324173636,0.416383027002496,0.286535098675993,0,
0.36214913035991,0.459070990359334,0.792512943050577,0.203993646471523,0.32075943042718,0,
0.616152918890994,0.388957055214724,0.514336917562724,0.723848422963467,0.209342992755433,0,
0.419838126399173,0.579842243645925,0.303863002787734,0.402541411390969,0.291281538845866,0,
0.479421387980024,0.530061349693252,0.303663878932696,0.400726117540277,0.295278541094179,0,
0.348200447735492,0.540052585451358,0.48805256869773,0.419786702972544,0.296777416937297,0,
0.725848114344756,0.293952673093777,0.53126244524094,0.690719310188337,0.227829128153885,0,
0.257964525572585,0.640666082383874,0.560334528076464,0.493079192194236,0.32075943042718,0,
0.252626140864474,0.353549517966696,0.634607726005575,0.182210120263218,0.187859105670747,0,
0.674530738763561,0.198422436459246,0.390681003584229,0.382119355570683,0.343242568073945,0,
0.399345617358361,0.767572304995618,0.482676224611708,0.574540503744044,0.238571071696228,0,
0.394696056483554,0.628396143733567,0.274990043807248,0.425686407987293,0.26305271046715,0,
0.610642328224557,0.279404031551271,0.347670250896057,0.379169503063308,0.300774419185611,0,
0.718787670053384,0.291148115687993,0.404221425726802,0.405945087361017,0.305021234074444,0,
0.518512140520062,0.597020157756354,0.276782158502589,0.404356705241661,0.257806645016238,0,
0.411227828482865,0.483786152497809,0.534249303066507,0.293169956886771,0.362977766674994,0,
0.357155157568452,0.44592462751972,0.665272799681402,0.515997277059224,0.195353484886335,0,
0.395212674358533,0.755652936021034,0.243727598566308,0.301565690946222,0.277292030976767,0,
0.791802996383675,0.315687992988606,0.570688968538431,0.305650102110279,0.296027979015738,0,
0.320819700361632,0.382296231375986,0.448825169255277,0.522350805536646,0.566075443417437,0,
0.350094713277079,0.459070990359334,0.566706491437674,0.461992285001135,0.271046714963777,0,
0.448079903564663,0.580368098159509,0.283751493428913,0.314726571363739,0.291281538845866,0,
0.408989151024625,0.609114811568799,0.271007566706491,0.309734513274336,0.290781913564826,0,
0.759944894093336,0.349342681858019,0.574671445639188,0.296800544588155,0.294279290532101,0,
0.623385569140692,0.45521472392638,0.313819195539626,0.384388472884048,0.304521608793405,0,
0.552436714310315,0.513935144609991,0.493827160493827,0.540503744043567,0.556082937796653,0,
0.55398656793525,0.440490797546012,0.451413779370769,0.415021556614477,0.27579315513365,0,
0.334940588944377,0.329360210341805,0.478693747510952,0.238938053097345,0.32075943042718,0,
0.545204064060617,0.394566170026293,0.328753484667463,0.342182890855457,0.33974519110667,0,
0.665403822972275,0.547589833479404,0.290521704500199,0.591105060131609,0.252310766924806,0,
0.332185293611159,0.427519719544259,0.759259259259259,0.599727705922396,0.32075943042718,0,
0.330979851902876,0.410867659947415,0.845878136200717,0.602904470161107,0.229078191356483,0,
0.877561563630102,0.323225241016652,0.339307048984468,0.343998184706149,0.308768423682238,0,
0.361804718443258,0.378264680105171,0.747311827956989,0.0846380757885183,0.212340744441669,0,
0.602376442224901,0.557055214723926,0.308243727598566,0.330610392557295,0.361478890831876,0,
0.353022214568624,0.44136722173532,0.48805256869773,0.295892897662809,0.290282288283787,0,
0.429481660065438,0.553023663453111,0.518717642373556,0.404356705241661,0.350736947289533,0,
0.31152057861202,0.336546888694128,0.61031461569096,0.612434762877241,0.209342992755433,0,
0.364560013776477,0.535845749342682,0.290521704500199,0.3238030406172,0.32075943042718,0,
0.322369553986568,0.389307624890447,0.810234966148945,0.167687769457681,0.210592055958031,0,
0.350094713277079,0.304119193689746,0.642572680207089,0.690038574994327,0.133150137396952,0,
0.715171344928534,0.388255915863278,0.439466348068499,0.443839346494214,0.427929053210092,0,
0.416049595315998,0.72410166520596,0.650338510553564,0.259813932380304,0.270547089682738,0,
0.471327707938695,0.654163014899211,0.289725209080048,0.322441570229181,0.295528353734699,0,
0.356638539693473,0.415249780893953,0.920350457984866,0.180394826412526,0.32075943042718,0,
0.562769071809885,0.471516213847502,0.445440063719634,0.394145677331518,0.32075943042718,0,
0.339073531944205,0.495004382120947,0.804460374352847,0.19378261856138,0.462153384961279,0,
0.330463234027897,0.41262050832603,0.840700915969733,0.204447469934196,0.32075943042718,0,
0.496297571895988,0.643470639789658,0.280565511748307,0.318357159065124,0.291031726205346,0,
0.39262958498364,0.413146362839614,0.787733970529669,0.270024960290447,0.455908068948289,0,
0.777854313759256,0.360385626643295,0.333731581043409,0.408668028137055,0.298775918061454,0,
0.346995006027209,0.496056091148116,0.628036638789327,0.442477876106195,0.279790157381964,0,
0.368004132943,0.330937773882559,0.624651533253684,0.769684592693442,0.192855358481139,0,
0.396590322025142,0.79193689745837,0.251891676622859,0.297481279782165,0.224831376467649,0,
0.273118649905287,0.19649430324277,0.287534846674632,0.236895847515317,0.32075943042718,0,
0.336146030652661,0.431200701139351,0.841298287534847,0.199682323576129,0.32075943042718,0,
0.358877217151713,0.554250657318142,0.512544802867383,0.434535965509417,0.280539595303522,0,
0.40072326502497,0.47361963190184,0.288928713659896,0.321760835035171,0.302023482388209,0,
0.348544859652144,0.684136722173532,0.265232974910394,0.481960517358747,0.275043717212091,0,
0.356294127776821,0.534618755477651,0.640979689366786,0.244837758112094,0.25031226580065,0,
0.696056483554331,0.548992112182296,0.297291915571485,0.601089176310415,0.251811141643767,0,
0.726881350094713,0.31603856266433,0.401234567901235,0.392103471749489,0.308268798401199,0,
0.378853108317548,0.541454864154251,0.606531262445241,0.461765373269798,0.365725705720709,0,
0.341656621319098,0.43453111305872,0.826762246117085,0.648286816428409,0.32075943042718,0,
0.334423971069399,0.523751095530237,0.582437275985663,0.449512139777627,0.279790157381964,0,
0.686585155846392,0.191586327782647,0.405814416567105,0.398683911958248,0.299525355983013,0,
0.392457379025314,0.804382120946538,0.221823974512147,0.294077603812117,0.268048963277542,0,
0.697089719304288,0.282033304119194,0.391477499004381,0.39596097118221,0.304521608793405,0,
0.412777682107801,0.496406660823839,0.562923138191955,0.26140231449966,0.724956282787909,0,
0.66023764422249,0.387554776511832,0.335722819593787,0.38234626730202,0.346739945041219,0,
0.47063888410539,0.541454864154251,0.311628833134209,0.326979804855911,0.299775168623532,0,
0.440675047356639,0.758983347940403,0.263241736360016,0.546403449058316,0.262303272545591,0,
0.598071293266747,0.519018404907975,0.308044603743528,0.331291127751305,0.346989757681739,0,
0.321508524194937,0.303067484662577,0.455993628036639,0.221012026321761,0.772170871846115,0,
0.513518167728603,0.35863277826468,0.337514934289128,0.385296119809394,0.349487884086935,0,
0.567074220768039,0.333742331288344,0.397650338510554,0.393464942137508,0.33949537846615,0,
0.302910280695712,0.276599474145486,0.44026284348865,0.480145223508055,0.32075943042718,0,
0.453762700189426,0.700788781770377,0.242532855436081,0.315407306557749,0.518860854359231,0,
0.657137936972619,0.318141980718668,0.383910792512943,0.380077149988654,0.308268798401199,0,
0.360254864818323,0.485539000876424,0.572481083233771,0.454731109598366,0.32075943042718,0,
0.347856035818839,0.418755477651183,0.947232178414974,0.140912185159973,0.195353484886335,0,
0.350094713277079,0.520946538124452,0.668259657506969,0.503517131835716,0.32075943042718,0,
0.35904942311004,0.450306748466258,0.527877339705297,0.281597458588609,0.437172120909318,0,
0.328224556569657,0.465381244522349,0.641776184786937,0.266621284320399,0.32075943042718,0,
0.756328568968486,0.281332164767748,0.387495021903624,0.385523031540731,0.306769922558081,0,
0.308420871362149,0.336371603856266,0.485065710872162,0.553437712729748,0.537596802398201,0,
0,0.00841367221735321,0.452807646356033,0.404583616972998,0.32075943042718,0,
0.703461339762356,0.339000876424189,0.341099163679809,0.381892443839347,0.30751936047964,0,
0.499397279145858,0.404206836108677,0.316806053365193,0.388019060585432,0.34599050711966,0,
0.431892543482004,0.765644171779141,0.2463162086818,0.499659632402995,0.255808143892081,0,
0.678319269846737,0.191060473269062,0.445838311429709,0.710233719083277,0.207594304271796,0,
0.439814017565008,0.608764241893076,0.290720828355237,0.429543907420014,0.271046714963777,0,
0.496125365937661,0.461349693251534,0.502190362405416,0.769230769230769,0.196102922807894,0,
0.38143619769244,0.609640666082384,0.285742731979291,0.318810982527797,0.297277042218336,0,
0.556914069226795,0.486765994741455,0.470131421744325,0.73927842069435,0.221833624781414,0,
0.462545204064061,0.620157756354075,0.745320589406611,0.248695257544815,0.32075943042718,0,
0.328913380402962,0.442068361086766,0.74173636001593,0.232357612888586,0.32075943042718,0,
0.361976924401584,0.66783523225241,0.242333731581043,0.304515543453597,0.371471396452661,0,
0.423798863440675,0.522699386503067,0.280764635603345,0.319037894259133,0.30127404446665,0,
0.471155501980368,0.652585451358457,0.26284348864994,0.6761969593828,0.226829877591806,0,
0.321164112278285,0.442594215600351,0.613102349661489,0.465169049239846,0.271296527604297,0,
0.272602032030308,0.130411919368975,0.710872162485066,0.0964374858180168,0.32075943042718,0,
0.371276046151197,0.456091148115688,0.672441258462764,0.263898343544361,0.229827629278041,0,
0.909247459962115,0.31954425942156,0.428116288331342,0.436805082822782,0.291031726205346,0,
0.400378853108318,0.732515337423313,0.25089605734767,0.293169956886771,0.276792405695728,0,
0.729981057344584,0.451183172655565,0.31063321385902,0.391876560018153,0.387959030726955,0,
0.367143103151369,0.603155127081507,0.278176025487853,0.409575675062401,0.355733200099925,0,
0.652660582056139,0.340929009640666,0.343488649940263,0.374177444973905,0.311016737446915,0,
0.370759428276218,0.40806310254163,0.810434090003982,0.243476287724075,0.268298775918061,0,
0.813845359049423,0.184750219106047,0.396853843090402,0.42001361470388,0.297027229577817,0,
0.449974169106251,0.710780017528484,0.284547988849064,0.470388019060585,0.492130901823632,0,
0.369726192526261,0.521998247151621,0.803066507367582,0.234626730201951,0.248563577317012,0,
0.79559152746685,0.310780017528484,0.342094782954998,0.376900385749943,0.308518611041719,0,
0.646633373514724,0.435056967572305,0.422739944245321,0.41025641025641,0.304521608793405,0,
0.447735491648011,0.473093777388256,0.428116288331342,0.336056274109371,0.304021983512366,0,
0.358532805235061,0.539702015775635,0.520708880923935,0.442931699568868,0.275043717212091,0,
0.463406233855691,0.414373356704645,0.52568697729988,0.428636260494668,0.382463152635523,0,
0.338556914069227,0.41489921121823,0.912783751493429,0.16972997503971,0.483387459405446,0,
0.377131048734286,0.793865030674847,0.238749502190362,0.290447016110733,0.32075943042718,0,
0.31823661098674,0.492024539877301,0.690760653126244,0.529838892670751,0.32075943042718,0,
0.447563285689685,0.751446099912358,0.268618080446037,0.312684365781711,0.284786410192356,0,
0.373514723609437,0.684312007011394,0.667064914376742,0.533696392103472,0.260554584061954,0,
0.323402789736525,0.367046450482033,0.718040621266428,0.646471522577717,0.32075943042718,0,
0.325297055278113,0.437510955302366,0.645758661887694,0.266621284320399,0.32075943042718,0,
0.678491475805063,0.191060473269062,0.445838311429709,0.71068754254595,0.207344491631277,0,
0.306182193903909,0.322348816827344,0.113102349661489,0.751531654186521,0.32075943042718,0,
0.472016531771999,0.518492550394391,0.463560334528076,0.435897435897436,0.255308518611042,0,
0.331840881694507,0.45521472392638,0.678016726403823,0.224642614023145,0.242068448663502,0,
0.3903909075254,0.56319018404908,0.597769812823576,0.441116405718176,0.28228828378716,0,
0.351127949027036,0.557756354075373,0.4778972520908,0.424098025867937,0.355483387459405,0,
0.355260892026864,0.406836108676599,0.850059737156511,0.201724529158157,0.224831376467649,0,
0.380230755984157,0.627344434706398,0.561728395061728,0.450192874971636,0.26904821383962,0,
0.364560013776477,0.495530236634531,0.281959378733572,0.324029952348536,0.29502872845366,0,
0.328913380402962,0.487116564417178,0.520310633213859,0.501701837985024,0.32075943042718,0,
0.307387635612192,0.300438212094654,0.494623655913978,0.494894486044929,0.206844866350237,0,
0.545204064060617,0.530061349693252,0.45957785742732,0.423190378942591,0.27579315513365,0,
0.340795591527467,0.405258545135846,0.68837116686579,0.533469480372135,0.223832125905571,0,
0.335112794902704,0.338299737072743,0.473118279569892,0.703199455411845,0.651761179115663,0,
0.643878078181505,0.31148115687993,0.390481879729192,0.378261856137962,0.338745940544592,0,
0.692267952471155,0.451533742331288,0.428514536041418,0.395280235988201,0.302023482388209,0,
0.666092646805579,0.502015775635408,0.530665073675826,0.519627864760608,0.272045965525856,0,
0.397106939900121,0.58737949167397,0.834328952608522,0.219196732471069,0.240319760179865,0,
0.404856208024798,0.646275197195443,0.26284348864994,0.424778761061947,0.357731701224082,0,
0.365421043568107,0.809991235758107,0.261449621664675,0.312684365781711,0.287534349238071,0,
0.495780954021009,0.465381244522349,0.317005177220231,0.337644656228727,0.304771421433925,0,
0.310659548820389,0.321647677475898,0.577459179609717,0.358747447243022,0.32075943042718,0,
0.788531083175478,0.30692375109553,0.341696535244922,0.376900385749943,0.307019735198601,0,
0.374203547442741,0.738825591586328,0.273795300677021,0.308373042886317,0.281289033225081,0,
0.345617358360599,0.742331288343558,0.267622461170848,0.315634218289086,0.3719710217337,0,
0.395557086275185,0.829447852760736,0.242134607726006,0.505559337417744,0.272795403447414,0,
0.32633029102807,0.502015775635408,0.62405416168857,0.490583163149535,0.32075943042718,0,
0.331840881694507,0.405609114811569,0.861409796893668,0.167687769457681,0.47464401698726,0,
0.550370242810401,0.606134969325153,0.292114695340502,0.291354663036079,0.507119660254809,0,
0.641639400723265,0.503768624014023,0.310434090003982,0.339459950079419,0.342742942792905,0,
0.351300154985362,0.611218229623138,0.265830346475508,0.440662582255503,0.32075943042718,0,
0.396934733941794,0.662401402278703,0.256670649143767,0.427728613569322,0.32075943042718,0,
0.713104873428621,0.28624014022787,0.390880127439267,0.398683911958248,0.304521608793405,0,
0.30032719132082,0.285363716038563,0.425328554360812,0.462899931926481,0.213339995003747,0,
0.354916480110212,0.708676599474146,0.545201115093588,0.25096437485818,0.273295028728454,0,
0.363871189943172,0.37125328659071,0.166865790521705,0.0742001361470388,0.202598051461404,0,
0.309109695195454,0.341980718667835,0.205694942254082,0.951667801225323,0.32075943042718,0,
0.306354399862235,0.297808939526731,0.428912783751493,0.467665078284547,0.470147389457907,0,
0.352677802651972,0.682559158632778,0.283950617283951,0.426140231449966,0.225081189108169,0,
0.344756328568968,0.457142857142857,0.710075667064914,0.209212616292262,0.245316012990257,0,
0.522472877561564,0.41840490797546,0.609119872560733,0.610392557295212,0.491131651261554,0,
0.460134320647494,0.496406660823839,0.316806053365193,0.335829362378035,0.34599050711966,0,
0.693817806096091,0.371779141104295,0.424930306650737,0.340140685273429,0.33949537846615,0,
0.558808334768383,0.595793163891323,0.477499004380725,0.530746539596097,0.426430177366975,0,
0.691406922679525,0.378264680105171,0.33552369573875,0.37712729748128,0.345241069198101,0,
0.34200103323575,0.41384750219106,0.860812425328554,0.192648059904697,0.32075943042718,0,
0.541587738935767,0.472217353198948,0.306252489048188,0.331064216019968,0.347489382962778,0,
0.379369726192526,0.702541630148992,0.240740740740741,0.295665985931473,0.276292780414689,0,
0.328913380402962,0.381069237510955,0.753882915173238,0.145450419786703,0.137896577566825,0,
0.382125021525745,0.582997370727432,0.848466746316209,0.215339233038348,0.24356732450662,0,
0.412088858274496,0.776687116564417,0.285941855834329,0.427501701837985,0.515613290032476,0,
0.331152057861202,0.301840490797546,0.442453205894066,0.63262990696619,0.666999750187359,0,
0.34647838815223,0.383698510078878,0.688968538430904,0.203085999546177,0.215088683487384,0,
0.865334940588944,0.353198948290973,0.336519315013939,0.338552303154073,0.306769922558081,0,
0.308593077320475,0.334092900964067,0.485862206292314,0.550487860222374,0.32075943042718,0,
0.349750301360427,0.754601226993865,0.266228594185583,0.305877013841616,0.282787909068199,0,
0.527639056311348,0.572830850131464,0.295101553166069,0.329475833900613,0.302023482388209,0,
0.436025486481832,0.773356704645048,0.243727598566308,0.471522577717268,0.399200599550337,0,
0.396073704150164,0.37125328659071,0.762445240939865,0.525073746312684,0.407694229328004,0,
0.935250559669365,0.341805433829974,0.329151732377539,0.339913773542092,0.306520109917562,0,
0.324608231444808,0.32182296231376,0.568100358422939,0.783526208304969,0.130652010991756,0,
0.305493370070604,0.286415425065732,0.433691756272401,0.223961878829135,0.32075943042718,0,
0.473738591355261,0.714460999123576,0.27937076861808,0.427047878375312,0.475393454908818,0,
0.416049595315998,0.539351446099912,0.532656312226205,0.307465395960971,0.353734698975768,0,
0.376442224900982,0.510254163014899,0.70131421744325,0.249829816201498,0.26255308518611,0,
0.905975546753918,0.184049079754601,0.398645957785743,0.341275243930111,0.337247064701474,0,
0.33166867573618,0.444697633654689,0.308442851453604,0.457454050374404,0.458156382712965,0,
0.4535904942311,0.603330411919369,0.716845878136201,0.263217608350352,0.457406944791406,0,
0.407267091441364,0.753374233128834,0.275786539227399,0.417063762196506,0.289532850362228,0,
0.402617530566558,0.776687116564417,0.259458383114297,0.302246426140231,0.289532850362228,0,
0.482521095229895,0.719894829097283,0.275786539227399,0.312230542319038,0.287034723957032,0,
0.53383847081109,0.501665205959684,0.434687375547591,0.418879056047198,0.356482638021484,0,
0.347683829860513,0.41262050832603,0.844086021505376,0.66643975493533,0.32075943042718,0,
0.764766660926468,0.395092024539877,0.567901234567901,0.296800544588155,0.291531351486385,0,
0.768210780092991,0.429798422436459,0.621266427718041,0.309961425005673,0.296527604296777,0,
0.378853108317548,0.541454864154251,0.606531262445241,0.461765373269798,0.27579315513365,0,
0.348028241777165,0.517966695880806,0.789326961369972,0.23144996596324,0.252060954284287,0,
0.370070604442914,0.566170026292726,0.30147351652728,0.409348763331064,0.298276292780415,0,
0.380919579817462,0.592638036809816,0.287933094384707,0.466076696165192,0.682737946540095,0,
0.330979851902876,0.499211218229623,0.626045400238949,0.242114817336056,0.32075943042718,0,
0.874978474255209,0.331814198071867,0.406810035842294,0.404583616972998,0.461903572320759,0,
0.368004132943,0.484136722173532,0.462962962962963,0.427501701837985,0.32075943042718,0,
0.402273118649905,0.372830850131464,0.750298685782557,0.52598139323803,0.411191606295279,0,
0.390218701567074,0.751796669588081,0.238749502190362,0.446789199001588,0.27554334249313,0,
0.731014293094541,0.287992988606486,0.342493030665074,0.378488767869299,0.336247814139395,0,
0.726881350094713,0.303242769500438,0.341696535244922,0.381438620376673,0.303772170871846,0,
0.340795591527467,0.561963190184049,0.73257666268419,0.223281143635126,0.32075943042718,0,
0.659721026347512,0.325153374233129,0.389088012743927,0.375085091899251,0.335748188858356,0,
0.529705527811262,0.490622261174408,0.305256869772999,0.413206262763785,0.277791656257807,0,
0.403650766316514,0.567747589833479,0.298884906411788,0.3238030406172,0.354733949537847,0,
0.476149474771827,0.578790534618756,0.293508562325767,0.407987292943045,0.352235823132651,0,
0.329085586361288,0.419631901840491,0.709677419354839,0.230769230769231,0.32075943042718,0,
0.593077320475288,0.619281332164768,0.268219832735962,0.409802586793737,0.282538096427679,0,
0.382986051317376,0.61489921121823,0.262246117084827,0.433401406852734,0.32075943042718,0,
0.340795591527467,0.388957055214724,0.855635205097571,0.238257317903336,0.244066949787659,0,
0.52264508351989,0.330587204206836,0.392672242134608,0.390288177898797,0.267299525355983,0,
0.427587394523851,0.771779141104295,0.278574273197929,0.427728613569322,0.420434673994504,0,
0.741691062510763,0.295530236634531,0.386897650338511,0.379850238257318,0.342493130152386,0,
0.351472360943689,0.371428571428571,0.852449223416965,0.13523939187656,0.206095428428678,0,
0.336146030652661,0.717966695880806,0.233373158104341,0.433855230315407,0.374219335498376,0,
0.856380230755984,0.312357581069238,0.460175228992433,0.489448604492852,0.3974519110667,0,
0.371964869984501,0.571779141104295,0.600756670649144,0.496482868164284,0.267799150637022,0,
0.313587050111934,0.358457493426819,0.441855834328953,0.521216246879964,0.32075943042718,0,
0.379025314275874,0.809815950920245,0.253484667463162,0.429543907420014,0.414439170622033,0,
0.348372653693818,0.541104294478528,0.64058144165671,0.266621284320399,0.260554584061954,0,
0.677802651971758,0.458369851007888,0.452608522500996,0.45904243249376,0.263302523107669,0,
0.448940933356294,0.526380368098159,0.485862206292314,0.403449058316315,0.28828378715963,0,
0.25951437919752,0.65398773006135,0.55057745917961,0.470161107329249,0.32075943042718,0,
0.838470811090064,0.304820333041192,0.333532457188371,0.342182890855457,0.309517861603797,0,
0.359221629068366,0.508851884312007,0.731979291119076,0.23734967097799,0.254808893330003,0,
0.395729292233511,0.651358457493427,0.521704500199124,0.427955525300658,0.368223832125906,0,
0.404167384191493,0.492550394390885,0.635404221425727,0.501021102791014,0.574569073195104,0,
0.313242638195282,0.31726555652936,0.488251692552768,0.842523258452462,0.156132900324756,0,
0.50111933872912,0.646976336546889,0.298088410991637,0.323576128885863,0.379465400949288,0,
0.342517651110728,0.484312007011393,0.882915173237754,0.209212616292262,0.242068448663502,0,
0.530910969519545,0.46432953549518,0.432297889287137,0.334014068527343,0.355733200099925,0,
0.379541932150852,0.626643295354952,0.591995221027479,0.452235080553665,0.273544841368973,0,
0.556569657310143,0.479929886064855,0.45400238948626,0.422282732017245,0.28203847114664,0,
0.402789736524884,0.443120070113935,0.753882915173238,0.203993646471523,0.260304771421434,0,
0.470294472188738,0.58159509202454,0.301075268817204,0.402768323122305,0.217586809892581,0,
0.555708627518512,0.470990359333918,0.302668259657507,0.327660540049921,0.297776667499375,0,
0.306354399862235,0.300788781770377,0.427518916766229,0.455638756523712,0.32075943042718,0,
0.781126226967453,0.334618755477651,0.336718438868976,0.399137735420921,0.347239570322258,0,
0.568279662476322,0.324452234881683,0.389884508164078,0.388019060585432,0.270796902323258,0,
0.337007060444291,0.332515337423313,0.7536837913182,0.712502836396642,0.457406944791406,0,
0.410883416566213,0.561437335670465,0.57168458781362,0.28477422282732,0.281289033225081,0,
0.402273118649905,0.793163891323401,0.252688172043011,0.429090083957341,0.389208093929553,0,
0.353538832443603,0.624539877300613,0.2536837913182,0.428863172226004,0.251061703722208,0,
0.325985879111417,0.407186678352323,0.789924332935086,0.162014976174268,0.32075943042718,0,
0.319958670570002,0.305521472392638,0.462365591397849,0.843203993646471,0.0976767424431676,0,
0.52040640606165,0.338299737072743,0.394066109119873,0.391649648286816,0.280039970022483,0,
0.332529705527811,0.541805433829974,0.649342891278375,0.597458588609031,0.19860104921309,0,
0.323574995694851,0.493602103418054,0.595181202708084,0.495121397776265,0.32075943042718,0,
0.444291372481488,0.608238387379492,0.471724412584628,0.428182437031995,0.262303272545591,0,
0.33528500086103,0.345661700262927,0.521704500199124,0.748808713410483,0.564826380214839,0,
0.375408989151025,0.415249780893953,0.744125846276384,0.258452461992285,0.265550836872346,0,
0.46616152918891,0.731288343558282,0.278574273197929,0.45450419786703,0.474893829627779,0,
0.765283278801446,0.193339176161262,0.39705296694544,0.380984796914,0.339245565825631,0,
0.323919407611503,0.545135845749343,0.771804062126643,0.208758792829589,0.258306270297277,0,
0.871878767005338,0.335319894829097,0.413978494623656,0.50782845473111,0.275043717212091,0,
0.367659721026347,0.602103418054338,0.767025089605735,0.235307465395961,0.255308518611042,0,
0.325469261236439,0.405609114811569,0.82536837913182,0.209893351486272,0.251061703722208,0,
0.348544859652144,0.456266432953549,0.472520908004779,0.444520081688223,0.41693729702723,0,
0.319786464611676,0.380017528483786,0.544603743528475,0.817789879736782,0.148638521109168,0,
0.389185465817117,0.467659947414549,0.745121465551573,0.247787610619469,0.26929802648014,0,
0.847769932839676,0.354951796669588,0.337116686579052,0.344905831631495,0.309268048963278,0,
0.329946616152919,0.511831726555653,0.586021505376344,0.475833900612662,0.32075943042718,0,
0.42087136214913,0.496406660823839,0.544006371963361,0.457907873837077,0.37846615038721,0,
0.438608575856725,0.518317265556529,0.297690163281561,0.438393464942137,0.222083437421934,0,
0.307904253487171,0.339702015775635,0.50179211469534,0.853641933287951,0.32075943042718,0,
0.267435853280523,0.411919368974584,0.753285543608124,0.563194917177218,0.32075943042718,0,
0.620458067849147,0.455390008764242,0.314416567104739,0.386430678466077,0.345241069198101,0,
0.707938694678836,0.459246275197195,0.413978494623656,0.410029498525074,0.29502872845366,0,
0.469950060272085,0.56441717791411,0.494026284348865,0.26072157930565,0.60929303022733,0,
0.7992078525917,0.347765118317266,0.660294703305456,0.283639664170638,0.290032475643268,0,
0.421732391940761,0.590885188431201,0.549780963759458,0.639891082368958,0.226829877591806,0,
0.324091613569829,0.396143733567046,0.843687773795301,0.577717267982755,0.218336247814139,0,
0.459273290855864,0.703943908851884,0.280764635603345,0.282278193782619,0.523857107169623,0,
0.345961770277252,0.679053461875548,0.268020708880924,0.470841842523259,0.278790906819885,0,
0.705700017220596,0.435232252410166,0.313620071684588,0.341275243930111,0.32075943042718,0,
0.275701739280179,0.431901840490798,0.876742333731581,0.194463353755389,0.32075943042718,0,
0.531255381436198,0.719368974583699,0.516726403823178,0.307238484229635,0.288033974519111,0,
0.468744618563802,0.615775635407537,0.619076065312624,0.54095756750624,0.264051961029228,0,
0.316858963320131,0.334268185801928,0.648944643568299,0.769684592693442,0.19260554584062,0,
0.480454623729981,0.578439964943032,0.28036638789327,0.401633764465623,0.292780414688983,0,
0.432236955398657,0.5034180543383,0.302668259657507,0.399818470614931,0.299025730701974,0,
0.345272946443947,0.518667835232252,0.295698924731183,0.32902201043794,0.298775918061454,0,
0.338901325985879,0.466257668711656,0.938470728793309,0.189017472203313,0.32075943042718,0,
0.354916480110212,0.629623137598598,0.57905217045002,0.51236668935784,0.235573320009993,0,
0.400551059066644,0.694829097283085,0.279569892473118,0.418652144315861,0.251561329003248,0,
0.391596349233683,0.679404031551271,0.248705694942254,0.419559791241207,0.37796652510617,0,
0.566902014809712,0.520771253286591,0.478693747510952,0.317222600408441,0.293280039970022,0,
0.85569140692268,0.34022787028922,0.565113500597372,0.313138189244384,0.298026480139895,0,
0.497847425520923,0.590359333917616,0.289924332935086,0.412525527569775,0.374718960779415,0,
0.621319097640778,0.332515337423313,0.341497411389884,0.391649648286816,0.272545590806895,0,
0.32271396590322,0.341104294478528,0.65531660692951,0.645110052189698,0.32075943042718,0,
0.273118649905287,0.455565293602103,0.796495420151334,0.21261629226231,0.23082687984012,0,
0.66695367659721,0.459947414548641,0.442254082039028,0.389834354436124,0.295528353734699,0,
0.352161184776993,0.580893952673094,0.636200716845878,0.512593601089176,0.257307019735199,0,
0.868434647838815,0.183523225241017,0.342692154520111,0.376219650555934,0.30776917312016,0,
0.50335801618736,0.646801051709027,0.296097172441258,0.324029952348536,0.379465400949288,0,
0.678835887721715,0.459596844872918,0.50278773397053,0.320399364647152,0.371221583812141,0,
0.343550886860685,0.456441717791411,0.817005177220231,0.228500113455866,0.32075943042718,0,
0.322886171861546,0.451183172655565,0.650139386698526,0.46811890174722,0.274793904571571,0,
0.358360599276735,0.329009640666082,0.734169653524492,0.631949171772181,0.228828378715963,0,
0.322886171861546,0.401577563540754,0.772202309836718,0.187202178352621,0.164626530102423,0,
0.374031341484415,0.793865030674847,0.226403823178017,0.500340367597005,0.434923807144642,1,
0.478560358188393,0.597546012269939,0.717642373556352,0.267755842977082,0.277791656257807,1,
0.343206474944033,0.463803680981595,0.713460772600558,0.585659178579533,0.632525605795653,1,
0.381780609609092,0.37931638913234,0.693349263241736,0.561833446789199,0.183862103422433,1,
0.456517995522645,0.64715162138475,0.264834727200319,0.317222600408441,0.295528353734699,1,
0.334940588944377,0.323926380368098,0.520310633213859,0.616292262309961,0.579815138646015,1,
0.344067504735664,0.524627519719544,0.660892074870569,0.692534604039029,0.169123157631776,1,
0.386257964525573,0.32182296231376,0.658701712465153,0.660993873383254,0.759680239820135,1,
0.32633029102807,0.335495179666959,0.474512146555157,0.590424324937599,0.32075943042718,1,
0.350783537110384,0.442769500438212,0.753086419753086,0.597231676877695,0.142393205096178,1,
0.246943344239711,0.344434706397897,0.508562325766627,0.754027683231223,0.32075943042718,1,
0.470983296022042,0.502191060473269,0.578255675029869,0.234172906739278,0.270297277042218,1,
0.334596177027725,0.319368974583699,0.453604141776185,0.646471522577717,0.587309517861604,1,
0.48854830377131,0.338299737072743,0.702309836718439,0.503063308373043,0.255808143892081,1,
0.324436025486482,0.355652936021034,0.534050179211469,0.780349444066258,0.32075943042718,1,
0.388668847942139,0.337072743207713,0.681800079649542,0.631949171772181,0.491381463902073,1,
0.419493714482521,0.364066608238387,0.727399442453206,0.853641933287951,0.182862852860355,1,
0.327880144653005,0.30464504820333,0.493229788928714,0.705695484456546,0.783912065950537,1,
0.38143619769244,0.43453111305872,0.554958183990442,0.648286816428409,0.753434923807145,1,
0.357155157568452,0.468886941279579,0.665870171246515,0.713183571590651,0.196352735448414,1,
0.31152057861202,0.310604732690622,0.538032656312226,0.556160653505786,0.32075943042718,1,
0.339934561735836,0.372480280455741,0.59279171644763,0.826185613796233,0.0549587809143143,1,
0.44687446185638,0.330587204206836,0.626045400238949,0.681189017472203,0.699475393454909,1,
0.332529705527811,0.323751095530237,0.536439665471923,0.802813705468573,0.32075943042718,1,
0.490098157396246,0.482559158632778,0.694544006371963,0.253460403902882,0.53210092430677,1,
0.391251937317031,0.46205083260298,0.654520111509359,0.798048559110506,0.195603297526855,1,
0.355260892026864,0.373181419807187,0.562325766626842,0.71454504197867,0.0869347989008244,1,
0.346822800068882,0.440490797546012,0.680605336519315,0.659859314726571,0.165126155383462,1,
0.445152402273119,0.290096406660824,0.730784547988849,0.529158157476742,0.417436922308269,1,
0.325469261236439,0.311305872042068,0.474711270410195,0.727252098933515,0.125655758181364,1,
0.316342345445152,0.357756354075372,0.631819992035046,0.57930565010211,0.163377466899825,1,
0.464783881522301,0.551971954425942,0.277777777777778,0.25618334467892,0.432425680739445,1,
0.470294472188738,0.334969325153374,0.734567901234568,0.706376219650556,0.153135148638521,1,
0.474083003271913,0.333041191936897,0.746515332536838,0.697980485591105,0.161878591056707,1,
0.259169967280868,0.382296231375986,0.69573874950219,0.181983208531881,0.201598800899326,1,
0.310659548820389,0.331638913234005,0.592592592592593,0.567052416609939,0.199100674494129,1,
0.33080764594455,0.397195442594216,0.535244922341696,0.729975039709553,0.32075943042718,1,
0.49216462889616,0.65170902716915,0.623257666268419,0.302473337871568,0.28853359980015,1,
0.465644911313931,0.324978089395267,0.683193946634807,0.790787383707738,0.50012490632026,1,
0.437403134148442,0.623488168273444,0.677021107128634,0.283185840707965,0.281538845865601,1,
0.310142930945411,0.342857142857143,0.421346077260056,0.52666212843204,0.710966774918811,1,
0.343895298777338,0.348466257668712,0.844086021505376,0.179714091218516,0.575568323757182,1,
0.528844498019631,0.401752848378615,0.512544802867383,0.503517131835716,0.401948538596053,1,
0.360771482693301,0.324802804557406,0.55694942254082,0.577717267982755,0.32075943042718,1,
0.277079386946788,0.322699386503067,0.535045798486659,0.532561833446789,0.481388958281289,1,
0.335629412777682,0.314636283961437,0.589207487056949,0.105513955071477,0.900074943792156,1,
0.541243327019115,0.574934268185802,0.502389486260454,0.485591105060132,0.32075943042718,1,
0.360599276734975,0.521121822962314,0.531859816806053,0.460403902881779,0.395453409942543,1,
0.362837954193215,0.690622261174408,0.765232974910394,0.266621284320399,0.274294279290532,1,
0.464439469605648,0.50920245398773,0.611509358821187,0.278647606081234,0.565326005495878,1,
0.386430170483899,0.669588080631025,0.591596973317403,0.624007261175403,0.232075943042718,1,
0.5055966936456,0.580718667835232,0.728395061728395,0.272520989335149,0.279040719460405,1,
0.309626313070432,0.353900087642419,0.423337315810434,0.520308599954618,0.32075943042718,1,
0.405717237816428,0.81034180543383,0.252688172043011,0.522577717267983,0.415188608543592,1,
0.312898226278629,0.32182296231376,0.527877339705297,0.528704334014069,0.32075943042718,1,
0.322886171861546,0.328659070990359,0.213659896455595,0.112775130474245,0.579815138646015,1,
0.32271396590322,0.356879929886065,0.83731581043409,0.159745858860903,0.751186610042468,1,
0.445841226106423,0.523575810692375,0.618279569892473,0.274563194917177,0.285785660754434,1,
0.279145858446702,0.35863277826468,0.636200716845878,0.641252552756978,0.52535598301274,1,
0.488376097812984,0.338299737072743,0.702309836718439,0.503063308373043,0.2560579565326,1,
0.334940588944377,0.360035056967572,0.58641975308642,0.753346948037213,0.125655758181364,1,
0.370931634234544,0.369149868536372,0.656113102349661,0.62355343771273,0.221583812140894,1,
0.384880316858963,0.52182296231376,0.629032258064516,0.768323122305423,0.206345241069198,1,
0.340451179610815,0.373707274320771,0.622062923138192,0.503970955298389,0.32075943042718,1,
0.370415016359566,0.603505696757231,0.271405814416567,0.447469934195598,0.436922308268798,1,
0.32271396590322,0.382296231375986,0.535643170051772,0.491263898343544,0.205845615788159,1,
0.359738246943344,0.329009640666082,0.541616885702907,0.615157703653279,0.32075943042718,1,
0.350783537110384,0.464855390008764,0.667861409796894,0.517812570909916,0.206595053709718,1,
0.31152057861202,0.354776511831727,0.427120669056153,0.490129339686862,0.32075943042718,1,
0.355949715860169,0.525854513584575,0.282954998008761,0.279101429543907,0.476642518111416,1,
0.350783537110384,0.352147239263804,0.5221027479092,0.848649875198548,0.787159630277292,1,
0.347167211985535,0.341279579316389,0.609119872560733,0.24120717041071,0.32075943042718,1,
0.31375925607026,0.322348816827344,0.527877339705297,0.740639891082369,0.32075943042718,1,
0.349233683485449,0.433128834355828,0.536638789326961,0.793056501021103,0.144891331501374,1,
0.350439125193732,0.374408413672217,0.523496614894464,0.575221238938053,0.536847364476643,1,
0.360599276734975,0.704820333041192,0.2463162086818,0.718402541411391,0.206844866350237,1,
0.344067504735664,0.345135845749343,0.679609717244126,0.535284774222827,0.498875843117662,1,
0.311692784570346,0.342331288343558,0.54500199123855,0.862491490810075,0.32075943042718,1,
0.313931462028586,0.310955302366345,0.510951812027081,0.818924438393465,0.112665500874344,1,
0.423626657482349,0.412971078001753,0.678016726403823,0.560698888132516,0.152635523357482,1,
0.324091613569829,0.360736196319018,0.654719235364397,0.655547991831178,0.186610042468149,1,
0.344756328568968,0.354776511831727,0.504181600955794,0.63716814159292,0.136647514364227,1,
0.355605303943516,0.38615249780894,0.542214257268021,0.701157249829816,0.32075943042718,1,
0.280351300154985,0.348466257668712,0.588809239346874,0.641479464488314,0.510617037222083,1,
0.330291028069571,0.348115687992989,0.57168458781362,0.856591785795326,0.0949288033974519,1,
0.3159979335285,0.367221735319895,0.427120669056153,0.482641252552757,0.32075943042718,1,
0.418977096607543,0.336722173531989,0.763440860215054,0.201497617426821,0.424181863602298,1,
0.38952987773377,0.41489921121823,0.711469534050179,0.518266394372589,0.238321259055708,1,
0.444119166523162,0.358808063102542,0.751095181202708,0.788972089857046,0.190856857356982,1,
0.338556914069227,0.357230499561788,0.56252489048188,0.616972997503971,0.454659005745691,1,
0.313587050111934,0.33339176161262,0.555555555555556,0.572725209893352,0.32075943042718,1,
0.417082831065955,0.424364592462752,0.648347272003186,0.146584978443386,0.687234574069448,1,
0.267435853280523,0.180543382997371,0.269812823576264,0.632176083503517,0.32075943042718,1,
0.329946616152919,0.298510078878177,0.486857825567503,0.751077830723848,0.662752935298526,1,
0.344928534527295,0.339351446099912,0.457387495021904,0.682550487860222,0.118161378965776,1,
0.318753228861719,0.345135845749343,0.65252887295898,0.649421375085092,0.141893579815139,1,
0.516445669020148,0.448028045574058,0.546395858223815,0.496709779895621,0.703722208343742,1,
0.333735147236094,0.339526730937774,0.513341298287535,0.554799183117767,0.0914314264301774,1,
0.352850008610298,0.373006134969325,0.506371963361211,0.629906966190152,0.656507619285536,1,
0.474944033063544,0.667134092900964,0.272401433691756,0.684592693442251,0.249313015238571,1,
0.386430170483899,0.669763365468887,0.591596973317403,0.624007261175403,0.232075943042718,1,
0.310487342862063,0.30464504820333,0.505973715651135,0.215339233038348,0.648263802148389,1,
0.366626485276391,0.448378615249781,0.865392273994425,0.177671885636487,0.476392705470897,1,
0.309798519028758,0.2988606485539,0.515531660692951,0.515770365327887,0.446165375968024,1,
0.327535732736353,0.317791411042945,0.468140183193947,0.692988427501702,0.118411191606295,1,
0.408472533149647,0.338124452234882,0.499601752289924,0.842296346721126,0.178616037971521,1,
0.37472016531772,0.429798422436459,0.528673835125448,0.619015203085999,0.191356482638021,1,
0.384019287067333,0.277651183172656,0.68657905217045,0.564102564102564,0.19260554584062,1,
0.31152057861202,0.309903593339176,0.537435284747113,0.530519627864761,0.32075943042718,1,
0.366454279318064,0.320245398773006,0.768817204301075,0.525073746312684,0.432925306020485,1,
0.324091613569829,0.322874671340929,0.510155316606929,0.761061946902655,0.32075943042718,1,
0.40072326502497,0.385276073619632,0.759657506969335,0.236215112321307,0.224831376467649,1,
0.323402789736525,0.354951796669588,0.46415770609319,0.534830950760154,0.32075943042718,1,
0.420699156190804,0.470990359333918,0.208482676224612,0.617653732697981,0.24381713714714,1,
0.517995522645084,0.64487291849255,0.619673436877738,0.285001134558657,0.28853359980015,1,
0.339590149819184,0.35512708150745,0.446435682994823,0.611754027683231,0.188608543592306,1,
0.345272946443947,0.421910604732691,0.53126244524094,0.868164284093488,0.153384961279041,1,
0.454623729981057,0.489219982471516,0.628833134209478,0.482641252552757,0.656007994004497,1,
0.48183227139659,0.454163014899211,0.840302668259658,0.248695257544815,0.265800649512865,1,
0.364387807818151,0.357055214723926,0.766029470330546,0.698661220785115,0.17287034723957,1,
0.434303426898571,0.415425065731814,0.741537236160892,0.614476968459269,0.664251811141644,1,
0.366970897193043,0.342681858019281,0.620469932297889,0.611980939414568,0.849362977766675,1,
0.355949715860169,0.321998247151621,0.551373954599761,0.55979124120717,0.48063952035973,1,
0.246598932323058,0.375109553023663,0.131222620469932,0.735874744724302,0.32075943042718,1,
0.34871706561047,0.382296231375986,0.68936678614098,0.635806671204901,0.774668998251312,1,
0.372653693817806,0.653286590709904,0.796495420151334,0.270932607215793,0.26904821383962,1,
0.329602204236267,0.363014899211218,0.544603743528475,0.862718402541411,0.0494629028228828,1,
0.416221801274324,0.439964943032428,0.719434488251693,0.251418198320853,0.222333250062453,1,
0.329774410194593,0.339702015775635,0.643170051772202,0.257544815066939,0.439920059955034,1,
0.408300327191321,0.563014899211218,0.672441258462764,0.527115951894713,0.575568323757182,1,
0.319442052695023,0.448553900087642,0.47331740342493,0.596324029952349,0.590307269547839,1,
0.349061477527122,0.321998247151621,0.656909597769813,0.130928068981166,0.805645765675743,1,
0.346133976235578,0.447502191060473,0.534249303066507,0.605173587474472,0.492880339745191,1,
0.365248837609781,0.494478527607362,0.6342094782955,0.756977535738598,0.32075943042718,1,
0.30928190115378,0.341279579316389,0.590003982477101,0.62287270251872,0.32075943042718,1,
0.430687101773721,0.336371603856266,0.770609318996416,0.232811436351259,0.412440669497877,1,
0.311692784570346,0.320595968448729,0.53584229390681,0.554799183117767,0.32075943042718,1,
0.344584122610642,0.452760736196319,0.699123855037833,0.892216927615158,0.143392455658256,1,
0.363871189943172,0.622261174408414,0.613500597371565,0.520535511685954,0.558331251561329,1,
0.285173066988118,0.265907099035933,0.325965750696933,0.280689811663263,0.19885086185361,1,
0.310487342862063,0.333567046450482,0.428912783751493,0.544815066938961,0.32075943042718,1,
0.339417943860858,0.337072743207713,0.688968538430904,0.598366235534377,0.32075943042718,1,
0.329085586361288,0.385801928133217,0.871764237355635,0.602450646698434,0.615788158880839,1,
0.331152057861202,0.339351446099912,0.664874551971326,0.498978897208986,0.32075943042718,1,
0.326158085069743,0.346888694127958,0.563520509757069,0.633991377354209,0.21134149387959,1,
0.386430170483899,0.597370727432077,0.543010752688172,0.495575221238938,0.219835123657257,1,
0.395557086275185,0.431200701139351,0.740541616885703,0.22237349670978,0.26305271046715,1,
0.351816772860341,0.395092024539877,0.718040621266428,0.629226230996142,0.706969772670497,1,
0.362665748234889,0.410692375109553,0.599163679808841,0.823235761288859,0.32075943042718,1,
0.335801618736008,0.388781770376862,0.54042214257268,0.88359428182437,0.32075943042718,1,
0.453762700189426,0.528483786152498,0.481083233771406,0.501021102791014,0.26904821383962,1,
0.283795419321508,0.346713409290096,0.603345280764636,0.645336963921035,0.32075943042718,1,
0.489064921646289,0.472042068361087,0.60573476702509,0.610619469026549,0.152885335998002,1,
0.478215946271741,0.291323400525854,0.15252887295898,0.698207397322442,0.630776917312016,1,
0.348028241777165,0.448553900087642,0.694544006371963,0.904470161107329,0.157631776167874,1,
0.343550886860685,0.37931638913234,0.667064914376742,1,0.116912315763178,1,
0.330979851902876,0.440315512708151,0.488849064117881,0.580440208758793,0.615788158880839,1,
0.309626313070432,0.35407537248028,0.421545201115094,0.56569094622192,0.651011741194104,1,
0.332013087652833,0.35056967572305,0.674233373158104,0.655321080099841,0.32075943042718,1,
