541,5,2,
0.559497158601687,0.687817703768624,0.271007566706491,0.477422282732017,0.398950786909818,0,
0.381608403650766,0.497107800175285,0.801075268817204,0.53641933287951,0.201348988258806,0,
0.406233855691407,0.488694127957932,0.710274790919952,0.509870660313138,0.253809642767924,0,
0.883416566213191,0.328659070990359,0.410593389088013,0.395280235988201,0.392205845615788,0,
0.480626829688307,0.605433829973707,0.289326961369972,0.416383027002496,0.282787909068199,0,
0.36214913035991,0.768624014022787,0.244723217841497,0.451100521896982,0.273544841368973,0,
0.352850008610298,0.587905346187555,0.279769016328156,0.324483775811209,0.298026480139895,0,
0.535732736352678,0.584925503943909,0.297491039426523,0.329702745631949,0.350736947289533,0,
0.42448768727398,0.726029798422436,0.258462763839108,0.542772861356932,0.24981264051961,0,
0.361804718443258,0.550394390885188,0.610911987256073,0.47333787156796,0.262303272545591,0,
0.418288272774238,0.763014899211218,0.269215452011151,0.315180394826413,0.366974768923308,0,
0.748407094885483,0.404382120946538,0.333333333333333,0.337871567960064,0.311016737446915,0,
0.353366626485276,0.553023663453111,0.287933094384707,0.321307011572498,0.32075943042718,0,
0.85879111417255,0.352673093777388,0.41816009557945,0.556387565237123,0.270547089682738,0,
0.251592905114517,0.7954425942156,0.226802070888092,0.288177898797368,0.278541094179365,0,
0.315825727570174,0.291148115687993,0.448227797690163,0.628545495802133,0.32075943042718,0,
0.431720337523678,0.377388255915863,0.562126642771804,0.296573632856819,0.32075943042718,0,
0.650077492681247,0.60806310254163,0.470330545599363,0.462446108463808,0.395953035223582,0,
0.358705011193387,0.454688869412796,0.59099960175229,0.489221692761516,0.267799150637022,0,
0.457723437230928,0.517791411042945,0.302867383512545,0.402541411390969,0.298526105420934,0,
0.333907353194421,0.38737949167397,0.892074870569494,0.191967324710688,0.456657506869848,0,
0.333390735319442,0.537773882559159,0.52668259657507,0.445427728613569,0.277042218336248,0,
0.342517651110728,0.378439964943032,0.714456391875747,0.548218742909008,0.442917811641269,0,
0.335801618736008,0.41262050832603,0.887495021903624,0.16383027002496,0.473394953784662,0,
0.365937661443086,0.76441717791411,0.278773397052967,0.317449512139778,0.36522608043967,0,
0.486654038229723,0.607011393514461,0.488251692552768,0.321307011572498,0.273045216087934,0,
0.35095574306871,0.30920245398773,0.70310633213859,0.647832992965736,0.566575068698476,0,
0.571551575684519,0.504294478527607,0.307248108323377,0.336056274109371,0.32075943042718,0,
0.31823661098674,0.412971078001753,0.854241338112306,0.206262763784888,0.32075943042718,0,
0.404167384191493,0.795617879053462,0.266825965750697,0.308146131154981,0.284286784911317,0,
0.36128810056828,0.503768624014023,0.60752688172043,0.464488314045836,0.253809642767924,0,
0.518684346478388,0.686765994741455,0.537037037037037,0.479918311776719,0.277042218336248,0,
0.441019459273291,0.550043821209465,0.305057745917961,0.406852734286363,0.256807394454159,0,
0.413122094024453,0.634881682734443,0.496415770609319,0.450192874971636,0.223082687984012,0,
0.436025486481832,0.707800175284838,0.235762644364795,0.445200816882233,0.32075943042718,0,
0.443258136731531,0.763716038562664,0.264237355635205,0.413886997957794,0.440669497876593,0,
0.390046495608748,0.818930762489045,0.242333731581043,0.529158157476742,0.253310017486885,0,
0.338729120027553,0.360035056967572,0.497809637594584,0.768776945768096,0.692980264801399,0,
0.383847081109006,0.666783523225241,0.537236160892075,0.248922169276152,0.690981763677242,0,
0.317547787153435,0.357581069237511,0.712066905615293,0.630360789652825,0.32075943042718,0,
0.419149302565869,0.727081507449606,0.584826762246117,0.452915815747674,0.276042967774169,0,
0.340451179610815,0.421735319894829,0.911987256073278,0.202632176083504,0.32075943042718,0,
0.497330807645945,0.710254163014899,0.269414575866189,0.316541865214432,0.418186360229828,0,
0.40296194248321,0.664154250657318,0.588610115491836,0.282732017245292,0.32075943042718,0,
0.387635612192182,0.637160385626643,0.260055754679411,0.315861130020422,0.290282288283787,0,
0.418977096607543,0.735144609991236,0.260254878534448,0.290900839573406,0.549337996502623,0,
0.352333390735319,0.546187554776512,0.488251692552768,0.419559791241207,0.354983762178366,0,
0.485965214396418,0.676424189307625,0.291716447630426,0.322895393691854,0.388708468648514,0,
0.331152057861202,0.470464504820333,0.629828753484667,0.274336283185841,0.261304021983512,0,
0.319958670570002,0.315863277826468,0.456192751891677,0.535284774222827,0.32075943042718,0,
0.525400378853108,0.667484662576687,0.570888092393469,0.488540957567506,0.275043717212091,0,
0.632340278973652,0.688343558282209,0.281162883313421,0.427501701837985,0.370721958531102,0,
0.336146030652661,0.436985100788782,0.990043807248108,0.194009530292716,0.219835123657257,0,
0.934045117961081,0.179666958808063,0.337514934289128,0.339913773542092,0.305520859355483,0,
0.393318408816945,0.63558282208589,0.479689366786141,0.436805082822782,0.284786410192356,0,
0.392112967108662,0.848729184925504,0.232377538829152,0.43430905377808,0.279790157381964,0,
0.33976235577751,0.396844872918493,0.784747112704102,0.600181529385069,0.196102922807894,0,
0.368520750817978,0.556178790534619,0.511748307447232,0.414113909689131,0.351736197851611,0,
0.309798519028758,0.314285714285714,0.579649542015133,0.781030179260268,0.32075943042718,0,
0.781642844842431,0.422085889570552,0.425726802070888,0.30496936691627,0.398950786909818,0,
0.344411916652316,0.520070113935145,0.887295898048586,0.178352620830497,0.32075943042718,0,
0.333562941277768,0.326555652936021,0.513341298287535,0.852734286362605,0.128653509867599,0,
0.345617358360599,0.723225241016652,0.504978096375946,0.446789199001588,0.244566575068699,0,
0.788358877217152,0.292375109553024,0.417562724014337,0.392330383480826,0.301773669747689,0,
0.958842775960048,0.174583698510079,0.339307048984468,0.343771272974813,0.309767674244317,0,
0.40743929739969,0.794916739702016,0.26284348864994,0.306557749035625,0.407944041968524,0,
0.816600654382642,0.315337423312883,0.338908801274393,0.379850238257318,0.338995753185111,0,
0.578095402100913,0.629272567922875,0.288530465949821,0.410029498525074,0.360979265550837,0,
0.321336318236611,0.335845749342682,0.479888490641179,0.830496936691627,0.128653509867599,0,
0.819011537799208,0.332865907099036,0.573078454798885,0.309053778080327,0.297526854858856,0,
0.305837781987257,0.295004382120946,0.433691756272401,0.471522577717268,0.633774668998251,0,
0.302738074737386,0.268886941279579,0.337913181999204,0.279782164737917,0.598551086684986,0,
0.355605303943516,0.573707274320771,0.307447232178415,0.327660540049921,0.298026480139895,0,
0.788186671258825,0.323751095530237,0.33731581043409,0.388245972316769,0.306520109917562,0,
0.339417943860858,0.458019281332165,0.821983273596177,0.199455411844792,0.32075943042718,0,
0.35904942311004,0.670289219982471,0.499203504579849,0.479464488314046,0.219335498376218,0,
0.640606164973308,0.340403155127081,0.343090402230187,0.376673474018607,0.334249313015239,0,
0.54055450318581,0.585626643295355,0.257268020708881,0.320626276378489,0.29502872845366,0,
0.40296194248321,0.674496056091148,0.576662684189566,0.446562287270252,0.267049712715463,0,
0.448940933356294,0.501840490797546,0.436479490242931,0.384615384615385,0.32075943042718,0,
0.33976235577751,0.417879053461876,0.746515332536838,0.751531654186521,0.32075943042718,0,
0.322369553986568,0.3011393514461,0.490442054958184,0.743135920127071,0.32075943042718,0,
0.602376442224901,0.544609991235758,0.29689366786141,0.326979804855911,0.29502872845366,0,
0.696917513345962,0.395267309377739,0.445240939864596,0.334240980258679,0.304521608793405,0,
0.513862579645256,0.745661700262927,0.266427718040621,0.304061719990924,0.267549337996503,0,
0.404167384191493,0.31726555652936,0.517522899243329,0.79260267755843,0.171121658755933,0,
0.668331324263819,0.496406660823839,0.540621266427718,0.517131835715906,0.269797651761179,0,
0.368692956776304,0.482909728308501,0.794703305455994,0.220785114590424,0.423682238321259,0,
0.341312209402445,0.421910604732691,0.909398645957786,0.194009530292716,0.32075943042718,0,
0.334940588944377,0.547414548641542,0.783950617283951,0.188109825277967,0.25655758181364,0,
0.352677802651972,0.44715162138475,0.690163281561131,0.547084184252326,0.219335498376218,0,
0.638367487515068,0.582646801051709,0.267821585025886,0.321760835035171,0.295528353734699,0,
0.415016359566041,0.786853637160386,0.284747112704102,0.300884955752212,0.486135398451162,0,
0.568451868434648,0.546362839614373,0.303663878932696,0.329929657363286,0.302523107669248,0,
0.434992250731875,0.37703768624014,0.309040223018718,0.317449512139778,0.288033974519111,0,
0.307732047528844,0.307099035933392,0.582437275985663,0.793510324483776,0.32075943042718,0,
0.486998450146375,0.37353198948291,0.331939466348068,0.383480825958702,0.32075943042718,0,
0.336490442569313,0.651884312007011,0.500199123855038,0.773542092126163,0.184861353984512,0,
0.31823661098674,0.308851884312007,0.546993229788929,0.862945314272748,0.140394703972021,0,
0.321852936111589,0.304469763365469,0.45957785742732,0.212162468799637,0.801898576067949,0,
0.62751851214052,0.156529360210342,0.334129828753485,0.340821420467438,0.306769922558081,0,
0.619597038057517,0.346713409290096,0.39426523297491,0.404810528704334,0.289782663002748,0,
0.778198725675908,0.292199824715162,0.400438072481083,0.378034944406626,0.347739195603298,0,
0.331152057861202,0.501314636283961,0.763440860215054,0.563421828908555,0.32075943042718,0,
0.77320475288445,0.411218229623138,0.445838311429709,0.507601542999773,0.279290532100924,0,
0.473221973480282,0.571428571428571,0.296694544006372,0.329929657363286,0.350237322008494,0,
0.367831926984674,0.80578439964943,0.260852250099562,0.435443612434763,0.490132400699475,0,
0.353538832443603,0.724627519719544,0.255276782158503,0.427501701837985,0.285785660754434,0,
0.460134320647494,0.575284837861525,0.273596176821983,0.425686407987293,0.388458656007994,0,
0.360771482693301,0.392813321647678,0.866786140979689,0.17426820966644,0.242318261304022,0,
0.408989151024625,0.743558282208589,0.561330147351653,0.452461992285001,0.276542593055209,0,
0.480799035646633,0.647852760736196,0.282954998008761,0.271840254141139,0.54509118161379,0,
0.336834854485965,0.290446976336547,0.486459577857427,0.878375312003631,0.136897327004746,0,
0.402100912691579,0.564767747589834,0.265830346475508,0.405037440435671,0.291781164126905,0,
0.786292405717238,0.195267309377739,0.396057347670251,0.381438620376673,0.297277042218336,0,
0.545892887893921,0.566170026292726,0.300876144962166,0.32834127524393,0.302273295028728,0,
0.627346306182194,0.409991235758107,0.400438072481083,0.393011118674835,0.354733949537847,0,
0.643878078181505,0.358983347940403,0.413978494623656,0.410483321987747,0.447414439170622,0,
0.349233683485449,0.426643295354952,0.754082039028276,0.534830950760154,0.259055708218836,0,
0.700017220595833,0.282033304119194,0.394464356829948,0.393918765600182,0.306020484636523,0,
0.448252109522989,0.623312883435583,0.267224213460773,0.314726571363739,0.292280789407944,0,
0.794041673841915,0.340052585451358,0.403026682596575,0.379850238257318,0.340494629028229,0,
0.324608231444808,0.310955302366345,0.617483074472322,0.720671658724756,0.162877841618786,0,
0.391079731358705,0.549167397020158,0.619872560732776,0.274790106648514,0.28203847114664,0,
0.318408816945066,0.384574934268186,0.701712465153325,0.81597458588609,0.152635523357482,0,
0.260375408989151,0.512182296231376,0.782755874153724,0.521216246879964,0.237821633774669,0,
0.389702083692096,0.685363716038563,0.285941855834329,0.320172452915816,0.289782663002748,0,
0.310659548820389,0.31954425942156,0.587216248506571,0.267755842977082,0.228078940794404,0,
0.411744446357844,0.439263803680982,0.694544006371963,0.513501248014522,0.264801398950787,0,
0.572068193559497,0.574583698510079,0.300677021107129,0.327887451781257,0.355983012740445,0,
0.332185293611159,0.423663453111306,0.310035842293907,0.47787610619469,0.32075943042718,0,
0.499913897020837,0.628045574057844,0.292114695340502,0.32312230542319,0.293779665251062,0,
0.437575340106768,0.613672217353199,0.265830346475508,0.405491263898344,0.32075943042718,0,
0.518684346478388,0.474496056091148,0.43010752688172,0.3238030406172,0.302023482388209,0,
0.831582572757017,0.287116564417178,0.644763042612505,0.280009076469253,0.28828378715963,0,
0.382469433442397,0.789307624890447,0.262246117084827,0.432266848196052,0.468898326255309,0,
0.384191493025659,0.834706397896582,0.245121465551573,0.304515543453597,0.279540344741444,0,
0.421732391940761,0.4965819456617,0.299084030266826,0.332652598139324,0.340494629028229,0,
0.337007060444291,0.288168273444347,0.484468339307049,0.863399137735421,0.122408193854609,0,
0.700361632512485,0.282208588957055,0.394464356829948,0.394145677331518,0.305770671996003,0,
0.33752367831927,0.700262927256792,0.495021903624054,0.519400953029272,0.32075943042718,0,
0.379714138109179,0.700438212094654,0.261449621664675,0.291581574767415,0.32075943042718,0,
0.414671947649389,0.308851884312007,0.54320987654321,0.297481279782165,0.296277791656258,0,
0.334079559152747,0.557055214723926,0.494225408203903,0.423644202405264,0.293280039970022,0,
0.367659721026347,0.55863277826468,0.505575467941059,0.309507601543,0.35248563577317,0,
0.45496814189771,0.401928133216477,0.320390282755874,0.383027002496029,0.349737696727454,0,
0.320647494403306,0.330411919368975,0.485463958582238,0.891309280689812,0.126655008743442,0,
0.34423971069399,0.496056091148116,0.909398645957786,0.215339233038348,0.32075943042718,0,
0.423971069399001,0.480280455740578,0.462564715252887,0.402995234853642,0.300524606545091,0,
0.353711038401929,0.466432953549518,0.757666268418956,0.199909235307465,0.32075943042718,0,
0.325297055278113,0.326029798422436,0.484866587017125,0.802132970274563,0.567324506620035,0,
0.348028241777165,0.499561787905346,0.768418956591,0.227819378261856,0.221333999500375,0,
0.310142930945411,0.31603856266433,0.581441656710474,0.891309280689812,0.32075943042718,0,
0.581022903392457,0.541805433829974,0.634806849860613,0.304742455184933,0.291281538845866,0,
0.424143275357327,0.526555652936021,0.287136598964556,0.326979804855911,0.347239570322258,0,
0.367659721026347,0.662751971954426,0.567702110712863,0.473791695030633,0.247064701473895,0,
0.447907697606337,0.717616126205083,0.528076463560335,0.297027456319492,0.283787159630277,0,
0.366798691234717,0.678001752848379,0.578653922739944,0.249375992738825,0.32075943042718,0,
0.339245737902531,0.718667835232252,0.273795300677021,0.41479464488314,0.359730202348239,0,
0.943172033752368,0.336371603856266,0.335921943448825,0.335375538915362,0.306769922558081,0,
0.446185638023076,0.744609991235758,0.521704500199124,0.480599046970728,0.428678491131651,0,
0.347339417943861,0.37353198948291,0.751692552767822,0.157930565010211,0.226330252310767,0,
0.527466850353022,0.477300613496932,0.302469135802469,0.329929657363286,0.338995753185111,0,
0.704838987428965,0.291498685363716,0.344285145360414,0.346721125482187,0.331501373969523,0,
0.547442741518857,0.386678352322524,0.423934687375548,0.405945087361017,0.297277042218336,0,
0.348889271568796,0.521121822962314,0.797092791716448,0.22759246653052,0.24981264051961,0,
0.350266919235405,0.390359333917616,0.878534448426922,0.653051962786476,0.184861353984512,0,
0.686585155846392,0.191586327782647,0.405814416567105,0.398683911958248,0.299525355983013,0,
0.827966247632168,0.180893952673094,0.342293906810036,0.342182890855457,0.30751936047964,0,
0.476321680730153,0.725854513584575,0.277777777777778,0.312911277513047,0.384211841119161,0,
0.351127949027036,0.503768624014023,0.621465551573078,0.258225550260948,0.32075943042718,0,
0.648183227139659,0.564767747589834,0.530067702110713,0.306784660766962,0.361728703472396,0,
0.352850008610298,0.536897458369851,0.638590203106332,0.244837758112094,0.396702473145141,0,
0.48097124160496,0.515162138475022,0.290123456790123,0.4785568413887,0.4484136897327,0,
0.26175305665576,0.176161262050833,0.242731979291119,0.597004765146358,0.32075943042718,0,
0.322886171861546,0.316389132340053,0.496216646754281,0.186975266621284,0.777916562578066,0,
0.373859135526089,0.456792287467134,0.776383910792513,0.227365554799183,0.226330252310767,0,
0.339934561735836,0.427870289219982,0.650935882118678,0.485364193328795,0.224831376467649,0,
0.349061477527122,0.509728308501315,0.507566706491438,0.420921261629226,0.32075943042718,0,
0.646633373514724,0.437510955302366,0.422939068100358,0.411844792375766,0.304271796152885,0,
0.62975718959876,0.465381244522349,0.526284348864994,0.460857726344452,0.25630776917312,0,
0.380747373859135,0.576336546888694,0.601951413779371,0.281143635125936,0.32075943042718,0,
0.416049595315998,0.444347063978966,0.319593787335723,0.33741774449739,0.308268798401199,0,
0.325124849319786,0.364066608238387,0.521704500199124,0.650782845473111,0.169372970272296,0,
0.33976235577751,0.595968448729185,0.487853444842692,0.42977081915135,0.32075943042718,0,
0.717410022386775,0.369325153374233,0.435483870967742,0.331971862945314,0.305770671996003,0,
0.35767177544343,0.32410166520596,0.724810832337714,0.674154753800772,0.225830627029728,0,
0.316858963320131,0.335845749342682,0.626443647949024,0.804175175856592,0.165625780664502,0,
0.352505596693646,0.611568799298861,0.256272401433692,0.454731109598366,0.279790157381964,0,
0.643878078181505,0.447502191060473,0.46415770609319,0.438166553210801,0.287034723957032,0,
0.330118822111245,0.337423312883436,0.804659498207885,0.221238938053097,0.402947789158131,0,
0.386602376442225,0.322524101665206,0.662485065710872,0.790787383707738,0.138895828128903,0,
0.346306182193904,0.476774758983348,0.855436081242533,0.207624234172907,0.32075943042718,0,
0.395729292233511,0.613146362839614,0.496614894464357,0.434082142046744,0.370971771171621,0,
0.677630446013432,0.402629272567923,0.430904022301872,0.441797140912185,0.474893829627779,0,
0.318753228861719,0.333742331288344,0.62226204699323,0.611980939414568,0.32075943042718,0,
0.932667470294472,0.329009640666082,0.41636798088411,0.461765373269798,0.290282288283787,0,
0.55398656793525,0.479754601226994,0.317403424930307,0.389153619242115,0.300774419185611,0,
0.39262958498364,0.678001752848379,0.294902429311031,0.321307011572498,0.35898076442668,0,
0.595315997933528,0.402979842243646,0.535444046196734,0.717041071023372,0.208593554833875,0,
0.370587222317892,0.657668711656442,0.626443647949024,0.514181983208532,0.32075943042718,0,
0.690201480971242,0.470464504820333,0.311429709279172,0.403902881778988,0.297027229577817,0,
0.308248665403823,0.287642418930762,0.451612903225806,0.709099160426594,0.32075943042718,0,
0.549681418977097,0.371954425942156,0.334727200318598,0.383253914227366,0.341244066949788,0,
0.421904597899087,0.595267309377739,0.281362007168459,0.314953483095076,0.32075943042718,0,
0.333735147236094,0.402103418054338,0.295698924731183,0.275243930111187,0.425930552085936,0,
0.275012915446874,0.3954425942156,0.713859020310633,0.572725209893352,0.214838870846865,0,
0.339073531944205,0.296056091148116,0.494623655913978,0.872702518720218,0.144641518860854,0,
0.430514895815395,0.57125328659071,0.757068896853843,0.247333787156796,0.400199850112416,0,
0.608920268641295,0.394741454864154,0.430505774591796,0.402995234853642,0.286535098675993,0,
0.317547787153435,0.388255915863278,0.669056152927121,0.732244157022918,0.170622033474894,0,
0.307387635612192,0.284487291849255,0.421744324970131,0.484002722940776,0.32075943042718,0,
0.650594110556225,0.424539877300613,0.334129828753485,0.380077149988654,0.341743692230827,0,
0.364043395901498,0.648729184925504,0.550378335324572,0.474699341955979,0.25630776917312,0,
0.395729292233511,0.510078878177038,0.29231381919554,0.324256864079873,0.302023482388209,0,
0.332529705527811,0.627169149868536,0.272003185981681,0.431813024733379,0.274793904571571,0,
0.942483209919063,0.178965819456617,0.337514934289128,0.339006126616746,0.304521608793405,0,
0.745307387635612,0.380718667835232,0.44305057745918,0.426594054912639,0.496377716712466,0,
0.388324436025486,0.680806310254163,0.63878932696137,0.489902427955525,0.32075943042718,0,
0.42311003960737,0.584399649430324,0.27937076861808,0.419559791241207,0.267799150637022,0,
0.872567590838643,0.34829097283085,0.550378335324572,0.303834808259587,0.297027229577817,0,
0.835371103840193,0.327256792287467,0.408203902827559,0.407760381211709,0.305520859355483,0,
0.399517823316687,0.529710780017528,0.247710075667065,0.306103925572952,0.280039970022483,0,
0.798346822800069,0.370727432077125,0.337514934289128,0.379850238257318,0.335998001498876,0,
0.346822800068882,0.628045574057844,0.569095977698128,0.486725663716814,0.388708468648514,0,
0.319442052695023,0.368098159509202,0.720430107526882,0.602904470161107,0.458905820634524,0,
0.467194764938867,0.543207712532866,0.298486658701712,0.405491263898344,0.354983762178366,0,
0.64680557947305,0.435056967572305,0.422939068100358,0.41025641025641,0.304521608793405,0,
0.340795591527467,0.350043821209465,0.701911589008363,0.693896074427048,0.209093180114914,0,
0.462028586189082,0.426818580192813,0.428116288331342,0.340140685273429,0.336247814139395,0,
0.52040640606165,0.434706397896582,0.443249701314217,0.442931699568868,0.222083437421934,0,
0.340795591527467,0.473269062226117,0.589406610911987,0.461538461538462,0.32075943042718,0,
0.422765627690718,0.81262050832603,0.269613699721227,0.416383027002496,0.282787909068199,0,
0.729120027552953,0.279404031551271,0.389486260454002,0.395053324256864,0.304521608793405,0,
0.741518856552437,0.449605609114812,0.437275985663082,0.55593374177445,0.268298775918061,0,
0.323747201653177,0.322173531989483,0.612704101951414,0.684592693442251,0.0691981014239321,0,
0.323574995694851,0.307274320771253,0.498207885304659,0.743589743589744,0.32075943042718,0,
0.340451179610815,0.466257668711656,0.806650736758264,0.237122759246653,0.458406195353485,0,
0.355777509901843,0.535319894829097,0.527877339705297,0.446335375538915,0.270297277042218,0,
0.408128121232995,0.780192813321648,0.248307447232178,0.294077603812117,0.229328003997002,0,
0.52264508351989,0.468361086765995,0.319394663480685,0.338552303154073,0.307019735198601,0,
0.310659548820389,0.295004382120946,0.453205894066109,0.769230769230769,0.0617037222083438,0,
0.691234716721199,0.350744960560911,0.344882516925528,0.345359655094168,0.332750437172121,0,
0.405889443774755,0.318492550394391,0.524691358024691,0.814386203766735,0.180614539095678,0,
0.359221629068366,0.567572304995618,0.492831541218638,0.439074200136147,0.282787909068199,0,
0.453934906147753,0.614373356704645,0.710872162485066,0.275243930111187,0.284536597551836,0,
0.324436025486482,0.471691498685364,0.644763042612505,0.508055366462446,0.164376717461904,0,
0.641122782848287,0.503067484662577,0.287335722819594,0.403902881778988,0.28878341244067,0,
0.563974513518168,0.51726555652936,0.517921146953405,0.449058316314954,0.419185610791906,0,
0.332529705527811,0.315162138475022,0.60015929908403,0.781257090991604,0.545340994254309,0,
0.358188393318409,0.510429447852761,0.491238550378335,0.303380984796914,0.28878341244067,0,
0.465128293438953,0.493952673093777,0.318199920350458,0.33741774449739,0.344491631276543,0,
0.319958670570002,0.325679228746713,0.550975706889685,0.716360335829362,0.188108918311267,0,
0.350783537110384,0.549868536371604,0.658900836320191,0.265713637395053,0.2560579565326,0,
0.722059583261581,0.289044697633655,0.44305057745918,0.336963921034717,0.303272545590807,0,
0.368865162734631,0.403680981595092,0.783751493428913,0.238030406171999,0.22408193854609,0,
0.758567246426726,0.327081507449606,0.33452807646356,0.339686861810756,0.355233574818886,0,
0.334940588944377,0.605083260297984,0.564516129032258,0.470841842523259,0.259055708218836,0,
0.520923023936628,0.443996494303243,0.304062126642772,0.336963921034717,0.33949537846615,0,
0.382297227484071,0.766871165644172,0.560533651931501,0.461538461538462,0.32075943042718,0,
0.256414671947649,0.14250657318142,0.482078853046595,0.600408441116406,0.32075943042718,0,
0.394523850525228,0.65977212971078,0.566109119872561,0.270932607215793,0.277292030976767,0,
0.570173928017909,0.61384750219106,0.584826762246117,0.48309507601543,0.282538096427679,0,
0.359566040985018,0.382471516213848,0.867383512544803,0.214431586113002,0.184361728703472,0,
0.283623213363182,0.989833479404032,0.266228594185583,0.303607896528251,0.280289782663003,0,
0.900120544170828,0.172830850131464,0.340700915969733,0.344905831631495,0.337247064701474,0,
0.602032030308249,0.337773882559159,0.389884508164078,0.406625822555026,0.284786410192356,0,
0.350266919235405,0.54478527607362,0.501991238550378,0.423190378942591,0.289782663002748,0,
0.378164284484243,0.617703768624014,0.598964555953803,0.450646698434309,0.272045965525856,0,
0.404684002066471,0.765819456617003,0.266029470330546,0.300658044020876,0.26929802648014,0,
0.338556914069227,0.685539000876424,0.510155316606929,0.451327433628319,0.285036222832875,0,
0.644222490098157,0.391411042944785,0.439665471923536,0.422055820285909,0.439170622033475,0,
0.338901325985879,0.512883435582822,0.504778972520908,0.422282732017245,0.293280039970022,0,
0.342517651110728,0.435758106923751,0.517722023098367,0.44474699341956,0.40394703972021,0,
0.3271913208197,0.331638913234005,0.562126642771804,0.803040617199909,0.169622782912815,0,
0.358705011193387,0.753724802804557,0.257666268418957,0.304061719990924,0.282538096427679,0,
0.311348372653694,0.286064855390009,0.439864595778574,0.20807805763558,0.0669497876592556,0,
0.384019287067333,0.754250657318142,0.241537236160892,0.513728159745859,0.488383712215838,0,
0.324608231444808,0.395968448729185,0.820191158900836,0.219877467665078,0.25630776917312,0,
0.391940761150336,0.706397896581946,0.574074074074074,0.494667574313592,0.263552335748189,0,
0.657137936972619,0.607361963190184,0.471326164874552,0.488087134104833,0.386959780164876,0,
0.676769416221801,0.318141980718668,0.384309040223019,0.381892443839347,0.309767674244317,0,
0.69295677630446,0.346538124452235,0.340700915969733,0.388472884048105,0.30776917312016,0,
0.336834854485965,0.602629272567923,0.596575069693349,0.238030406171999,0.259805146140395,0,
0.648011021181333,0.361262050832603,0.426125049780964,0.469480372135239,0.209093180114914,0,
0.375064577234372,0.603155127081507,0.271804062126643,0.315407306557749,0.291781164126905,0,
0.585500258308937,0.376862401402279,0.281561131023497,0.773995915588836,0.210592055958031,0,
0.405889443774755,0.607361963190184,0.486260454002389,0.425005672793283,0.283537346989758,0,
0.361632512484932,0.832778264680105,0.25089605734767,0.299977308826866,0.282787909068199,0,
0.417427242982607,0.65977212971078,0.499402628434886,0.449058316314954,0.227579315513365,0,
0.237644222490098,0.129710780017528,0.631222620469932,0.214204674381666,0.203347489382963,0,
0.447563285689685,0.566345311130587,0.281162883313421,0.442024052643522,0.618036472645516,0,
0.870673325297055,0.169500438212095,0.336718438868976,0.339459950079419,0.302772920309768,0,
0.418460478732564,0.473269062226117,0.312425328554361,0.334014068527343,0.306270297277042,0,
0.381263991734114,0.631551270815074,0.2536837913182,0.315861130020422,0.353734698975768,0,
0.336662648527639,0.482909728308501,0.656511350059737,0.47787610619469,0.270047464401699,0,
0.565352161184777,0.648378615249781,0.267821585025886,0.311322895393692,0.293529852610542,0,
0.320303082486654,0.314636283961437,0.458582238152131,0.539823008849557,0.32075943042718,0,
0.395557086275185,0.763365468886941,0.278574273197929,0.427274790106649,0.554833874594054,0,
0.329946616152919,0.511305872042068,0.588410991636798,0.469026548672566,0.270547089682738,0,
0.608575856724643,0.680806310254163,0.300677021107129,0.326299069661902,0.296027979015738,0,
0.517306698811779,0.709027169149869,0.278972520908005,0.417063762196506,0.406195353484886,0,
0.318581022903392,0.348466257668712,0.642572680207089,0.87451781257091,0.32075943042718,0,
0.314792491820217,0.291849255039439,0.426722421346077,0.535057862491491,0.773919560329753,0,
0.367487515068021,0.299386503067485,0.53863002787734,0.582028590878148,0.633275043717212,0,
0.72567590838643,0.190885188431201,0.383512544802867,0.378942591331972,0.343242568073945,0,
0.667125882555536,0.423838737949167,0.337514934289128,0.382573179033356,0.33974519110667,0,
0.417255037024281,0.655915863277826,0.664078056551175,0.275924665305196,0.278291281538846,0,
0.552436714310315,0.514110429447853,0.493827160493827,0.540503744043567,0.556082937796653,0,
0.324091613569829,0.375284837861525,0.734767025089606,0.601542999773088,0.32075943042718,0,
0.802996383674875,0.289044697633655,0.404022301871764,0.378715679600635,0.348238820884337,0,
0.342689857069055,0.378264680105171,0.707487056949422,0.556160653505786,0.32075943042718,0,
0.333907353194421,0.324452234881683,0.476702508960573,0.266394372589063,0.0594554084436672,0,
0.345789564318925,0.552497808939527,0.271804062126643,0.438166553210801,0.290282288283787,0,
0.307559841570518,0.313935144609991,0.424532058940661,0.471068754254595,0.550836872345741,0,
0.391424143275357,0.393865030674847,0.704101951413779,0.5357385976855,0.44241818636023,0,
0.335801618736008,0.410692375109553,0.991238550378335,0.189698207397322,0.230077441918561,0,
0.319614258653349,0.466432953549518,0.593588211867782,0.484910369866122,0.267299525355983,0,
0.768555192009644,0.414723926380368,0.458383114297093,0.512820512820513,0.280039970022483,0,
0.627862924057172,0.441191936897458,0.415770609318996,0.383934649421375,0.304521608793405,0,
0.464956087480627,0.547239263803681,0.432696136997212,0.413660086226458,0.279790157381964,0,
0.259858791114173,0.0813321647677476,0.178414974113899,0.227819378261856,0.246565076192855,0,
0.350266919235405,0.310078878177038,0.553763440860215,0.852280462899932,0.101174119410442,0,
0.475977268813501,0.723400525854514,0.279171644763043,0.312457454050374,0.380464651511366,0,
0.707077664887205,0.194040315512708,0.406013540422143,0.403675970047651,0.304271796152885,0,
0.338901325985879,0.586503067484663,0.604340900039825,0.501474926253687,0.32075943042718,0,
0.403650766316514,0.423312883435583,0.731381919553963,0.243022464261402,0.42967774169373,0,
0.316686757361805,0.379491673970202,0.814217443249701,0.196732471068754,0.168373719710217,0,
0.385741346650594,0.391060473269062,0.83273596176822,0.176537326979805,0.242318261304022,0,
0.345789564318925,0.690446976336547,0.260055754679411,0.420240526435217,0.364226829877592,0,
0.325469261236439,0.31954425942156,0.540820390282756,0.762877240753347,0.194104421683737,0,
0.763389013259859,0.319018404907975,0.339904420549582,0.377354209212616,0.310517112165876,0,
0.328052350611331,0.477475898334794,0.634408602150538,0.47401860676197,0.276542593055209,0,
0.549853624935423,0.524276950043821,0.479091995221027,0.319037894259133,0.29477891581314,0,
0.508524194937145,0.652059596844873,0.271206690561529,0.41093714545042,0.360729452910317,0,
0.316686757361805,0.292550394390885,0.496017522899243,0.773315180394826,0.32075943042718,0,
0.789564318925435,0.183172655565294,0.6342094782955,0.472884048105287,0.266799900074944,0,
0.374031341484415,0.639439088518843,0.70589406610912,0.521216246879964,0.245815638271297,0,
0.856208024797658,0.357581069237511,0.336917562724014,0.339459950079419,0.30776917312016,0,
0.514379197520234,0.590008764241893,0.278375149342891,0.250737463126844,0.626030477142143,0,
0.654727053556053,0.294829097283085,0.34468339307049,0.380304061719991,0.309018236322758,0,
0.32942999827794,0.420333041191937,0.761847869374751,0.220558202859088,0.263552335748189,0,
0.55312553814362,0.593339176161262,0.475906013540422,0.510324483775811,0.44241818636023,0,
0.323919407611503,0.32182296231376,0.512345679012346,0.805763557975947,0.32075943042718,0,
0.892543482004477,0.316564417177914,0.336320191158901,0.383253914227366,0.341244066949788,0,
0.488031685896332,0.387204206836109,0.334727200318598,0.374631268436578,0.340244816387709,0,
0.562596865851558,0.384574934268186,0.621863799283154,0.594962559564329,0.460404696477642,0,
0.474427415188565,0.440315512708151,0.421346077260056,0.400045382346267,0.285535848113915,0,
0.345789564318925,0.44364592462752,0.661688570290721,0.487860222373497,0.240819385460904,0,
0.346306182193904,0.4943032427695,0.447232178414974,0.427728613569322,0.292530602048464,0,
0.384363698983985,0.576687116564417,0.29231381919554,0.402087587928296,0.290282288283787,0,
0.311348372653694,0.294829097283085,0.446236559139785,0.493079192194236,0.833624781413939,0,
0.525055966936456,0.686415425065732,0.275388291517324,0.415702291808486,0.430926804896328,0,
0.262097468572413,0.563891323400526,0.758861011549184,0.211254821874291,0.260054958780914,0,
0.484931978646461,0.582997370727432,0.28036638789327,0.314953483095076,0.264551586310267,0,
0.745824005510591,0.412094653812445,0.475308641975309,0.542999773088269,0.399450412190857,0,
0.317892199070088,0.364066608238387,0.717244125846276,0.600635352847742,0.17287034723957,0,
0.340795591527467,0.71375985977213,0.28215850258861,0.411164057181756,0.360979265550837,0,
0.243154813156535,0.150394390885188,0.120071684587814,0.0916723394599501,0.504121908568574,0,
0.810056827966248,0.17703768624014,0.395858223815213,0.387338325391423,0.343992005995503,0,
0.528500086102979,0.618930762489045,0.290322580645161,0.415929203539823,0.366475143642268,0,
0.765455484759773,0.356879929886065,0.440063719633612,0.450873610165646,0.28853359980015,0,
0.495953159979335,0.380368098159509,0.411389884508164,0.38234626730202,0.346739945041219,0,
0.777509901842604,0.360385626643295,0.333731581043409,0.408668028137055,0.298775918061454,0,
0.329946616152919,0.2965819456617,0.436877737953007,0.581347855684139,0.686485136147889,0,
0.402273118649905,0.580543382997371,0.290919952210275,0.321987746766508,0.32075943042718,0,
0.514895815395213,0.569149868536372,0.29410593389088,0.42001361470388,0.277292030976767,0,
0.811434475632857,0.479404031551271,0.430904022301872,0.330837304288632,0.302523107669248,0,
0.416049595315998,0.788957055214724,0.280963759458383,0.306103925572952,0.446665001249063,0,
0.388668847942139,0.618930762489045,0.270011947431302,0.437712729748128,0.2560579565326,0,
0.310142930945411,0.290972830850131,0.466547192353644,0.70024960290447,0.608043967024732,0,
0.783881522300671,0.189307624890447,0.342293906810036,0.344678919900159,0.309268048963278,0,
0.311692784570346,0.28851884312007,0.465352449223417,0.770138416156115,0.32075943042718,0,
0.829860513173756,0.185801928133216,0.342891278375149,0.343090537780803,0.306020484636523,0,
0.347683829860513,0.594390885188431,0.610911987256073,0.47401860676197,0.254309268048963,0,
0.302221456862407,0.278001752848379,0.426722421346077,0.252325845246199,0.32075943042718,0,
0.334251765111073,0.555302366345311,0.27757865392274,0.44474699341956,0.285535848113915,0,
0.35767177544343,0.656266432953549,0.267622461170848,0.433174495121398,0.32075943042718,0,
0.349750301360427,0.52182296231376,0.791716447630426,0.227138643067847,0.251311516362728,0,
0.443258136731531,0.450131463628396,0.306849860613301,0.398457000226912,0.293779665251062,0,
0.322025142069916,0.313234005258545,0.499203504579849,0.190832766054005,0.32075943042718,0,
0.447391079731359,0.711656441717792,0.287136598964556,0.322214658497844,0.294279290532101,0,
0.451179610814534,0.433128834355828,0.795499800876145,0.534830950760154,0.438421184111916,1,
0.329602204236267,0.443120070113935,0.50457984866587,0.678692988427502,0.511616287784162,1,
0.311348372653694,0.302191060473269,0.452608522500996,0.454277286135693,0.23082687984012,1,
0.316514551403479,0.347414548641542,0.566905615292712,0.358747447243022,0.32075943042718,1,
0.34647838815223,0.421560035056968,0.573675826363998,0.648513728159746,0.32075943042718,1,
0.38367487515068,0.525503943908852,0.710075667064914,0.599727705922396,0.261054209342993,1,
0.51816772860341,0.367221735319895,0.717443249701314,0.73474018606762,0.217336997252061,1,
0.395040468400207,0.330236634531113,0.819195539625647,0.61311549807125,0.459905071196603,1,
0.428104012398829,0.328308501314636,0.671246515332537,0.752893124574541,0.131651261553835,1,
0.313587050111934,0.262751971954426,0.395858223815213,0.259133197186295,0.571821134149388,1,
0.330463234027897,0.354425942156003,0.577857427319793,0.609938733832539,0.162128403697227,1,
0.326846908903048,0.351270815074496,0.595778574273198,0.71976401179941,0.19260554584062,1,
0.381091785775788,0.328133216476775,0.751891676622859,0.580894032221466,0.184111916062953,1,
0.337007060444291,0.301314636283961,0.516328156113102,0.577944179714091,0.517112165875593,1,
0.45272946443947,0.292725679228747,0.615890083632019,0.718175629680054,0.636272795403447,1,
0.482693301188221,0.343558282208589,0.92831541218638,0.216700703426367,0.258556082937797,1,
0.377819872567591,0.647677475898335,0.572680207088809,0.529385069208078,0.248063952035973,1,
0.356638539693473,0.452410166520596,0.673636001592991,0.517131835715906,0.232075943042718,1,
0.280867918029964,0.184750219106047,0.249502190362405,0.630587701384162,0.639020734449163,1,
0.446357843981402,0.337773882559159,0.639784946236559,0.6761969593828,0.668498626030477,1,
0.493542276562769,0.474846625766871,0.742731979291119,0.518947129566599,0.414439170622033,1,
0.445152402273119,0.546187554776512,0.617084826762246,0.677785341502156,0.196852360729453,1,
0.268296883072154,0.340052585451358,0.480286738351254,0.631722260040844,0.10891831126655,1,
0.51816772860341,0.367221735319895,0.717642373556352,0.73474018606762,0.217336997252061,1,
0.393318408816945,0.547414548641542,0.682994822779769,0.683458134785568,0.236322757931551,1,
0.371620458067849,0.367572304995618,0.467941059338909,0.617880644429317,0.569822633025231,1,
0.30928190115378,0.319894829097283,0.530266825965751,0.551395507147719,0.32075943042718,1,
0.311003960737042,0.343908851884312,0.413181999203505,0.461538461538462,0.556582563077692,1,
0.360427070776649,0.47817703768624,0.699123855037833,0.616746085772634,0.208093929552835,1,
0.46840020664715,0.338650306748466,0.735165272799681,0.678466076696165,0.509367974019485,1,
0.341656621319098,0.394390885188431,0.496814018319395,0.510324483775811,0.539095678241319,1,
0.329774410194593,0.298510078878177,0.48984468339307,0.781030179260268,0.632025980514614,1,
0.312381608403651,0.336196319018405,0.549980087614496,0.56501021102791,0.32075943042718,1,
0.368692956776304,0.337072743207713,0.815013938669853,0.568186975266621,0.471146640019985,1,
0.486654038229723,0.39193689745837,0.862007168458781,0.223734967097799,0.232575568323757,1,
0.365421043568107,0.491673970201577,0.701911589008363,0.620830496936692,0.194604046964776,1,
0.488892715687963,0.348641542506573,0.914575866188769,0.221012026321761,0.260304771421434,1,
0.354744274151886,0.33567046450482,0.519115890083632,0.699341955979124,0.599300524606545,1,
0.346650594110556,0.347239263803681,0.694344882516926,0.537780803267529,0.485635773170122,1,
0.335973824694334,0.401577563540754,0.692751891676623,0.18788291354663,0.646764926305271,1,
0.500774926812468,0.528483786152498,0.260055754679411,0.300658044020876,0.276292780414689,1,
0.357155157568452,0.357405784399649,0.619076065312624,0.54617653732698,0.456407694229328,1,
0.332013087652833,0.387028921998247,0.520708880923935,0.926253687315634,0.32075943042718,1,
0.409333562941278,0.475197195442594,0.739545997610514,0.535284774222827,0.548838371221584,1,
0.315481315653522,0.322874671340929,0.49542015133413,0.737236215112321,0.489133150137397,1,
0.400206647149991,0.45749342681858,0.616487455197133,0.538007714998865,0.665500874344242,1,
0.413122094024453,0.443470639789658,0.728195937873357,0.541184479237577,0.57032225830627,1,
0.3903909075254,0.38387379491674,0.757068896853843,0.246199228500113,0.424681488883337,1,
0.339073531944205,0.324452234881683,0.50457984866587,0.196732471068754,0.32075943042718,1,
0.404339590149819,0.364767747589833,0.746515332536838,0.645790787383708,0.188858356232825,1,
0.380402961942483,0.566345311130587,0.59557945041816,0.288631722260041,0.252560579565326,1,
0.452385052522817,0.67011393514461,0.56989247311828,0.539823008849557,0.260304771421434,1,
0.366109867401412,0.410692375109553,0.522301871764237,0.587701384161561,0.231826130402198,1,
0.332529705527811,0.387730061349693,0.636798088410992,0.266848196051736,0.271296527604297,1,
0.400034441191665,0.340052585451358,0.644563918757467,0.499432720671659,0.447414439170622,1,
0.338212502152574,0.391411042944785,0.803663878932696,0.220558202859088,0.227829128153885,1,
0.467366970897193,0.318843120070114,0.713659896455595,0.550941683685046,0.260804396702473,1,
0.348544859652144,0.436985100788782,0.771007566706491,0.57476741547538,0.151636272795403,1,
0.32633029102807,0.306047326906223,0.741338112305854,0.641933287950987,0.687984011991007,1,
0.329774410194593,0.367747589833479,0.529669454400637,0.787610619469027,0.32075943042718,1,
0.47287756156363,0.673269062226117,0.535244922341696,0.542999773088269,0.267299525355983,1,
0.429826071982091,0.445574057843996,0.52668259657507,0.452915815747674,0.543092680489633,1,
0.373686929567763,0.344259421560035,0.715850258861012,0.628545495802133,0.689482887834124,1,
0.335801618736008,0.365293602103418,0.586818000796495,0.590424324937599,0.176117911566325,1,
0.501635956604099,0.354776511831727,0.722819593787336,0.638529611980939,0.482388208843367,1,
0.346133976235578,0.320595968448729,0.652130625248905,0.698207397322442,0.753934549088184,1,
0.328913380402962,0.312182296231376,0.46594982078853,0.192874971636034,0.32075943042718,1,
0.412433270191149,0.445574057843996,0.668657905217045,0.286589516678012,0.254059455408444,1,
0.394868262441881,0.336546888694128,0.704301075268817,0.620603585205355,0.216087934049463,1,
0.495092130187704,0.444347063978966,0.823775388291517,0.252325845246199,0.24981264051961,1,
0.467194764938867,0.551095530236635,0.756670649143767,0.254141139096891,0.277292030976767,1,
0.376442224900982,0.438737949167397,0.538032656312226,0.66643975493533,0.175868098925806,1,
0.324091613569829,0.372129710780018,0.63878932696137,0.750397095529839,0.161129153135149,1,
0.377647666609265,0.622261174408414,0.603743528474711,0.672793283412752,0.210342243317512,1,
0.337179266402618,0.2988606485539,0.58641975308642,0.668255048786022,0.124906320259805,1,
0.348200447735492,0.579842243645925,0.598964555953803,0.552983889267075,0.60879340494629,1,
0.318753228861719,0.32182296231376,0.463560334528076,0.287950987066031,0.556582563077692,1,
0.338212502152574,0.396669588080631,0.708283552369574,0.585205355116859,0.607544341743692,1,
0.431720337523678,0.61262050832603,0.505177220230984,0.549353301565691,0.465650761928554,1,
0.406750473566385,0.383698510078878,0.634010354440462,0.546403449058316,0.12190856857357,1,
0.342173239194076,0.406134969325153,0.674830744723218,0.563875652371228,0.32075943042718,1,
0.463234027897365,0.69535495179667,0.506571087216248,0.54095756750624,0.253060204846365,1,
0.318408816945066,0.326555652936021,0.550378335324572,0.769003857499433,0.165126155383462,1,
0.38815223006716,0.461875547765118,0.781162883313421,0.583390061266167,0.571071696227829,1,
0.457034613397624,0.485714285714286,0.683193946634807,0.521216246879964,0.492880339745191,1,
0.371792664026175,0.356704645048203,0.592194344882517,0.702972543680508,0.193105171121659,1,
0.322369553986568,0.344434706397897,0.690362405416169,0.551622418879056,0.207344491631277,1,
0.31152057861202,0.354776511831727,0.427120669056153,0.490129339686862,0.32075943042718,1,
0.321336318236611,0.359509202453988,0.709876543209876,0.587247560698888,0.32075943042718,1,
0.379025314275874,0.313584574934268,0.67184388689765,0.713183571590651,0.746440169872596,1,
0.391251937317031,0.665381244522349,0.59836718438869,0.547084184252326,0.228078940794404,1,
0.315309109695195,0.278702892199825,0.415969733174034,0.27115951894713,0.517112165875593,1,
0.320647494403306,0.32410166520596,0.556152927120669,0.829135466303608,0.10866849862603,1,
0.410883416566213,0.419982471516214,0.598168060533652,0.596777853415022,0.780414688983262,1,
0.403478560358188,0.419456617002629,0.791119076065313,0.669843430905378,0.181613789657757,1,
0.375753401067677,0.393339176161262,0.648745519713262,0.169276151577037,0.130402198351237,1,
0.418288272774238,0.436985100788782,0.748307447232178,0.525754481506694,0.641768673494879,1,
0.445152402273119,0.290096406660824,0.730784547988849,0.529158157476742,0.417436922308269,1,
0.323230583778199,0.328308501314636,0.473715651135006,0.736555479918312,0.616537596802398,1,
0.365593249526434,0.451884312007011,0.729390681003584,0.233038348082596,0.189857606794904,1,
0.313587050111934,0.350219106047327,0.636798088410992,0.358747447243022,0.32075943042718,1,
0.335973824694334,0.454864154250657,0.510155316606929,0.554572271386431,0.32075943042718,1,
0.470122266230412,0.478352322524102,0.642373556352051,0.26594054912639,0.599550337247065,1,
0.484931978646461,0.643996494303243,0.682795698924731,0.286816428409349,0.28178865850612,1,
0.429653866023764,0.383523225241017,0.740541616885703,0.747901066485137,0.32075943042718,1,
0.352677802651972,0.338124452234882,0.8584229390681,0.189017472203313,0.499125655758181,1,
0.322886171861546,0.323049956178791,0.534647550776583,0.794417971409122,0.127154634024482,1,
0.349233683485449,0.423663453111306,0.770011947431302,0.599954617653733,0.581314014489133,1,
0.39262958498364,0.32760736196319,0.66726403823178,0.547991831177672,0.440169872595553,1,
0.322369553986568,0.367221735319895,0.542015133412983,0.54617653732698,0.259055708218836,1,
0.533149646977785,0.434005258545136,0.558343289526085,0.508963013387792,0.695228578566076,1,
0.303771310487343,0.28273444347064,0.500199123855038,0.460630814613115,0.208843367474394,1,
0.421904597899087,0.472217353198948,0.662485065710872,0.258906285454958,0.280289782663003,1,
0.329085586361288,0.370201577563541,0.482477100756671,0.849330610392557,0.087184611541344,1,
0.312037196486998,0.322699386503067,0.186379928315412,0.723848422963467,0.122408193854609,1,
0.422765627690718,0.440666082383874,0.528076463560335,0.613342409802587,0.471646265301024,1,
0.499225073187532,0.675197195442594,0.609916367980884,0.28477422282732,0.279290532100924,1,
0.47735491648011,0.388606485539001,0.871963361210673,0.207170410710234,0.227579315513365,1,
0.32271396590322,0.360035056967572,0.71784149741139,0.620149761742682,0.164126904821384,1,
0.340967797485793,0.330762489044698,0.812425328554361,0.574086680281371,0.669497876592555,1,
0.33304632340279,0.438737949167397,0.539824771007567,0.520762423417291,0.32075943042718,1,
0.375925607026003,0.394916739702016,0.67463162086818,0.512820512820513,0.235823132650512,1,
0.328913380402962,0.363891323400526,0.946037435284747,0.582482414340821,0.198101423932051,1,
0.53159979335285,0.374934268185802,0.853245718837117,0.230769230769231,0.260054958780914,1,
0.326846908903048,0.344609991235758,0.567901234567901,0.511005218969821,0.648513614788908,1,
0.387635612192182,0.305872042068361,0.787136598964556,0.565237122759247,0.441918561079191,1,
0.314792491820217,0.337423312883436,0.441457586618877,0.495348309507602,0.649263052710467,1,
0.419493714482521,0.643470639789658,0.561728395061728,0.498978897208986,0.503872095928054,1,
0.275185121405201,0.359509202453988,0.604141776184787,0.65214431586113,0.17287034723957,1,
0.353883244360255,0.581069237510955,0.598964555953803,0.474472430224643,0.229328003997002,1,
0.425176511107284,0.616827344434706,0.724611708482676,0.476287724075335,0.272295778166375,1,
0.3903909075254,0.322173531989483,0.565710872162485,0.716587247560699,0.16662503122658,1,
0.34647838815223,0.381069237510955,0.673835125448029,0.990696619015203,0.144141893579815,1,
0.462372998105734,0.696056091148116,0.523297491039426,0.448150669389607,0.278041468898326,1,
0.354055450318581,0.374057843996494,0.663281561131023,0.710914454277286,0.0694479140644517,1,
0.309454107112106,0.308676599474145,0.511549183592194,0.358747447243022,0.32075943042718,1,
0.322886171861546,0.304820333041192,0.436678614097969,0.67165872475607,0.138895828128903,1,
0.330463234027897,0.331113058720421,0.480485862206292,0.673474018606762,0.32075943042718,1,
0.35457206819356,0.426292725679229,0.838908801274393,0.209439528023599,0.557332000999251,1,
0.370070604442914,0.642594215600351,0.630824372759857,0.678919900158838,0.232325755683238,1,
0.465300499397279,0.474145486415425,0.681202708084428,0.635579759473565,0.188108918311267,1,
0.393490614775271,0.342857142857143,0.734767025089606,0.565464034490583,0.219085685735698,1,
0.390563113483726,0.680806310254163,0.524492234169654,0.586339913773542,0.21808643517362,1,
0.343723092819012,0.334969325153374,0.47331740342493,0.595643294758339,0.633275043717212,1,
0.309798519028758,0.348466257668712,0.435284747112704,0.506013160880417,0.483137646764926,1,
0.3271913208197,0.321297107800175,0.528872958980486,0.548672566371681,0.32075943042718,1,
0.344584122610642,0.326906222611744,0.472720031859817,0.651463580667121,0.32075943042718,1,
0.281212329946616,0.182471516213848,0.246515332536838,0.766507828454731,0.149138146390207,1,
0.381780609609092,0.497808939526731,0.679012345679012,0.692534604039029,0.208093929552835,1,
0.334596177027725,0.321121822962314,0.457188371166866,0.664624461084638,0.109917561828629,1,
0.389874289650422,0.437335670464505,0.711867781760255,0.246653051962786,0.263552335748189,1,
0.336662648527639,0.414373356704645,0.471923536439665,0.533923303834808,0.32075943042718,1,
0.437230928190115,0.460823838737949,0.656113102349661,0.266167460857726,0.285785660754434,1,
0.377647666609265,0.374057843996494,0.77299880525687,0.194463353755389,0.450911816137897,1,
0.360082658859997,0.391235758106924,0.500199123855038,0.582709326072158,0.32075943042718,1,
0.348544859652144,0.415600350569676,0.664277180406213,0.594054912638983,0.48713464901324,1,
0.32942999827794,0.338650306748466,0.658701712465153,0.500113455865668,0.32075943042718,1,
0.333735147236094,0.374408413672217,0.782357626443648,0.22169276151577,0.143142643017737,1,
0.328741174444636,0.327782646801052,0.449024293110315,0.798048559110506,0.135898076442668,1,
