541,5,2,
0.747373859135526,0.342156003505697,0.393866985264835,0.382800090764693,0.335248563577317,0,
0.313587050111934,0.343908851884312,0.479291119076065,0.706830043113229,0.32075943042718,0,
0.337351472360944,0.299386503067485,0.546196734368777,0.894712956659859,0.112665500874344,0,
0.26760805923885,0.593689745836985,0.562126642771804,0.458815520762423,0.32075943042718,0,
0.757189598760117,0.193865030674847,0.394663480684986,0.379396414794645,0.340244816387709,0,
0.405889443774755,0.541630148992112,0.462365591397849,0.319491717721806,0.32075943042718,0,
0.336146030652661,0.636459246275197,0.560732775786539,0.486044928522805,0.383462403197602,0,
0.762011365593249,0.190709903593339,0.342891278375149,0.345132743362832,0.309517861603797,0,
0.407267091441364,0.590008764241893,0.265033851055356,0.316088041751759,0.290032475643268,0,
0.339417943860858,0.412094653812445,0.899442453205894,0.164964828681643,0.484636522608044,0,
0.822972274840709,0.318667835232252,0.338311429709279,0.339686861810756,0.338496127904072,0,
0.319614258653349,0.431551270815074,0.669852648347272,0.257090991604266,0.267299525355983,0,
0.524539349061478,0.603505696757231,0.302469135802469,0.321080099841162,0.284536597551836,0,
0.818322713965903,0.191761612620508,0.395260852250099,0.341048332198775,0.303022732950287,0,
0.460995350439125,0.677125328659071,0.256272401433692,0.594962559564329,0.248813389957532,0,
0.477182710521784,0.674496056091148,0.29410593389088,0.324256864079873,0.268798401199101,0,
0.343723092819012,0.408588957055215,0.717443249701314,0.541865214431586,0.2305770671996,0,
0.278457034613398,0.148992112182296,0.126244524093986,0,0.32075943042718,0,
0.490098157396246,0.582822085889571,0.490442054958184,0.315861130020422,0.276292780414689,0,
0.388841053900465,0.788255915863278,0.221425726802071,0.294985250737463,0.369972520609543,0,
0.753401067676942,0.286765994741455,0.453006770211071,0.582028590878148,0.264551586310267,0,
0.628551747890477,0.512708150744961,0.461569095977698,0.415929203539823,0.446415188608544,0,
0.485276390563113,0.675723049956179,0.293906810035842,0.324483775811209,0.367974019485386,0,
0.343378680902359,0.312007011393514,0.711071286340103,0.573405945087361,0.605046215338496,0,
0.377992078525917,0.618580192813322,0.287335722819594,0.323349217154527,0.298775918061454,0,
0.339073531944205,0.499386503067485,0.590800477897252,0.252325845246199,0.405196102922808,0,
0.340451179610815,0.431726555652936,0.854440461967344,0.185613796233265,0.218336247814139,0,
0.332357499569485,0.539176161262051,0.284348864994026,0.435897435897436,0.290781913564826,0,
0.847253314964698,0.337423312883436,0.425925925925926,0.380530973451327,0.30776917312016,0,
0.351127949027036,0.433829973707274,0.804460374352847,0.217381438620377,0.477641768673495,0,
0.511623902187016,0.538124452234882,0.300278773397053,0.267075107783072,0.693979515363477,0,
0.400551059066644,0.638737949167397,0.515531660692951,0.452008168822328,0.244566575068699,0,
0.48097124160496,0.529184925503944,0.451612903225806,0.287950987066031,0.722458156382713,0,
0.338901325985879,0.611919368974584,0.560334528076464,0.501701837985024,0.32075943042718,0,
0.839848458756673,0.184399649430324,0.340900039824771,0.379169503063308,0.302273295028728,0,
0.319442052695023,0.322699386503067,0.460573476702509,0.216927615157704,0.32075943042718,0,
0.370759428276218,0.333742331288344,0.635802469135802,0.786022237349671,0.181613789657757,0,
0.337179266402618,0.474320771253287,0.738351254480287,0.540049920580894,0.32075943042718,0,
0.338212502152574,0.419106047326906,0.77757865392274,0.216473791695031,0.244566575068699,0,
0.415188565524367,0.661700262927257,0.269414575866189,0.416609938733833,0.362228328753435,0,
0.313414844153608,0.35863277826468,0.151135005973716,0.819832085318811,0.0662003497376968,0,
0.421732391940761,0.679228746713409,0.471127041019514,0.665759019741321,0.238071446415189,0,
0.336490442569313,0.584399649430324,0.565113500597372,0.496482868164284,0.678740944291781,0,
0.465644911313931,0.616827344434706,0.617084826762246,0.547764919446335,0.263802148388708,0,
0.31152057861202,0.299386503067485,0.493628036638789,0.29906966190152,0.201348988258806,0,
0.50111933872912,0.653111305872042,0.264834727200319,0.424098025867937,0.283287534349238,0,
0.358532805235061,0.662751971954426,0.544802867383512,0.229407760381212,0.32075943042718,0,
0.312726020320303,0.302541630148992,0.460573476702509,0.617199909235307,0.32075943042718,0,
0.339245737902531,0.448203330411919,0.921943448825169,0.174495121397776,0.222333250062453,0,
0.415877389357672,0.709728308501315,0.264834727200319,0.294985250737463,0.582812890332251,0,
0.315825727570174,0.319193689745837,0.259060135404221,0.212843203993646,0.517112165875593,0,
0.699845014637506,0.363540753724803,0.426921545201115,0.341048332198775,0.337746689982513,0,
0.902703633545721,0.331113058720421,0.445240939864596,0.336963921034717,0.307019735198601,0,
0.464267263647322,0.45749342681858,0.425726802070888,0.334240980258679,0.340244816387709,0,
0.625452040640606,0.388255915863278,0.298486658701712,0.45836169729975,0.238571071696228,0,
0.352677802651972,0.468185801928133,0.896256471525289,0.200363058770138,0.240569572820385,0,
0.61047012226623,0.62068361086766,0.288132218239745,0.324937599273882,0.291031726205346,0,
0.486137420354744,0.632427695004382,0.297092791716448,0.423871114136601,0.277292030976767,0,
0.635095574306871,0.402629272567923,0.399641577060932,0.39074200136147,0.35273544841369,0,
0.350611331152058,0.741279579316389,0.231182795698925,0.484002722940776,0.577566824881339,0,
0.327019114861374,0.482208588957055,0.736957387495022,0.210574086680281,0.236072945291032,0,
0.335629412777682,0.329535495179667,0.739745121465551,0.734967097798956,0.178116412690482,0,
0.770105045634579,0.187028921998247,0.34010354440462,0.339233038348083,0.354234324256807,0,
0.649905286722921,0.601226993865031,0.264635603345281,0.495121397776265,0.264051961029228,0,
0.624246598932323,0.388957055214724,0.433691756272401,0.430224642614023,0.607294529103173,0,
0.336318236610987,0.704469763365469,0.259259259259259,0.420921261629226,0.362228328753435,0,
0.303426898570691,0.272918492550394,0.411589008363202,0.490129339686862,0.32075943042718,0,
0.377475460650939,0.544960560911481,0.609916367980884,0.460403902881779,0.272795403447414,0,
0.453762700189426,0.641717791411043,0.273197929111908,0.41615611527116,0.288033974519111,0,
0.436025486481832,0.821560035056968,0.248904818797292,0.493306103925573,0.396952285785661,0,
0.410366798691235,0.510429447852761,0.537833532457188,0.269117313365101,0.750437172120909,0,
0.712416049595316,0.411042944785276,0.307048984468339,0.400045382346267,0.370721958531102,0,
0.31375925607026,0.336371603856266,0.6194743130227,0.936464715225777,0.10866849862603,0,
0.311348372653694,0.2988606485539,0.448227797690163,0.616065350578625,0.644766425181114,0,
0.357499569485104,0.453286590709904,0.806252489048188,0.223054231903789,0.32075943042718,0,
0.573962459101085,0.433829973707274,0.451413779370769,0.288631722260041,0.639020734449163,0,
0.330635439986223,0.458895705521472,0.892871365989646,0.213750850918992,0.217087184611541,0,
0.495436542104357,0.620333041191937,0.600756670649144,0.508509189925119,0.220584561578816,0,
0.472016531771999,0.688343558282209,0.286539227399442,0.32312230542319,0.294029477891581,0,
0.112622696745307,0.0431200701139351,0.293309438470729,0.324937599273882,0.289283037721709,0,
0.696056483554331,0.319894829097283,0.413978494623656,0.381438620376673,0.33974519110667,0,
0.356638539693473,0.401051709027169,0.866985264834727,0.199001588382119,0.226080439670247,0,
0.338556914069227,0.336546888694128,0.529271206690561,0.229634672112548,0.809392955283537,0,
0.50111933872912,0.437160385626643,0.817801672640382,0.255048786022237,0.274544091931052,0,
0.835887721715171,0.339526730937774,0.333333333333333,0.340594508736102,0.308518611041719,0,
0.378680902359222,0.755477651183173,0.229589804858622,0.44860449285228,0.281289033225081,0,
0.333218529361116,0.43908851884312,0.868180007964954,0.194236442024053,0.616537596802398,0,
0.380747373859135,0.588606485539001,0.478096375945838,0.420240526435217,0.287784161878591,0,
0.713104873428621,0.314460999123576,0.412783751493429,0.340594508736102,0.338496127904072,0,
0.369726192526261,0.412795793163891,0.752289924332935,0.185386884501929,0.219335498376218,0,
0.308937489237128,0.292550394390885,0.474711270410195,0.308146131154981,0.205845615788159,0,
0.462717410022387,0.653286590709904,0.265232974910394,0.321533923303835,0.293529852610542,0,
0.342689857069055,0.44715162138475,0.915372361608921,0.209893351486272,0.24381713714714,0,
0.31823661098674,0.434706397896582,0.601752289924333,0.281597458588609,0.278541094179365,0,
0.355088686068538,0.656967572304996,0.263639984070092,0.294304515543454,0.272545590806895,0,
0.552436714310315,0.539176161262051,0.476304261250498,0.31926480599047,0.32075943042718,0,
0.322025142069916,0.470289219982471,0.526284348864994,0.43430905377808,0.32075943042718,0,
0.318581022903392,0.396143733567046,0.833532457188371,0.190378942591332,0.16662503122658,0,
0.336318236610987,0.541454864154251,0.691955396256472,0.60403902881779,0.194104421683737,0,
0.481143447563286,0.644522348816827,0.29410593389088,0.400272294077604,0.293779665251062,0,
0.540726709144136,0.606310254163015,0.286340103544405,0.415248468345813,0.372970272295778,0,
0.358877217151713,0.530762489044698,0.814615690959777,0.213297027456319,0.32075943042718,0,
0.772343723092819,0.33444347063979,0.418558343289526,0.342182890855457,0.340994254309268,0,
0.42896504219046,0.605083260297984,0.279769016328156,0.422055820285909,0.273794654009493,0,
0.458928878939211,0.699561787905346,0.278972520908005,0.613569321533923,0.225580814389208,0,
0.516962286895126,0.533917616126205,0.294703305455994,0.270705695484457,0.672745440919311,0,
0.319786464611676,0.405258545135846,0.85941855834329,0.189244383934649,0.32075943042718,0,
0.820905803340796,0.185276073619632,0.450219036240542,0.40639891082369,0.300274793904572,0,
0.793697261925263,0.323926380368098,0.614496216646754,0.283866575901974,0.285286035473395,0,
0.327019114861374,0.411393514460999,0.553763440860215,0.621057408668028,0.32075943042718,0,
0.42311003960737,0.513935144609991,0.469534050179211,0.412298615838439,0.296027979015738,0,
0.476493886688479,0.732865907099036,0.276782158502589,0.314499659632403,0.28853359980015,0,
0.392112967108662,0.72410166520596,0.276383910792513,0.630360789652825,0.233574818885836,0,
0.389013259858791,0.674496056091148,0.663480684986061,0.505786249149081,0.252810392205846,0,
0.320647494403306,0.434706397896582,0.678016726403823,0.20285908781484,0.32075943042718,0,
0.489581539521267,0.557756354075373,0.273596176821983,0.321760835035171,0.294279290532101,0,
0.344584122610642,0.651358457493427,0.492035045798487,0.303154073065577,0.380214838870847,0,
0.406406061649733,0.529710780017528,0.560135404221426,0.298842750170184,0.358231326505121,0,
0.37472016531772,0.677826468010517,0.273994424532059,0.308373042886317,0.32075943042718,0,
0.330635439986223,0.410166520595968,0.824970131421744,0.608804175175857,0.23107669248064,0,
0.448424315481316,0.340753724802805,0.695539625647152,0.554799183117767,0.466899825131152,0,
0.650938522472878,0.356529360210342,0.340900039824771,0.343544361243476,0.336497626779915,0,
0.534182882727742,0.482559158632778,0.456989247311828,0.325845246199229,0.298775918061454,0,
0.87807818150508,0.333742331288344,0.33452807646356,0.340821420467438,0.309018236322758,0,
0.51592905114517,0.625416301489921,0.279968140183194,0.407306557749036,0.355983012740445,0,
0.271913208197004,0.419106047326906,0.926523297491039,0.177671885636487,0.32075943042718,0,
0.378680902359222,0.57125328659071,0.709478295499801,0.513501248014522,0.32075943042718,0,
0.715860168761839,0.36091148115688,0.397252090800478,0.379623326525981,0.309268048963278,0,
0.367659721026347,0.681858019281332,0.570888092393469,0.526889040163376,0.32075943042718,0,
0.477699328396762,0.65749342681858,0.283552369573875,0.31404583616973,0.285286035473395,0,
0.389185465817117,0.648378615249781,0.512544802867383,0.421828908554572,0.370472145890582,0,
0.351127949027036,0.323575810692375,0.751294305057746,0.626730201951441,0.46140394703972,0,
0.40967797485793,0.588957055214724,0.566507367582636,0.622418879056047,0.212840369722708,0,
0.902703633545721,0.174583698510079,0.331541218637993,0.376219650555934,0.336747439420435,0,
0.384708110900637,0.654688869412796,0.268219832735962,0.437031994554118,0.592305770671996,0,
0.876183915963492,0.174057843996494,0.398048586220629,0.384161561152712,0.305770671996003,0,
0.806096090924746,0.325679228746713,0.336320191158901,0.337644656228727,0.306270297277042,0,
0.323574995694851,0.424539877300613,0.728195937873357,0.242114817336056,0.32075943042718,0,
0.707594282762184,0.283435582822086,0.393468737554759,0.395507147719537,0.305520859355483,0,
0.311348372653694,0.284837861524978,0.45679012345679,0.779441797140912,0.608543592305771,0,
0.313931462028586,0.359859772129711,0.503783353245719,0.716133424098026,0.32075943042718,0,
0.807645944549681,0.286765994741455,0.332536837913182,0.319945541184479,0.28828378715963,0,
0.620974685724126,0.171779141104294,0.393667861409797,0.338325391422737,0.338496127904072,0,
0.375236783192698,0.586678352322524,0.293309438470729,0.408668028137055,0.295778166375219,0,
0.710693990012054,0.276950043821209,0.465352449223417,0.640571817562968,0.222583062702973,0,
0.34871706561047,0.373882559158633,0.853046594982079,0.645110052189698,0.206345241069198,0,
0.567246426726365,0.333917616126205,0.397650338510554,0.393464942137508,0.33949537846615,0,
0.87136214913036,0.345311130587204,0.43110314615691,0.51690492398457,0.276292780414689,0,
0.311348372653694,0.364592462751972,0.44305057745918,0.522804628999319,0.643767174619036,0,
0.505768899603926,0.398773006134969,0.313022700119474,0.382119355570683,0.305770671996003,0,
0.545204064060617,0.510429447852761,0.450617283950617,0.669843430905378,0.211091681239071,0,
0.325641467194765,0.417353198948291,0.812823576264436,0.198093941456773,0.32075943042718,0,
0.330635439986223,0.417353198948291,0.878335324571884,0.165872475606989,0.32075943042718,0,
0.387463406233856,0.537598597721297,0.53305455993628,0.443385523031541,0.368223832125906,0,
0.404339590149819,0.704820333041192,0.267025089605735,0.30428863172226,0.285785660754434,0,
0.366626485276391,0.547063978965819,0.294902429311031,0.318130247333787,0.291031726205346,0,
0.400551059066644,0.607537248028046,0.582437275985663,0.286135693215339,0.279040719460405,0,
0.314103667986912,0.302366345311131,0.449024293110315,0.592693442250964,0.32075943042718,0,
0.424315481315654,0.717440841367222,0.273596176821983,0.309053778080327,0.287784161878591,0,
0.778198725675908,0.35863277826468,0.628434886499402,0.29975039709553,0.29477891581314,0,
0.612536593766144,0.421384750219106,0.578056551174831,0.293169956886771,0.369223082687984,0,
0.383158257275702,0.403330411919369,0.72520908004779,0.225777172679828,0.411191606295279,0,
0.339245737902531,0.778615249780894,0.257467144563919,0.636260494667574,0.220584561578816,0,
0.34871706561047,0.421384750219106,0.59557945041816,0.533242568640799,0.26929802648014,0,
0.332185293611159,0.648904469763365,0.587017124651533,0.248014522350806,0.265051211591307,0,
0.661443085930773,0.369325153374233,0.334328952608522,0.377808032675289,0.342742942792905,0,
0.424315481315654,0.717440841367222,0.273795300677021,0.309280689811663,0.287784161878591,0,
0.890304804546237,0.332865907099036,0.44763042612505,0.332198774676651,0.305271046714964,0,
0.317892199070088,0.367747589833479,0.676224611708483,0.771272974812798,0.32075943042718,0,
0.683141036679869,0.622085889570552,0.473118279569892,0.452461992285001,0.374219335498376,0,
0.376614430859308,0.511656441717791,0.71226602947033,0.514862718402541,0.218336247814139,0,
0.472533149646978,0.67011393514461,0.287534846674632,0.323576128885863,0.294029477891581,0,
0.748751506802135,0.344434706397897,0.333930704898447,0.376900385749943,0.312015988008993,0,
0.140003444119167,0.401402278702892,0.277180406212664,0.3238030406172,0.301773669747689,0,
0.606853797141381,0.337248028045574,0.397451214655516,0.385296119809394,0.350986759930052,0,
0.434303426898571,0.716389132340053,0.288729589804859,0.321080099841162,0.289283037721709,0,
0.309626313070432,0.299386503067485,0.418558343289526,0.252325845246199,0.32075943042718,0,
0.378164284484243,0.572304995617879,0.833930704898447,0.212389380530973,0.238571071696228,0,
0.415705183399346,0.460473269062226,0.718239745121466,0.229180848649875,0.26929802648014,0,
0.326674702944722,0.382997370727432,0.746117084826762,0.678692988427502,0.200849362977767,0,
0.321164112278285,0.399824715162138,0.705097570688969,0.813251645110052,0.32075943042718,0,
0.388496641983813,0.768799298860649,0.608721624850657,0.497163603358294,0.261304021983512,0,
0.4535904942311,0.761612620508326,0.266626841895659,0.411617880644429,0.465900574569073,0,
0.396073704150164,0.62418930762489,0.650139386698526,0.30496936691627,0.282787909068199,0,
0.389702083692096,0.577388255915863,0.824372759856631,0.225096437485818,0.245815638271297,0,
0.351127949027036,0.396143733567046,0.627240143369176,0.282958928976628,0.272295778166375,0,
0.351300154985362,0.449605609114812,0.584826762246117,0.460857726344452,0.184861353984512,0,
0.431375925607026,0.477651183172656,0.478096375945838,0.409121851599728,0.372220834374219,0,
0.385569140692268,0.676248904469763,0.578056551174831,0.477649194463354,0.272545590806895,0,
0.398656793525056,0.774057843996494,0.283353245718837,0.596097118221012,0.23732200849363,0,
0.947477182710522,0.163716038562664,0.393468737554759,0.340140685273429,0.307019735198601,0,
0.585500258308937,0.617002629272568,0.465352449223417,0.409121851599728,0.287784161878591,0,
0.834854485965214,0.343908851884312,0.337116686579052,0.380077149988654,0.30751936047964,0,
0.387118994317203,0.68501314636284,0.553564317005177,0.467438166553211,0.270547089682738,0,
0.315309109695195,0.340753724802805,0.47152528872959,0.562287270251872,0.32075943042718,0,
0.48183227139659,0.675021910604733,0.27757865392274,0.421375085091899,0.575318511116662,0,
0.476666092646806,0.513234005258545,0.306650736758264,0.328795098706603,0.304271796152885,0,
0.35767177544343,0.535845749342682,0.508164078056551,0.437031994554118,0.367974019485386,0,
0.341140003444119,0.626292725679229,0.492035045798487,0.416609938733833,0.39095678241319,0,
0.335973824694334,0.32760736196319,0.484468339307049,0.219196732471069,0.32075943042718,0,
0.31375925607026,0.308676599474145,0.575866188769415,0.889267075107783,0.32075943042718,0,
0.355260892026864,0.368273444347064,0.846674631620868,0.716814159292035,0.190107419435423,0,
0.428620630273807,0.712708150744961,0.253484667463162,0.645790787383708,0.241319010741944,0,
0.850697434131221,0.307975460122699,0.522500995619275,0.315634218289086,0.298526105420934,0,
0.670053383847081,0.309377738825592,0.392672242134608,0.38688450192875,0.28203847114664,0,
0.363010160151541,0.398948290972831,0.743329350856233,0.249602904470161,0.259805146140395,0,
0.887549509213019,0.342156003505697,0.557745917960972,0.305423190378943,0.298276292780415,0,
0.329946616152919,0.51375985977213,0.764834727200319,0.534150215566145,0.499375468398701,0,
0.333390735319442,0.313234005258545,0.769812823576264,0.56501021102791,0.482138396202848,0,
0.403478560358188,0.67589833479404,0.553166069295101,0.454731109598366,0.375218586060455,0,
0.325297055278113,0.462927256792287,0.593189964157706,0.252325845246199,0.32075943042718,0,
0.363182366109867,0.371078001752848,0.610513739545998,0.755162241887906,0.191606295278541,0,
0.871189943172034,0.190359333917616,0.401831939466348,0.339459950079419,0.341993504871347,0,
0.375236783192698,0.671165644171779,0.243727598566308,0.432039936464715,0.283287534349238,0,
0.893576717754434,0.2988606485539,0.338709677419355,0.34331744951214,0.308518611041719,0,
0.331324263819528,0.420508326029798,0.819792911190761,0.190832766054005,0.206844866350237,0,
0.606337179266403,0.483610867659947,0.466148944643568,0.436578171091445,0.483387459405446,0,
0.835198897881867,0.327256792287467,0.408203902827559,0.407760381211709,0.305520859355483,0,
0.53607714826933,0.72532865907099,0.509757068896854,0.309734513274336,0.288033974519111,0,
0.546065093852247,0.468185801928133,0.451413779370769,0.393918765600182,0.264301773669748,0,
0.757534010676769,0.186327782646801,0.342094782954998,0.380077149988654,0.308518611041719,0,
0.341484415360771,0.409290096406661,0.800079649542015,0.155661447696846,0.32075943042718,0,
0.5464095057689,0.630148992112182,0.290919952210275,0.401860676196959,0.27554334249313,0,
0.36128810056828,0.542681858019281,0.660493827160494,0.240526435216701,0.25031226580065,0,
0.332701911486137,0.69307624890447,0.499800876144962,0.721125482187429,0.200349737696727,0,
0.907180988462201,0.181770376862401,0.39426523297491,0.34263671431813,0.309767674244317,0,
0.854141553297744,0.308150744960561,0.402429311031462,0.38688450192875,0.419185610791906,0,
0.380747373859135,0.720420683610868,0.258861011549184,0.437031994554118,0.28178865850612,0,
0.381780609609092,0.443821209465381,0.800876144962167,0.228727025187202,0.26255308518611,0,
0.423971069399001,0.769149868536372,0.272202309836718,0.311322895393692,0.360479640269798,0,
0.338384708110901,0.526730937773883,0.523496614894464,0.432266848196052,0.360229827629278,0,
0.691923540554503,0.552673093777388,0.292114695340502,0.583616972997504,0.249562827879091,0,
0.771654899259514,0.395968448729185,0.422739944245321,0.398910823689585,0.276542593055209,0,
0.576028930600999,0.407186678352323,0.462962962962963,0.327660540049921,0.30776917312016,0,
0.389874289650422,0.43908851884312,0.599960175228992,0.286362604946676,0.381214089432925,0,
0.527294644394696,0.460648553900088,0.459776981282358,0.446108463807579,0.251561329003248,0,
0.643361460306527,0.464855390008764,0.465153325368379,0.443385523031541,0.287034723957032,0,
0.564835543309799,0.519894829097283,0.504181600955794,0.422282732017245,0.40994254309268,0,
0.665231617013949,0.385977212971078,0.437873357228196,0.337190832766054,0.305770671996003,0,
0.400551059066644,0.650832602979842,0.267224213460773,0.431586113002042,0.286784911316513,0,
0.362321336318237,0.457668711656442,0.529669454400637,0.460403902881779,0.287034723957032,0,
0.329085586361288,0.509553023663453,0.582238152130625,0.471749489448604,0.32075943042718,0,
0.409850180816256,0.627695004382121,0.257068896853843,0.309961425005673,0.32075943042718,0,
0.478388152230067,0.682559158632778,0.283552369573875,0.316088041751759,0.290282288283787,0,
0.305837781987257,0.306748466257669,0.589605734767025,0.781257090991604,0.32075943042718,0,
0.652488376097813,0.35056967572305,0.39247311827957,0.402768323122305,0.286285286035473,0,
0.351816772860341,0.52182296231376,0.813620071684588,0.219877467665078,0.32075943042718,0,
0.710521784053728,0.399824715162138,0.336121067303863,0.385069208078058,0.341493879590307,0,
0.39400723265025,0.683786152497809,0.657706093189964,0.26525981393238,0.273794654009493,0,
0.323058377819873,0.309377738825592,0.530665073675826,0.907873837077377,0.10866849862603,0,
0.790253142758739,0.291498685363716,0.340900039824771,0.341729067392784,0.338246315263552,0,
0.395384880316859,0.735495179666959,0.275587415372362,0.413660086226458,0.369722707969023,0,
0.475977268813501,0.0552147239263804,0.254281162883313,0.721579305650102,0.175118661004247,0,
0.489237127604615,0.36091148115688,0.393070489844683,0.378715679600635,0.342992755433425,0,
0.267263647322197,0.450482033304119,0.759259259259259,0.186975266621284,0.32075943042718,0,
0.569829516101257,0.612094653812445,0.265033851055356,0.234626730201951,0.32075943042718,0,
0.349750301360427,0.641893076248904,0.276184786937475,0.427274790106649,0.291531351486385,0,
0.517306698811779,0.422261174408414,0.423934687375548,0.389834354436124,0.346739945041219,0,
0.363698983984846,0.425416301489921,0.757068896853843,0.237803494440663,0.260554584061954,0,
0.410194592732909,0.579666958808063,0.609318996415771,0.260494667574314,0.191606295278541,0,
0.318925434820045,0.307624890446976,0.531461569095978,0.885182663943726,0.131901074194354,0,
0.382469433442397,0.749167397020158,0.559936280366388,0.459723167687769,0.32075943042718,0,
0.706044429137248,0.34250657318142,0.400836320191159,0.397776265032902,0.295778166375219,0,
0.318064405028414,0.354601226993865,0.711668657905217,0.358747447243022,0.32075943042718,0,
0.417599448940933,0.682383873794917,0.259856630824373,0.314499659632403,0.32075943042718,0,
0.311864990528672,0.29079754601227,0.453205894066109,0.242114817336056,0.0976767424431676,0,
0.440675047356639,0.498334794040316,0.435085623257666,0.412298615838439,0.274044466650012,0,
0.376442224900982,0.423312883435583,0.789326961369972,0.608123439981847,0.437421933549838,0,
0.408816945066299,0.6045574057844,0.537634408602151,0.302246426140231,0.289283037721709,0,
0.311176166695368,0.301314636283961,0.437873357228196,0.557068300431132,0.601798651011741,0,
0.366282073359738,0.503067484662577,0.477698128235763,0.314953483095076,0.290032475643268,0,
0.333562941277768,0.41034180543383,0.825169255276782,0.166099387338325,0.32075943042718,0,
0.365076631651455,0.580543382997371,0.288729589804859,0.460403902881779,0.443167624281789,0,
0.313587050111934,0.334618755477651,0.635404221425727,0.863626049466757,0.32075943042718,0,
0.898226278629241,0.169325153374233,0.397451214655516,0.377808032675289,0.337996502623033,0,
0.463406233855691,0.756003505696757,0.528872958980486,0.505786249149081,0.399200599550337,0,
1,0.339000876424189,0.341696535244922,0.348082595870207,0.312515613290032,0,
0.349578095402101,0.502716914986854,0.75826363998407,0.236442024052643,0.32075943042718,0,
0.353022214568624,0.694829097283085,0.256869772998805,0.29975039709553,0.286784911316513,0,
0.335801618736008,0.320245398773006,0.799880525686977,0.547311095983662,0.47464401698726,0,
0.368004132943,0.57125328659071,0.594583831142971,0.49217154526889,0.248313764676493,0,
0.31375925607026,0.333041191936897,0.640382317801673,0.855911050601316,0.32075943042718,0,
0.350783537110384,0.439439088518843,0.68478693747511,0.526889040163376,0.221833624781414,0,
0.397451351816773,0.728483786152498,0.275985663082437,0.41479464488314,0.267549337996503,0,
0.320130876528328,0.39649430324277,0.798088410991637,0.133877921488541,0.213839620284786,0,
0.357327363526778,0.547589833479404,0.503982477100757,0.449739051508963,0.32075943042718,0,
0.763561219218185,0.319368974583699,0.34189565909996,0.374631268436578,0.33349987509368,0,
0.349750301360427,0.534092900964067,0.482477100756671,0.426820966643976,0.291031726205346,0,
0.328224556569657,0.338650306748466,0.513739545997611,0.793964147946449,0.195353484886335,0,
0.360082658859997,0.740403155127082,0.245519713261649,0.442931699568868,0.558830876842368,0,
0.487515068021354,0.690096406660824,0.291716447630426,0.322895393691854,0.375718211341494,0,
0.814017565007749,0.177388255915863,0.395659099960175,0.334014068527343,0.292530602048464,0,
0.708455312553814,0.448378615249781,0.307048984468339,0.388472884048105,0.390207344491631,0,
0.624418804890649,0.37475898334794,0.401433691756272,0.395507147719537,0.363477391956033,0,
0.323919407611503,0.316739702015776,0.193349263241736,0.654867256637168,0.185111166625031,0,
0.316342345445152,0.279579316389132,0.444643568299482,0.584751531654186,0.754683987009743,0,
0.536249354227656,0.336196319018405,0.39426523297491,0.39074200136147,0.269547839120659,0,
0.64456690201481,0.487642418930762,0.463361210673039,0.448150669389607,0.288033974519111,0,
0.49216462889616,0.40578439964943,0.324372759856631,0.380077149988654,0.335998001498876,0,
0.329257792319614,0.510780017528484,0.214257268020709,0.281824370319946,0.278790906819885,0,
0.355605303943516,0.514285714285714,0.632616487455197,0.253914227365555,0.32075943042718,0,
0.352677802651972,0.315863277826468,0.556750298685783,0.879282958928977,0.0804396702473145,0,
0.449285345272946,0.628921998247152,0.267622461170848,0.314499659632403,0.293529852610542,0,
0.913897020836921,0.332865907099036,0.429908403026683,0.432947583390061,0.292280789407944,0,
0.393662820733597,0.639263803680982,0.780167264038232,0.225550260948491,0.242568073944542,0,
0.326502496986396,0.324627519719544,0.4926324173636,0.605400499205809,0.958281289033225,0,
0.327880144653005,0.475372480280456,0.720430107526882,0.219877467665078,0.25006245316013,0,
0.317719993111762,0.357931638913234,0.718239745121466,0.538461538461539,0.32075943042718,0,
0.80368520750818,0.393514460999124,0.522301871764237,0.419105967778534,0.292030976767424,0,
0.507318753228862,0.653637160385627,0.261648745519713,0.317903335602451,0.32075943042718,0,
0.345272946443947,0.573181419807187,0.712863401035444,0.522350805536646,0.233325006245316,0,
0.414327535732736,0.731288343558282,0.518120270808443,0.312911277513047,0.293030227329503,0,
0.319269846736697,0.292024539877301,0.453405017921147,0.216927615157704,0.780414688983262,0,
0.850008610297916,0.336196319018405,0.333532457188371,0.343090537780803,0.306520109917562,0,
0.530222145686241,0.535845749342682,0.436678614097969,0.397549353301566,0.302273295028728,0,
0.965903220251421,0.334969325153374,0.337116686579052,0.339006126616746,0.334998750936797,0,
0.677974857930084,0.458369851007888,0.452608522500996,0.45904243249376,0.263302523107669,0,
0.458928878939211,0.571779141104295,0.529669454400637,0.65736328568187,0.219835123657257,0,
0.51816772860341,0.432602979842244,0.686180804460374,0.243476287724075,0.268048963277542,0,
0.336490442569313,0.787028921998247,0.263440860215054,0.642160199682324,0.226829877591806,0,
0.509385224728776,0.361787905346188,0.337714058144166,0.379396414794645,0.336997252060954,0,
0.384708110900637,0.731814198071867,0.230983671843887,0.309961425005673,0.291281538845866,0,
0.264336146030653,0.549693251533742,0.614097968936679,0.492625368731563,0.412190856857357,0,
0.314448079903565,0.36091148115688,0.795101553166069,0.556614476968459,0.234324256807394,0,
0.278629240571724,0.334092900964067,0.63878932696137,0.778080326752893,0.092930302273295,0,
0.325985879111417,0.370727432077125,0.52110712863401,0.669616519174041,0.32075943042718,0,
0.338384708110901,0.462751971954426,0.911190760653126,0.181756296800545,0.32075943042718,0,
0.518339934561736,0.66432953549518,0.296495420151334,0.325164511005219,0.29502872845366,0,
0.367831926984674,0.34022787028922,0.554958183990442,0.882459723167688,0.0789407944041969,0,
0.458928878939211,0.463453111305872,0.30426125049781,0.331291127751305,0.304021983512366,0,
0.35095574306871,0.423137598597721,0.918757467144564,0.171772180621738,0.225580814389208,0,
0.500086102979163,0.369149868536372,0.412783751493429,0.334921715452689,0.351236572570572,0,
0.499913897020837,0.713058720420684,0.550975706889685,0.42977081915135,0.285535848113915,0,
0.402445324608231,0.750043821209465,0.527479091995221,0.273428636260495,0.287034723957032,0,
0.807818150508008,0.30464504820333,0.34010354440462,0.383480825958702,0.346739945041219,0,
0.332013087652833,0.415600350569676,0.828355236957387,0.208304969366916,0.32075943042718,0,
0.318925434820045,0.343207712532866,0.630227001194743,0.82187429090084,0.32075943042718,0,
0.663509557430687,0.430148992112182,0.434488251692553,0.334921715452689,0.305271046714964,0,
0.778715343550887,0.287992988606486,0.343687773795301,0.379396414794645,0.305271046714964,0,
0.397279145858447,0.718667835232252,0.293707686180804,0.320626276378489,0.356982263302523,0,
0.305665576028931,0.298510078878177,0.424930306650737,0.454958021329703,0.32075943042718,0,
0.575856724642673,0.579666958808063,0.478295499800876,0.642840934876333,0.247564326754934,0,
0.927156879628035,0.296056091148116,0.343090402230187,0.342863626049467,0.333749687734199,0,
0.626140864473911,0.381244522348817,0.403424930306651,0.393691853868845,0.348738446165376,0,
0.457034613397624,0.689921121822962,0.281362007168459,0.629906966190152,0.226580064951287,0,
0.315825727570174,0.351971954425942,0.687176423735564,0.587928295892898,0.460654509118161,0,
0.382813845359049,0.585276073619632,0.483273596176822,0.442931699568868,0.2433175118661,0,
0.170139486826244,0.31726555652936,0.396057347670251,0.392330383480826,0.300274793904572,0,
0.579817461684174,0.455565293602103,0.31521306252489,0.405037440435671,0.361478890831876,0,
0.337007060444291,0.536546888694128,0.548586220629231,0.525300658044021,0.248063952035973,0,
0.339245737902531,0.400701139351446,0.698924731182796,0.745631949171772,0.32075943042718,0,
0.790597554675392,0.180368098159509,0.342692154520111,0.376673474018607,0.306520109917562,0,
0.271224384363699,0.488168273444347,0.693349263241736,0.504651690492399,0.32075943042718,0,
0.733425176511107,0.418229623137599,0.657108721624851,0.286135693215339,0.290032475643268,0,
0.729636645427932,0.453637160385627,0.56152927120669,0.477422282732017,0.28228828378716,0,
0.331496469777854,0.421034180543383,0.834328952608522,0.192194236442024,0.32075943042718,0,
0.365076631651455,0.290972830850131,0.510951812027081,0.624234172906739,0.584561578815888,0,
0.60151541243327,0.543382997370727,0.510752688172043,0.595416383027002,0.239820134898826,0,
0.318064405028414,0.283260297984224,0.439466348068499,0.569321533923304,0.719210592055958,0,
0.45135181677286,0.385451358457493,0.327558741537236,0.340140685273429,0.302023482388209,0,
0.340106767694162,0.431200701139351,0.636798088410992,0.250283639664171,0.32075943042718,0,
0.57912863785087,0.445398773006135,0.329549980087614,0.383707737690039,0.342243317511866,0,
0.620458067849147,0.372304995617879,0.405017921146953,0.391876560018153,0.301773669747689,0,
0.318753228861719,0.409114811568799,0.563719633612107,0.427728613569322,0.32075943042718,0,
0.457895643189254,0.477826468010517,0.312823576264436,0.336056274109371,0.307019735198601,0,
0.507318753228862,0.611218229623138,0.295499800876145,0.408894939868391,0.358481139145641,0,
0.60375408989151,0.523575810692375,0.292911190760653,0.33356024506467,0.348238820884337,0,
0.62975718959876,0.484312007011393,0.307447232178415,0.411390968913093,0.295278541094179,0,
0.354055450318581,0.329184925503944,0.719434488251693,0.605854322668482,0.567074693979515,0,
0.344584122610642,0.598948290972831,0.557347670250896,0.555479918311777,0.211091681239071,0,
0.352850008610298,0.347063978965819,0.850457984866587,0.19310188336737,0.418935798151386,0,
0.34200103323575,0.722173531989483,0.271604938271605,0.408668028137055,0.359730202348239,0,
0.347167211985535,0.361612620508326,0.684388689765034,0.644429316995689,0.586060454659006,0,
0.344928534527295,0.479228746713409,0.666268418956591,0.260267755842977,0.266799900074944,0,
0.433270191148614,0.487817703768624,0.463958582238152,0.315861130020422,0.32075943042718,0,
0.475632856896849,0.625766871165644,0.284547988849064,0.313592012707057,0.277042218336248,0,
0.507318753228862,0.430499561787905,0.754082039028276,0.487860222373497,0.393454908818386,0,
0.359738246943344,0.713058720420684,0.513341298287535,0.495348309507602,0.613789657756682,0,
0.333390735319442,0.407011393514461,0.460971724412585,0.469707283866576,0.451911066699975,0,
0.324608231444808,0.317440841367222,0.520111509358821,0.775811209439528,0.32075943042718,0,
0.385741346650594,0.721121822962314,0.230187176423736,0.303834808259587,0.281538845865601,0,
0.318064405028414,0.320595968448729,0.528275587415372,0.440435670524166,0.274793904571571,0,
0.356466333735147,0.323225241016652,0.725607327757865,0.919219423644202,0.129402947789158,1,
0.314103667986912,0.342857142857143,0.440661091198726,0.510551395507148,0.629028228828379,1,
0.375408989151025,0.32182296231376,0.634607726005575,0.716814159292035,0.0764426679990008,1,
0.566729808851386,0.426117440841367,0.609318996415771,0.524166099387338,0.479640269797652,1,
0.33304632340279,0.333567046450482,0.505973715651135,0.573179033356024,0.0686984761428929,1,
0.409161356982952,0.623663453111306,0.634607726005575,0.61833446789199,0.244066949787659,1,
0.339934561735836,0.364066608238387,0.55057745917961,0.448831404583617,0.515613290032476,1,
0.397279145858447,0.517966695880806,0.777777777777778,0.51622418879056,0.259055708218836,1,
0.367831926984674,0.333216476774759,0.573476702508961,0.883821193555707,0.32075943042718,1,
0.313931462028586,0.392988606485539,0.517722023098367,0.808940322214659,0.119410442168374,1,
0.412777682107801,0.419807186678352,0.723616089207487,0.475606988881325,0.246315263552336,1,
0.250215257447908,0.324452234881683,0.588012743926722,0.79782164737917,0.0766924806395204,1,
0.386430170483899,0.597546012269939,0.54320987654321,0.495575221238938,0.219585311016737,1,
0.364904425693129,0.33794916739702,0.587415372361609,0.595870206489675,0.459155633275044,1,
0.318064405028414,0.402804557405784,0.540223018717642,0.604946675743136,0.32075943042718,1,
0.436369898398485,0.591235758106924,0.553166069295101,0.642840934876333,0.206844866350237,1,
0.279145858446702,0.174934268185802,0.489247311827957,0.223281143635126,0.32075943042718,1,
0.478560358188393,0.711831726555653,0.496017522899243,0.453142727479011,0.373969522857857,1,
0.312898226278629,0.356178790534619,0.496614894464357,0.718402541411391,0.101423932050962,1,
0.517134492853453,0.664680105170903,0.489247311827957,0.531427274790107,0.2433175118661,1,
0.317031169278457,0.330762489044698,0.563719633612107,0.546630360789653,0.32075943042718,1,
0.427931806440503,0.727081507449606,0.608721624850657,0.517358747447243,0.412440669497877,1,
0.322541759944894,0.319719544259422,0.485663082437276,0.793737236215112,0.136397701723707,1,
0.377131048734286,0.310078878177038,0.698128235762644,0.601769911504425,0.228078940794404,1,
0.319786464611676,0.322173531989483,0.594384707287933,0.266621284320399,0.406195353484886,1,
0.316342345445152,0.354425942156003,0.577857427319793,0.728613569321534,0.32075943042718,1,
0.391596349233683,0.402629272567923,0.587017124651533,0.621965055593374,0.770921808643517,1,
0.488376097812984,0.648553900087642,0.654520111509359,0.290673927842069,0.278790906819885,1,
0.348544859652144,0.357405784399649,0.510553564317005,0.792148854095757,0.0939295528353735,1,
0.315825727570174,0.313584574934268,0.537634408602151,0.641933287950987,0.646015488383712,1,
0.268813500947133,0.320070113935145,0.498008761449622,0.721125482187429,0.0637022233325007,1,
0.41415532977441,0.517090271691499,0.716248506571087,0.523485364193329,0.620284786410192,1,
0.371620458067849,0.430499561787905,0.457188371166866,0.235761288858634,0.638021483887085,1,
0.319958670570002,0.2988606485539,0.573874950219036,0.268436578171091,0.444416687484387,1,
0.375408989151025,0.347589833479404,0.751095181202708,0.698207397322442,0.659755183612291,1,
0.348889271568796,0.312883435582822,0.73257666268419,0.722260040844112,0.690731951036722,1,
0.567935250559669,0.417353198948291,0.629032258064516,0.542092126162923,0.503622283287534,1,
0.483726536938178,0.617177914110429,0.694743130227001,0.277739959155888,0.284536597551836,1,
0.395384880316859,0.31954425942156,0.661887694145759,0.506693896074427,0.496877341993505,1,
0.38591355260892,0.319018404907975,0.510553564317005,0.73405945087361,0.164376717461904,1,
0.327880144653005,0.369149868536372,0.542413381123059,0.666666666666667,0.32075943042718,1,
0.58584467022559,0.439263803680982,0.592592592592593,0.520308599954618,0.184111916062953,1,
0.281901153779921,0.36441717791411,0.688968538430904,0.659178579532562,0.568323757182113,1,
0.370759428276218,0.495530236634531,0.703504579848666,0.576355797594736,0.567824131901074,1,
0.385396934733942,0.352147239263804,0.714854639585822,0.623099614250057,0.705720709467899,1,
0.310831754778715,0.356529360210342,0.653126244524094,0.231223054231904,0.32075943042718,1,
0.361460306526606,0.34829097283085,0.953604141776185,0.201951440889494,0.43617287034724,1,
0.311348372653694,0.304820333041192,0.46594982078853,0.606081234399819,0.32075943042718,1,
0.306698811778888,0.329360210341805,0.415770609318996,0.494894486044929,0.32075943042718,1,
0.327535732736353,0.361086765994741,0.540223018717642,0.2809167233946,0.637022233325006,1,
0.36576545548476,0.36319018404908,0.515531660692951,0.636714318130247,0.587559330502124,1,
0.309626313070432,0.286415425065732,0.445639187574671,0.595870206489675,0.220084936297777,1,
0.316342345445152,0.335495179666959,0.58821186778176,0.510324483775811,0.456657506869848,1,
0.501808162562425,0.549342681858019,0.757268020708881,0.268436578171091,0.280789407944042,1,
0.331496469777854,0.400525854513585,0.84647550776583,0.17426820966644,0.624281788658506,1,
0.323574995694851,0.386503067484663,0.501991238550378,0.706149307919219,0.32075943042718,1,
0.353022214568624,0.335144609991236,0.543608124253286,0.855230315407307,0.728453659755184,1,
0.328741174444636,0.340753724802805,0.538829151732378,0.662355343771273,0.496877341993505,1,
0.401239882899948,0.407887817703769,0.709080047789725,0.639664170637622,0.636522608043967,1,
0.367143103151369,0.340403155127081,0.757467144563919,0.203993646471523,0.434923807144642,1,
0.40520061994145,0.418580192813322,0.825169255276782,0.709552983889267,0.220584561578816,1,
0.345272946443947,0.442944785276074,0.697331740342493,0.673247106875425,0.32075943042718,1,
0.33166867573618,0.380192813321648,0.565909996017523,0.817562968005446,0.136397701723707,1,
0.383158257275702,0.503067484662577,0.727399442453206,0.749943272067166,0.201099175618286,1,
0.37695884277596,0.748641542506573,0.492831541218638,0.5357385976855,0.509617786660005,1,
0.311176166695368,0.341630148992112,0.607925129430506,0.572952121624688,0.32075943042718,1,
0.491648011021181,0.621384750219106,0.695937873357228,0.287724075334695,0.279290532100924,1,
0.414327535732736,0.37931638913234,0.64615690959777,0.566598593147266,0.757431926055458,1,
0.412949888066127,0.654513584574934,0.716646754281163,0.528704334014069,0.264801398950787,1,
0.39262958498364,0.44715162138475,0.74352847471127,0.76401179941003,0.191856107919061,1,
0.326674702944722,0.429798422436459,0.487056949422541,0.628999319264806,0.528353734698976,1,
0.446357843981402,0.483085013146363,0.538231780167264,0.619922850011346,0.202847864101924,1,
0.23712760461512,0.350744960560911,0.601354042214257,0.154526889040163,0.136397701723707,1,
0.42534871706561,0.636459246275197,0.568498606133015,0.532108009984116,0.559830127404447,1,
0.331152057861202,0.296932515337423,0.476503385105536,0.764692534604039,0.696227829128154,1,
0.488892715687963,0.656967572304996,0.599761051373955,0.488540957567506,0.273045216087934,1,
0.377647666609265,0.622261174408414,0.603743528474711,0.672793283412752,0.210342243317512,1,
0.252281728947822,0.108326029798422,0.112504978096376,0.101202632176084,0.175868098925806,1,
0.363354572068193,0.610166520595968,0.617881322182397,0.548445654640345,0.575568323757182,1,
0.378164284484243,0.366520595968449,0.789326961369972,0.221465849784434,0.500874344241819,1,
0.313070432236955,0.319719544259422,0.522301871764237,0.75425459496256,0.514614039470397,1,
0.272946443946961,0.341104294478528,0.542612504978096,0.747674154753801,0.113914564076942,1,
0.343723092819012,0.422787028921998,0.792114695340502,0.223508055366462,0.2433175118661,1,
0.38952987773377,0.452234881682734,0.828554360812425,0.207170410710234,0.250811891081689,1,
0.369037368692957,0.356178790534619,0.514137793707686,0.64692534604039,0.550587059705221,1,
0.438952987773377,0.572304995617879,0.524691358024691,0.647832992965736,0.209342992755433,1,
0.376614430859308,0.562313759859772,0.666069295101553,0.728386657590197,0.201848613539845,1,
0.355088686068538,0.353198948290973,0.664277180406213,0.517358747447243,0.450662003497377,1,
0.38591355260892,0.608588957055215,0.251095181202708,0.307011572498298,0.285535848113915,1,
0.375925607026003,0.692199824715162,0.512146555157308,0.547991831177672,0.49337996502623,1,
0.323919407611503,0.358983347940403,0.467941059338909,0.538234626730202,0.32075943042718,1,
0.435336662648528,0.655039439088519,0.614097968936679,0.468572725209893,0.28203847114664,1,
0.349233683485449,0.423663453111306,0.770011947431302,0.599954617653733,0.581314014489133,1,
0.355949715860169,0.367221735319895,0.576662684189566,0.717721806217381,0.124656507619286,1,
0.316686757361805,0.334618755477651,0.46594982078853,0.213977762650329,0.32075943042718,1,
0.450662992939556,0.527081507449606,0.4778972520908,0.502382573179033,0.270796902323258,1,
0.314275873945238,0.350920245398773,0.443647949024293,0.187429090083957,0.32075943042718,1,
0.274668503530222,0.354776511831727,0.653922739944245,0.358747447243022,0.32075943042718,1,
0.332874117444464,0.327782646801052,0.486857825567503,0.65736328568187,0.32075943042718,1,
0.385569140692268,0.357230499561788,0.720230983671844,0.614476968459269,0.677741693729703,1,
0.339417943860858,0.37475898334794,0.544802867383512,0.840254141139097,0.32075943042718,1,
0.342173239194076,0.38737949167397,0.539625647152529,0.549807125028364,0.32075943042718,1,
0.410022386774582,0.452936021034181,0.822978892871366,0.677785341502156,0.32075943042718,1,
0.3159979335285,0.307975460122699,0.449820788530466,0.304061719990924,0.32075943042718,1,
0.329257792319614,0.363365468886941,0.54320987654321,0.269571136827774,0.623032725455908,1,
0.318581022903392,0.417879053461876,0.491437674233373,0.657817109144543,0.609792655508369,1,
0.461339762355777,0.5034180543383,0.659697331740342,0.489448604492852,0.606545091181614,1,
0.321852936111589,0.41384750219106,0.540023894862604,0.648740639891082,0.32075943042718,1,
0.509040812812123,0.648378615249781,0.588809239346874,0.285228046289993,0.28853359980015,1,
0.349233683485449,0.323225241016652,0.659697331740342,0.560245064669843,0.808393704721459,1,
0.343895298777338,0.342331288343558,0.894066109119873,0.579759473564783,0.451161628778416,1,
0.495608748062683,0.342156003505697,0.68837116686579,0.498978897208986,0.388958281289033,1,
0.317719993111762,0.414022787028922,0.488450816407806,0.651236668935784,0.32075943042718,1,
0.309798519028758,0.370902716914987,0.197132616487455,0.762877240753347,0.170372220834374,1,
0.344756328568968,0.33444347063979,0.76742333731581,0.613342409802587,0.672495628278791,1,
0.27432409161357,0.142331288343558,0.230386300278773,0.012480145223508,0.32075943042718,1,
0.389874289650422,0.702366345311131,0.551573078454799,0.53188109825278,0.501124156882338,1,
0.504735663853969,0.548115687992989,0.537634408602151,0.711141366008623,0.227329502872845,1,
0.254520406406062,0.133567046450482,0.204101951413779,0.147492625368732,0.219085685735698,1,
0.425865334940589,0.638212094653812,0.653126244524094,0.505332425686408,0.529352985261054,1,
0.431548131565352,0.447502191060473,0.737355635205098,0.595643294758339,0.500874344241819,1,
0.348889271568796,0.332690622261174,0.424731182795699,0.609711822101203,0.32075943042718,1,
0.371620458067849,0.394566170026293,0.755276782158503,0.216927615157704,0.718461154134399,1,
0.513690373686929,0.649956178790535,0.606531262445241,0.279782164737917,0.375968023982014,1,
0.373686929567763,0.308851884312007,0.71326164874552,0.527342863626049,0.426180364726455,1,
0.33166867573618,0.439263803680982,0.490242931103146,0.567506240072612,0.575068698476143,1,
0.346650594110556,0.445398773006135,0.522301871764237,0.603131381892444,0.507619285535848,1,
0.368865162734631,0.323751095530237,0.57626443647949,0.836396641706376,0.32075943042718,1,
0.389357671775443,0.437686240140228,0.654520111509359,0.588382119355571,0.648263802148389,1,
0.345272946443947,0.397370727432077,0.688968538430904,0.13592012707057,0.716462653010242,1,
0.348028241777165,0.761963190184049,0.622660294703305,0.51236668935784,0.270547089682738,1,
0.468572412605476,0.319193689745837,0.707487056949422,0.560018152938507,0.259805146140395,1,
0.42672636473222,0.546538124452235,0.280167264038232,0.421601996823236,0.255058705970522,1,
0.467883588772171,0.445574057843996,0.580246913580247,0.451554345359655,0.378965775668249,1,
0.331840881694507,0.386503067484663,0.472122660294703,0.789425913319719,0.616537596802398,1,
0.390735319442053,0.39193689745837,0.765033851055356,0.238257317903336,0.264301773669748,1,
0.332357499569485,0.394916739702016,0.609119872560733,0.867710460630815,0.32075943042718,1,
0.402273118649905,0.456792287467134,0.248904818797292,0.283639664170638,0.253559830127404,1,
0.219390390907525,0.102892199824715,0.571286340103544,0.238711141366009,0.241069198101424,1,
0.272946443946961,0.317090271691499,0.247710075667065,0.160199682323576,0.32075943042718,1,
0.361115894609953,0.419631901840491,0.717642373556352,0.660086226457908,0.594304271796153,1,
0.339245737902531,0.378439964943032,0.884309040223019,0.647832992965736,0.53859605296028,1,
0.335973824694334,0.315687992988606,0.487853444842692,0.656228727025187,0.825630776917312,1,
0.273118649905287,0.145486415425066,0.193548387096774,0.173133651009757,0.206095428428678,1,
0.358360599276735,0.47239263803681,0.683193946634807,0.53641933287951,0.170622033474894,1,
0.525572584811434,0.692725679228747,0.556551174830745,0.312230542319038,0.290781913564826,1,
0.374375753401068,0.42418930762489,0.629032258064516,0.51690492398457,0.226829877591806,1,
0.355605303943516,0.324802804557406,0.845679012345679,0.567052416609939,0.559830127404447,1,
0.352677802651972,0.338124452234882,0.8584229390681,0.189017472203313,0.499125655758181,1,
0.339934561735836,0.365819456617003,0.54958183990442,0.267075107783072,0.32075943042718,1,
0.337351472360944,0.452585451358457,0.762046993229789,0.246199228500113,0.254559080689483,1,
0.39400723265025,0.310078878177038,0.801274392672242,0.643521670070343,0.638021483887085,1,
0.354227656276907,0.390534618755478,0.573675826363998,0.663489902427955,0.508118910816887,1,
0.319786464611676,0.345135845749343,0.454400637196336,0.531427274790107,0.32075943042718,1,
0.389702083692096,0.437160385626643,0.711867781760255,0.246653051962786,0.263552335748189,1,
0.330463234027897,0.392462751971954,0.550378335324572,0.233719083276605,0.541343992005995,1,
0.349750301360427,0.360385626643295,0.495619275189168,0.662355343771273,0.655258556082938,1,
0.41639400723265,0.439964943032428,0.719434488251693,0.251418198320853,0.222333250062453,1,
0.441363871189943,0.352673093777388,0.746913580246914,0.788972089857046,0.186859855108668,1,
