540,5,2,
0.316858963320131,0.294127957931639,0.475109518120271,0.484002722940776,0.626030477142143,0,
0.451524022731186,0.636108676599474,0.270011947431302,0.41025641025641,0.289033225081189,0,
0.377819872567591,0.541630148992112,0.610911987256073,0.461765373269798,0.273794654009493,0,
0.690373686929568,0.549693251533742,0.290720828355237,0.566825504878602,0.255808143892081,0,
0.424659893232306,0.739526730937774,0.253882915173238,0.304515543453597,0.286784911316513,0,
0.332874117444464,0.37703768624014,0.804659498207885,0.201270705695484,0.417686734948788,0,
0.507318753228862,0.410867659947415,0.432696136997212,0.405945087361017,0.353484886335249,0,
0.311692784570346,0.370552147239264,0.711270410195141,0.190605854322668,0.42917811641269,0,
0.920268641294989,0.181069237510955,0.394663480684986,0.342409802586794,0.309517861603797,0,
0.239538488031686,0.391586327782647,0.753484667463162,0.209212616292262,0.228078940794404,0,
0.652488376097813,0.350394390885188,0.343090402230187,0.37644656228727,0.336997252060954,0,
0.340795591527467,0.477125328659071,0.957387495021904,0.188109825277967,0.32075943042718,0,
0.820561391424143,0.294829097283085,0.340501792114695,0.342182890855457,0.336497626779915,0,
0.646633373514724,0.437510955302366,0.422939068100358,0.412071704107102,0.304271796152885,0,
0.439125193731703,0.649255039439088,0.275786539227399,0.445200816882233,0.665001249063203,0,
0.363354572068193,0.409465381244522,0.766029470330546,0.232811436351259,0.253060204846365,0,
0.4423971069399,0.58965819456617,0.270609318996416,0.318810982527797,0.29502872845366,0,
0.319958670570002,0.281858019281332,0.440461967343688,0.601996823235761,0.686485136147889,0,
0.550198036852075,0.634881682734443,0.481083233771406,0.409802586793737,0.354234324256807,0,
0.743929739969003,0.422261174408414,0.648745519713262,0.304515543453597,0.294029477891581,0,
0.389702083692096,0.853812445223488,0.222222222222222,0.462219196732471,0.441668748438671,0,
0.445152402273119,0.73567046450482,0.280565511748307,0.319491717721806,0.291531351486385,0,
0.33166867573618,0.374057843996494,0.790521704500199,0.199228500113456,0.419435423432426,0,
0.621491303599105,0.675021910604733,0.279769016328156,0.442931699568868,0.271546340244816,0,
0.447391079731359,0.478878177037686,0.294504181600956,0.333106421601997,0.32075943042718,0,
0.533149646977785,0.616476774758983,0.268418956591,0.498751985477649,0.565575818136398,0,
0.378508696400895,0.807537248028046,0.241935483870968,0.303834808259587,0.32075943042718,0,
0.328396762527983,0.432602979842244,0.748307447232178,0.234399818470615,0.263552335748189,0,
0.366454279318064,0.372129710780018,0.62226204699323,0.761061946902655,0.168873344991257,0,
0.325641467194765,0.301840490797546,0.491039426523298,0.482187429090084,0.32075943042718,0,
0.591527466850353,0.522524101665206,0.673835125448029,0.279101429543907,0.279540344741444,0,
0.340278973652488,0.426643295354952,0.806849860613301,0.626503290220104,0.32075943042718,0,
0.311348372653694,0.313935144609991,0.62226204699323,0.603812117086453,0.233574818885836,0,
0.279490270363355,0.202103418054338,0.448825169255277,0.252098933514863,0.32075943042718,0,
0.351472360943689,0.409114811568799,0.94205495818399,0.183571590651237,0.418436172870347,0,
0.49888066127088,0.477475898334794,0.433293508562326,0.40049920580894,0.350487134649013,0,
0.623902187015671,0.401928133216477,0.43568299482278,0.427047878375312,0.608293779665251,0,
0.487170656104701,0.620508326029798,0.525487853444843,0.506240072611754,0.21184111916063,0,
0.747029447218874,0.317090271691499,0.398645957785743,0.388926707510778,0.30776917312016,0,
0.578267608059239,0.472217353198948,0.322779769016328,0.390515089630134,0.353984511616288,0,
0.315136903736869,0.301665205959684,0.463958582238152,0.775584297708192,0.566824881338996,0,
0.725503702428104,0.293777388255916,0.53126244524094,0.690265486725664,0.228078940794404,0,
0.335629412777682,0.419456617002629,0.831939466348068,0.179260267755843,0.32075943042718,0,
0.508696400895471,0.678702892199825,0.275388291517324,0.41025641025641,0.361978516112915,0,
0.603926295849836,0.424364592462752,0.324970131421744,0.340140685273429,0.337746689982513,0,
0.333735147236094,0.312182296231376,0.679410593389088,0.67165872475607,0.49362977766675,0,
0.329257792319614,0.462226117440841,0.869374751095181,0.175856591785795,0.32075943042718,0,
0.393318408816945,0.736371603856267,0.199522102747909,0.476968459269344,0.269547839120659,0,
0.349061477527122,0.458895705521472,0.592393468737555,0.481506693896074,0.191606295278541,0,
0.668159118305493,0.456091148115688,0.454400637196336,0.455638756523712,0.262303272545591,0,
0.490959187187877,0.495179666958808,0.315611310234966,0.335148627184025,0.342243317511866,0,
0.80144653004994,0.399298860648554,0.508164078056551,0.432720671658725,0.289283037721709,0,
0.504907869812295,0.42068361086766,0.320589406610912,0.340594508736102,0.306769922558081,0,
0.348544859652144,0.462226117440841,0.554161688570291,0.291127751304742,0.453659755183612,0,
0.368176338901326,0.664680105170903,0.285941855834329,0.312911277513047,0.272295778166375,0,
0.311864990528672,0.309728308501315,0.261449621664675,0.872021783526208,0.132900324756433,0,
0.519717582228345,0.716914986853637,0.267821585025886,0.319491717721806,0.289532850362228,0,
0.425865334940589,0.855915863277826,0.231182795698925,0.302019514408895,0.285785660754434,0,
0.323747201653177,0.344084136722174,0.508562325766627,0.758565917857953,0.139645266050462,0,
0.334596177027725,0.448904469763365,0.648944643568299,0.233038348082596,0.252060954284287,0,
0.505080075770622,0.479228746713409,0.437275985663082,0.40049920580894,0.349987509367974,0,
0.364732219734803,0.674496056091148,0.261648745519713,0.454050374404357,0.283037721708718,0,
0.363871189943172,0.512532865907099,0.876344086021505,0.233945995007942,0.244816387709218,0,
0.382641639400723,0.43680981595092,0.780167264038232,0.230542319037894,0.260804396702473,0,
0.357843981401756,0.618755477651183,0.677021107128634,0.53641933287951,0.235823132650512,0,
0.340795591527467,0.3954425942156,0.795898048586221,0.611754027683231,0.205845615788159,0,
0.391424143275357,0.68045574057844,0.666268418956591,0.461311549807125,0.273295028728454,0,
0.338729120027553,0.528308501314636,0.771405814416567,0.215793056501021,0.32075943042718,0,
0.366626485276391,0.375460122699387,0.607925129430506,0.742455184933061,0.196852360729453,0,
0.317203375236783,0.291323400525854,0.471724412584628,0.611980939414568,0.738945790657007,0,
0.820905803340796,0.306047326906223,0.339705296694544,0.377808032675289,0.307269547839121,0,
0.39848458756673,0.530061349693252,0.274990043807248,0.321760835035171,0.294529103172621,0,
0.603065266058206,0.382471516213848,0.632417363600159,0.551849330610393,0.451911066699975,0,
0.403306354399862,0.714636283961437,0.532656312226205,0.431813024733379,0.367724206844866,0,
0.324436025486482,0.443470639789658,0.852648347272003,0.201951440889494,0.224831376467649,0,
0.402789736524884,0.738124452234882,0.536439665471923,0.273201724529158,0.285036222832875,0,
0.394868262441881,0.712357581069238,0.533452807646356,0.282505105513955,0.613789657756682,0,
0.60513173755812,0.449956178790535,0.316407805655117,0.388019060585432,0.343992005995503,0,
0.314448079903565,0.36091148115688,0.658303464755078,0.687996369412299,0.450911816137897,0,
0.329257792319614,0.347589833479404,0.543608124253286,0.694803721352394,0.32075943042718,0,
0.30928190115378,0.339526730937774,0.470927917164476,0.4928522804629,0.507869098176368,0,
0.423971069399001,0.761787905346188,0.267025089605735,0.314726571363739,0.367474394204347,0,
0.350611331152058,0.501840490797546,0.763241736360016,0.217381438620377,0.222333250062453,0,
0.401067676941622,0.692900964066608,0.242333731581043,0.303154073065577,0.281289033225081,0,
0.334423971069399,0.383172655565294,0.812823576264436,0.202632176083504,0.32075943042718,0,
0.338556914069227,0.561262050832603,0.584229390681004,0.548672566371681,0.225830627029728,0,
0.38143619769244,0.601577563540754,0.680007964954201,0.230769230769231,0.32075943042718,0,
0.638884105390046,0.620508326029798,0.259657506969335,0.460857726344452,0.391956032975269,0,
0.856380230755984,0.285363716038563,0.595778574273198,0.308146131154981,0.299775168623532,0,
0.350094713277079,0.487291849255039,0.823576264436479,0.213750850918992,0.32075943042718,0,
0.380402961942483,0.5977212971078,0.299681401831939,0.401633764465623,0.375468398700974,0,
0.461167556397451,0.502366345311131,0.475906013540422,0.318357159065124,0.355983012740445,0,
0.399517823316687,0.557756354075373,0.303863002787734,0.413433174495121,0.385960529602798,0,
0.463234027897365,0.719018404907976,0.505774591796097,0.547764919446335,0.264801398950787,0,
0.310831754778715,0.319368974583699,0.603146156909598,0.885409575675062,0.32075943042718,0,
0.38952987773377,0.410166520595968,0.776184786937475,0.271840254141139,0.452660504621534,0,
0.356121921818495,0.495530236634531,0.75647152528873,0.254594962559564,0.25031226580065,0,
0.506285517478905,0.385977212971078,0.322182397451215,0.341048332198775,0.337496877341994,0,
0.430687101773721,0.736371603856267,0.578255675029869,0.277286135693215,0.32075943042718,0,
0.387463406233856,0.62646801051709,0.511150935882119,0.472884048105287,0.230077441918561,0,
0.36352677802652,0.510780017528484,0.64336917562724,0.491490810074881,0.201099175618286,0,
0.768899603926296,0.410517090271691,0.464356829948228,0.482641252552757,0.41693729702723,0,
0.455312553814362,0.453111305872042,0.424332935085623,0.334014068527343,0.338745940544592,0,
0.381952815567419,0.451884312007011,0.302668259657507,0.331971862945314,0.302523107669248,0,
0.368176338901326,0.811568799298861,0.281162883313421,0.316541865214432,0.279290532100924,0,
0.343034268985707,0.615950920245399,0.772202309836718,0.514408894939868,0.32075943042718,0,
0.330291028069571,0.49307624890447,0.510752688172043,0.508736101656456,0.264801398950787,0,
0.312726020320303,0.317616126205083,0.545599362803664,0.738370773769004,0.32075943042718,0,
0.474771827105218,0.384399649430324,0.336718438868976,0.375312003630588,0.33974519110667,0,
0.393318408816945,0.733917616126205,0.518319394663481,0.595870206489675,0.226080439670247,0,
0.333907353194421,0.549342681858019,0.637196336121067,0.58384388472884,0.201348988258806,0,
0.471327707938695,0.544609991235758,0.312027080844285,0.334467891990016,0.344991256557582,0,
0.806096090924746,0.290972830850131,0.394464356829948,0.342182890855457,0.334748938296278,0,
0.346306182193904,0.695179666958808,0.270808442851454,0.314953483095076,0.254559080689483,0,
0.427415188565524,0.678878177037686,0.668857029072083,0.261175402768323,0.32075943042718,0,
0.338729120027553,0.468185801928133,0.557745917960972,0.470388019060585,0.280789407944042,0,
0.412088858274496,0.648203330411919,0.2463162086818,0.429543907420014,0.360479640269798,0,
0.337007060444291,0.434180543382997,0.728195937873357,0.188336737009303,0.245565825630777,0,
0.11296710866196,0.508150744960561,0.17921146953405,0.266621284320399,0.32075943042718,0,
0.336490442569313,0.468711656441718,0.309637594583831,0.286589516678012,0.430177366974769,0,
0.274840709488548,0.329184925503944,0.632218239745121,0.799410029498525,0.111916062952785,0,
0.517134492853453,0.557230499561788,0.290521704500199,0.450873610165646,0.665251061703722,0,
0.304115722403995,0.281682734443471,0.446037435284747,0.235307465395961,0.32075943042718,0,
0.404684002066471,0.548641542506573,0.290123456790123,0.325164511005219,0.32075943042718,0,
0.758050628551748,0.191235758106924,0.400637196336121,0.385749943272067,0.285036222832875,0,
0.402445324608231,0.661349693251534,0.595977698128236,0.282051282051282,0.32075943042718,0,
0.438952987773377,0.522874671340929,0.455396256471525,0.400953029271613,0.32075943042718,0,
0.374547959359394,0.747589833479404,0.228195937873357,0.302473337871568,0.283537346989758,0,
0.335801618736008,0.292900964066608,0.50457984866587,0.848422963467211,0.32075943042718,0,
0.806268296883072,0.293251533742331,0.631819992035046,0.474472430224643,0.262303272545591,0,
0.410366798691235,0.482033304119194,0.29231381919554,0.320399364647152,0.25655758181364,0,
0.436369898398485,0.715863277826468,0.293906810035842,0.321760835035171,0.290781913564826,0,
0.385052522817289,0.806310254163015,0.242731979291119,0.289085545722714,0.231826130402198,0,
0.3568107456518,0.316739702015776,0.742134607726005,0.65282505105514,0.522857856607544,0,
0.347683829860513,0.760736196319018,0.25089605734767,0.425686407987293,0.368223832125906,0,
0.475805062855175,0.685714285714286,0.28036638789327,0.319037894259133,0.291781164126905,0,
0.818667125882555,0.17581069237511,0.417761847869375,0.451100521896982,0.261304021983512,0,
0.681074565179955,0.346187554776512,0.340900039824771,0.383934649421375,0.308518611041719,0,
0.3271913208197,0.472217353198948,0.680007964954201,0.240072611754028,0.271796152885336,0,
0.394179438608576,0.388606485539001,0.708880923934687,0.570002269117313,0.181613789657757,0,
0.672119855346995,0.298685363716039,0.344285145360414,0.373950533242569,0.332750437172121,0,
0.727053556053039,0.31603856266433,0.401234567901235,0.391876560018153,0.308018985760679,0,
0.310487342862063,0.308501314636284,0.471326164874552,0.815293850692081,0.32075943042718,0,
0.354744274151886,0.637686240140228,0.268418956591,0.293169956886771,0.284036972270797,0,
0.33080764594455,0.464154250657318,0.706690561529271,0.244610846380758,0.263552335748189,0,
0.370587222317892,0.622787028921998,0.29231381919554,0.322214658497844,0.296777416937297,0,
0.324436025486482,0.375109553023663,0.714257268020709,0.610392557295212,0.32075943042718,0,
0.831754778715344,0.330236634531113,0.336320191158901,0.399818470614931,0.304521608793405,0,
0.423626657482349,0.680631025416301,0.230187176423736,0.308599954617654,0.358231326505121,0,
0.717582228345101,0.449605609114812,0.308243727598566,0.392557295212162,0.390706969772671,0,
0.823661098674014,0.320420683610868,0.336121067303863,0.381892443839347,0.339245565825631,0,
0.84088169450663,0.343558282208589,0.425726802070888,0.469480372135239,0.27554334249313,0,
0.477182710521784,0.397020157756354,0.516129032258065,0.437258906285455,0.375718211341494,0,
0.35457206819356,0.331814198071867,0.633412982875348,0.521896982073973,0.530102423182613,0,
0.542965386602376,0.331113058720421,0.399044205495818,0.392330383480826,0.302772920309768,0,
0.751162390218702,0.341980718667835,0.451413779370769,0.597458588609031,0.247064701473895,0,
0.356121921818495,0.617703768624014,0.580645161290323,0.50260948491037,0.245815638271297,0,
0.335801618736008,0.320245398773006,0.799880525686977,0.547311095983662,0.47464401698726,0,
0.562941277768211,0.48501314636284,0.318598168060534,0.388019060585432,0.30102423182613,0,
0.578095402100913,0.629272567922875,0.288530465949821,0.410029498525074,0.360979265550837,0,
0.801102118133287,0.442418930762489,0.448626045400239,0.464488314045836,0.280539595303522,0,
0.462200792147408,0.665907099035933,0.305455993628037,0.324937599273882,0.29502872845366,0,
0.45582917168934,0.427870289219982,0.429311031461569,0.335829362378035,0.338745940544592,0,
0.488031685896332,0.517966695880806,0.575069693349263,0.449512139777627,0.470896827379465,0,
0.515584639228517,0.441893076248904,0.320191158900836,0.384615384615385,0.344491631276543,0,
0.339934561735836,0.795267309377739,0.262046993229789,0.452008168822328,0.529103172620535,0,
0.258136731530911,0.42296231375986,0.526881720430108,0.267302019514409,0.370971771171621,0,
0.415705183399346,0.492199824715162,0.291716447630426,0.402768323122305,0.266050462153385,0,
0.742896504219046,0.301314636283961,0.419553962564715,0.405491263898344,0.256807394454159,0,
0.327019114861374,0.328659070990359,0.802668259657507,0.21783526208305,0.401698725955533,0,
0.339073531944205,0.415074496056091,0.957984866587017,0.187656001815294,0.233574818885836,0,
0.33528500086103,0.504995617879053,0.499800876144962,0.421148173360563,0.361478890831876,0,
0.576028930600999,0.332515337423313,0.815810434090004,0.227138643067847,0.265550836872346,0,
0.357155157568452,0.454513584574934,0.899044205495818,0.603131381892444,0.226829877591806,0,
0.327880144653005,0.508501314636284,0.593389088012744,0.499432720671659,0.32075943042718,0,
0.325813673153091,0.323575810692375,0.880326563122262,0.204901293396869,0.420434673994504,0,
0.417427242982607,0.659947414548642,0.267622461170848,0.426820966643976,0.248563577317012,0,
0.485620802479766,0.512883435582822,0.464954201513341,0.433401406852734,0.252060954284287,0,
0.474083003271913,0.619106047326906,0.287534846674632,0.317222600408441,0.291281538845866,0,
0.275357327363527,0.167397020157756,0.279171644763043,0.557975947356478,0.783662253310017,0,
0.320647494403306,0.356178790534619,0.574074074074074,0.843203993646471,0.170372220834374,0,
0.332529705527811,0.544609991235758,0.693150139386698,0.51690492398457,0.410941793654759,0,
0.648183227139659,0.347765118317266,0.340900039824771,0.383027002496029,0.339245565825631,0,
0.762011365593249,0.284662576687117,0.401234567901235,0.409121851599728,0.299775168623532,0,
0.838987428965042,0.368273444347064,0.321784149741139,0.337871567960064,0.306769922558081,0,
0.300154985362494,0.280981595092025,0.447232178414974,0.235080553664624,0.32075943042718,0,
0.534527294644395,0.616827344434706,0.288132218239745,0.415248468345813,0.367724206844866,0,
0.442913724814879,0.612269938650307,0.481879729191557,0.302473337871568,0.663502373220085,0,
0.317547787153435,0.385977212971078,0.7610513739546,0.614476968459269,0.187359480389708,0,
0.319269846736697,0.37353198948291,0.715452011150936,0.181302473337872,0.32075943042718,0,
0.555192009643534,0.574057843996494,0.306849860613301,0.329929657363286,0.296527604296777,0,
0.320303082486654,0.452059596844873,0.630824372759857,0.457680962105741,0.276042967774169,0,
0.809368004132943,0.309377738825592,0.390083632019116,0.384161561152712,0.348738446165376,0,
0.523678319269847,0.438387379491674,0.306650736758264,0.336510097572044,0.33999500374719,0,
0.562252453934906,0.319368974583699,0.387495021903624,0.383707737690039,0.27579315513365,0,
0.925951437919752,0.301489921121823,0.331342094782955,0.337644656228727,0.306020484636523,0,
0.356638539693473,0.658194566170026,0.524093986459578,0.439754935330157,0.37172120909318,0,
0.47063888410539,0.426292725679229,0.312425328554361,0.335829362378035,0.32075943042718,0,
0.807645944549681,0.286765994741455,0.332337714058144,0.319945541184479,0.28828378715963,0,
0.327535732736353,0.495880806310254,0.769215452011151,0.562287270251872,0.32075943042718,0,
0.349061477527122,0.516213847502191,0.27937076861808,0.431586113002042,0.289283037721709,0,
0.363698983984846,0.603856266432954,0.276583034647551,0.410029498525074,0.354234324256807,0,
0.337179266402618,0.552497808939527,0.561131023496615,0.542319037894259,0.234823882088434,0,
0.492853452729464,0.361963190184049,0.411389884508164,0.405945087361017,0.298775918061454,0,
0.563113483726537,0.490622261174408,0.310234966148945,0.338325391422737,0.340744441668748,0,
0.319614258653349,0.41384750219106,0.750497809637595,0.232811436351259,0.32075943042718,0,
0.43568107456518,0.765644171779141,0.249701314217443,0.482868164284094,0.392705470896827,0,
0.319442052695023,0.372655565293602,0.664675428116288,0.720898570456093,0.32075943042718,0,
0.616152918890994,0.388957055214724,0.514336917562724,0.724075334694804,0.209342992755433,0,
0.346822800068882,0.319719544259422,0.719832735961768,0.55525300658044,0.610292280789408,0,
0.472016531771999,0.577563540753725,0.299084030266826,0.403222146584978,0.2178366225331,0,
0.916824522128466,0.18965819456617,0.451413779370769,0.397549353301566,0.303522358231327,0,
0.406750473566385,0.497984224364593,0.728395061728395,0.508736101656456,0.263552335748189,0,
0.548820389185466,0.504995617879053,0.510155316606929,0.427955525300658,0.404946290282288,0,
0.34423971069399,0.577563540753725,0.570290720828355,0.554345359655094,0.214339245565826,0,
0.533149646977785,0.584925503943909,0.30605336519315,0.323349217154527,0.287534349238071,0,
0.373514723609437,0.788606485539001,0.253285543608124,0.307465395960971,0.282538096427679,0,
0.523161701394868,0.505170902716915,0.461768219832736,0.476060812343998,0.580064951286535,0,
0.421732391940761,0.670639789658195,0.669255276782158,0.261629226230996,0.266050462153385,0,
0.424315481315654,0.675021910604733,0.545201115093588,0.286135693215339,0.276042967774169,0,
0.341656621319098,0.57353198948291,0.734169653524492,0.496936691626957,0.32075943042718,0,
0.345789564318925,0.445398773006135,0.471724412584628,0.428409348763331,0.32075943042718,0,
0.632512484931979,0.492375109553024,0.299482277976902,0.409121851599728,0.295528353734699,0,
0.504563457895643,0.507624890446976,0.469534050179211,0.434082142046744,0.391956032975269,0,
0.332185293611159,0.311831726555653,0.467144563918757,0.692080780576356,0.582063452410692,0,
0.714654727053556,0.445048203330412,0.330744723217841,0.340367597004765,0.341244066949788,0,
0.563457895643189,0.719719544259422,0.281561131023497,0.418879056047198,0.388458656007994,0,
0.761839159634923,0.284662576687117,0.401234567901235,0.409121851599728,0.299775168623532,0,
0.528672292061305,0.590534618755478,0.292114695340502,0.407306557749036,0.37821633774669,0,
0.317892199070088,0.370376862401402,0.440661091198726,0.518039482641253,0.548088933300025,0,
0.496469777854314,0.558106923751096,0.310434090003982,0.33287950987066,0.344491631276543,0,
0.563630101601515,0.430324276950044,0.446634806849861,0.309961425005673,0.647014738945791,0,
0.343895298777338,0.307624890446976,0.699123855037833,0.597912412071704,0.600549587809143,0,
0.275185121405201,0.136371603856266,0.130426125049781,0.0503744043567052,0.162628028978266,0,
0.384535904942311,0.624364592462752,0.550975706889685,0.471295665985931,0.32075943042718,0,
0.399517823316687,0.634355828220859,0.257068896853843,0.310642160199682,0.293030227329503,0,
0.389874289650422,0.77475898334794,0.604141776184787,0.501701837985024,0.261553834624032,0,
0.697089719304288,0.282208588957055,0.391477499004381,0.395734059450874,0.304771421433925,0,
0.552608920268641,0.495705521472393,0.474512146555157,0.702064896755162,0.219085685735698,0,
0.549337007060444,0.484136722173532,0.31342094782955,0.337190832766054,0.343492380714464,0,
0.401756500774927,0.528834355828221,0.455595380326563,0.31926480599047,0.294279290532101,0,
0.327019114861374,0.465381244522349,0.197929111907607,0.287497163603358,0.369223082687984,0,
0.452557258481143,0.559684487291849,0.567702110712863,0.294758339006127,0.286784911316513,0,
0.871189943172034,0.31603856266433,0.581242532855436,0.298842750170184,0.296527604296777,0,
0.417943860857586,0.506222611744084,0.475308641975309,0.412298615838439,0.374219335498376,0,
0.308248665403823,0.287116564417178,0.448626045400239,0.688677104606308,0.604296777416937,0,
0.321508524194937,0.296406660823839,0.473715651135006,0.432266848196052,0.521608793404946,0,
0.334940588944377,0.332340052585451,0.453803265631223,0.579078738370774,0.585061204096927,0,
0.545204064060617,0.530061349693252,0.45957785742732,0.422963467211255,0.27579315513365,0,
0.41415532977441,0.548115687992989,0.286140979689367,0.324256864079873,0.299275543342493,0,
0.691234716721199,0.469412795793164,0.450219036240542,0.327433628318584,0.250811891081689,0,
0.338384708110901,0.485539000876424,0.528275587415372,0.445200816882233,0.285785660754434,0,
0.39262958498364,0.787554776511832,0.240143369175627,0.446335375538915,0.277541843617287,0,
0.383330463234028,0.612971078001753,0.252090800477897,0.437712729748128,0.32075943042718,0,
0.332013087652833,0.380718667835232,0.740740740740741,0.231676877694577,0.247314514114414,0,
0.30704322369554,0.283610867659947,0.420350457984867,0.481279782164738,0.32075943042718,0,
0.426209746857241,0.523575810692375,0.554559936280366,0.461311549807125,0.382213339995004,0,
0.724814878594799,0.284136722173532,0.398048586220629,0.407306557749036,0.303772170871846,0,
0.388324436025486,0.722173531989483,0.270410195141378,0.317449512139778,0.289532850362228,0,
0.311692784570346,0.314811568799299,0.508363201911589,0.505559337417744,0.32075943042718,0,
0.313414844153608,0.292550394390885,0.477499004380725,0.847742228273202,0.162378216337747,0,
0.323919407611503,0.42524101665206,0.524293110314616,0.631722260040844,0.32075943042718,0,
0.562252453934906,0.646099912357581,0.290720828355237,0.323349217154527,0.356982263302523,0,
0.610642328224557,0.314460999123576,0.393866985264835,0.384615384615385,0.347489382962778,0,
0.323919407611503,0.47239263803681,0.735165272799681,0.205582028590878,0.215588308768424,0,
0.394868262441881,0.758983347940403,0.261847869374751,0.313138189244384,0.285286035473395,0,
0.410194592732909,0.628220858895706,0.27479091995221,0.304742455184933,0.259305520859355,0,
0.498708455312554,0.648553900087642,0.294902429311031,0.323576128885863,0.3974519110667,0,
0.326846908903048,0.52182296231376,0.503783353245719,0.43430905377808,0.36547589308019,0,
0.473910797313587,0.630850131463628,0.276782158502589,0.316541865214432,0.50662003497377,0,
0.313587050111934,0.279579316389132,0.455993628036639,0.220104379396415,0.0579565326005496,0,
0.258481143447563,0.534618755477651,0.162485065710872,0.213297027456319,0.242068448663502,0,
0.337179266402618,0.389307624890447,0.904221425726802,0.204447469934196,0.236322757931551,0,
0.429998277940417,0.617703768624014,0.267622461170848,0.315634218289086,0.32075943042718,0,
0.363354572068193,0.548641542506573,0.6194743130227,0.468345813478557,0.251311516362728,0,
0.753056655760289,0.378264680105171,0.593986459577857,0.288858633991377,0.289782663002748,0,
0.435336662648528,0.606310254163015,0.266029470330546,0.312230542319038,0.284036972270797,0,
0.312898226278629,0.280981595092025,0.47331740342493,0.674381665532108,0.594304271796153,0,
0.306871017737214,0.300788781770377,0.438271604938272,0.218742909008396,0.709218086435174,0,
0.365421043568107,0.561262050832603,0.675826363998407,0.254141139096891,0.388708468648514,0,
0.330635439986223,0.465205959684487,0.617283950617284,0.273428636260495,0.261803647264552,0,
0.404684002066471,0.741454864154251,0.211071286340104,0.290447016110733,0.282538096427679,0,
0.38143619769244,0.755652936021034,0.205097570688969,0.438620376673474,0.270297277042218,0,
0.318064405028414,0.3056967572305,0.465551573078455,0.19310188336737,0.32075943042718,0,
0.609436886516273,0.361437335670464,0.40442054958184,0.391195824824143,0.302023482388209,0,
0.337007060444291,0.439789658194566,0.844285145360414,0.199909235307465,0.643017736697477,0,
0.613742035474427,0.627870289219982,0.298287534846675,0.412071704107102,0.397951536347739,0,
0.406750473566385,0.622261174408414,0.726403823178017,0.264125255275698,0.261054209342993,0,
0.742896504219046,0.407361963190184,0.432098765432099,0.440435670524166,0.394953784661504,0,
0.478904770105046,0.546538124452235,0.309836718438869,0.33356024506467,0.346490132400699,0,
0.383847081109006,0.81034180543383,0.248108323377141,0.560018152938507,0.252810392205846,0,
0.465644911313931,0.58737949167397,0.483671843886898,0.632176083503517,0.221583812140894,0,
0.282762183571552,1,0.26742333731581,0.301338779214885,0.280039970022483,0,
0.349233683485449,0.390534618755478,0.884707287933094,0.629680054458815,0.182113414938796,0,
0.374375753401068,0.415074496056091,0.714655515730784,0.67097798956206,0.203347489382963,0,
0.461511968314104,0.112007011393514,0.282556750298686,0.0637621965055593,0.111916062952785,0,
0.889788186671259,0.176687116564417,0.444245320589407,0.450646698434309,0.293030227329503,0,
0.381091785775788,0.426292725679229,0.63878932696137,0.277513047424552,0.384961279040719,0,
0.315481315653522,0.511130587204207,0.564516129032258,0.514181983208532,0.32075943042718,0,
0.68176338901326,0.499035933391762,0.310434090003982,0.325845246199229,0.300774419185611,0,
0.53383847081109,0.514110429447853,0.434886499402628,0.417290673927842,0.356732450662003,0,
0.357499569485104,0.577563540753725,0.493827160493827,0.296346721125482,0.272045965525856,0,
0.386085758567246,0.780543382997371,0.252090800477897,0.586566825504879,0.253310017486885,0,
0.854830377131049,0.178965819456617,0.336121067303863,0.38166553210801,0.334748938296278,0,
0.369381780609609,0.655565293602103,0.244922341696535,0.307011572498298,0.287534349238071,0,
0.653349405889444,0.501665205959684,0.512345679012346,0.319037894259133,0.357232075943043,0,
0.3159979335285,0.334969325153374,0.510553564317005,0.893124574540504,0.32075943042718,0,
0.548131565352161,0.547765118317266,0.495619275189168,0.567506240072612,0.497127154634024,0,
0.774237988634407,0.329184925503944,0.4778972520908,0.514635806671205,0.420934299275543,0,
0.267952471155502,0.459070990359334,0.881720430107527,0.171318357159065,0.202348238820884,0,
0.306354399862235,0.294829097283085,0.489446435682995,0.476514635806671,0.223332500624532,0,
0.377992078525917,0.691673970201578,0.500597371565113,0.440889493986839,0.28203847114664,0,
0.30928190115378,0.291673970201578,0.465153325368379,0.69571136827774,0.32075943042718,0,
0.349061477527122,0.541805433829974,0.477499004380725,0.421601996823236,0.296777416937297,0,
0.317719993111762,0.29079754601227,0.455993628036639,0.178579532561833,0.32075943042718,0,
0.317547787153435,0.311130587204207,0.471127041019514,0.534604039028818,0.32075943042718,0,
0.786809023592216,0.421384750219106,0.467144563918757,0.472203312911277,0.287284536597552,0,
0.339417943860858,0.667484662576687,0.266427718040621,0.429543907420014,0.285785660754434,0,
0.440330635439986,0.712007011393514,0.273397052966945,0.316314953483095,0.271046714963777,0,
0.722059583261581,0.339526730937774,0.400637196336121,0.395734059450874,0.34624031976018,0,
0.361115894609953,0.706397896581946,0.24352847471127,0.443158611300204,0.32075943042718,0,
0.548131565352161,0.547765118317266,0.495619275189168,0.567733151803948,0.497376967274544,0,
0.701567074220768,0.41384750219106,0.413978494623656,0.40117994100295,0.370721958531102,0,
0.637678663681763,0.407361963190184,0.333134209478295,0.385296119809394,0.305021234074444,0,
0.848458756672981,0.323926380368098,0.337714058144166,0.340594508736102,0.311016737446915,0,
0.501808162562425,0.709903593339176,0.546395858223815,0.430905377808033,0.286285286035473,0,
0.536421560185982,0.500613496932515,0.313620071684588,0.335829362378035,0.343742193354984,0,
0.772515929051145,0.185451358457493,0.387694145758662,0.383707737690039,0.336497626779915,0,
0.686412949888066,0.464154250657318,0.501592990840303,0.319945541184479,0.37172120909318,0,
0.460823144480799,0.382822085889571,0.781959378733572,0.523258452461992,0.412690482138396,0,
0.351300154985362,0.365293602103418,0.833333333333333,0.562060358520535,0.449412940294779,0,
0.35457206819356,0.417879053461876,0.835125448028674,0.181529385069208,0.222583062702973,0,
0.537627001894265,0.632252410166521,0.252688172043011,0.311095983662355,0.349238071446415,0,
0.491303599104529,0.554951796669588,0.311230585424134,0.333333333333333,0.343492380714464,0,
0.347511623902187,0.534092900964067,0.636399840700916,0.270251872021783,0.261304021983512,0,
0.407611503358016,0.768098159509202,0.262046993229789,0.307465395960971,0.28878341244067,0,
0.32942999827794,0.486415425065732,0.560533651931501,0.435443612434763,0.32075943042718,0,
0.404339590149819,0.317440841367222,0.517522899243329,0.792829589289766,0.171121658755933,0,
0.324436025486482,0.307099035933392,0.552568697729988,0.917177218062174,0.109667749188109,0,
0.738074737385913,0.34022787028922,0.400836320191159,0.395507147719537,0.34599050711966,0,
0.421043568107456,0.727081507449606,0.26284348864994,0.302246426140231,0.541593804646515,0,
0.39262958498364,0.823838737949167,0.250298685782557,0.303154073065577,0.284286784911317,0,
0.342345445152402,0.571078001752848,0.744524093986459,0.218515997277059,0.32075943042718,0,
0.354055450318581,0.496056091148116,0.616089207487057,0.268890401633764,0.272545590806895,0,
0.628035130015498,0.406134969325153,0.399044205495818,0.390515089630134,0.354484136897327,0,
0.470466678147064,0.668361086765995,0.265232974910394,0.422282732017245,0.472395703222583,0,
0.521956259686585,0.483085013146363,0.494822779769016,0.726117540276832,0.204096927304522,0,
0.353366626485276,0.435933391761613,0.689167662285942,0.499659632402995,0.187109667749188,0,
0.364387807818151,0.528659070990359,0.513540422142573,0.301565690946222,0.284536597551836,0,
0.365593249526434,0.54478527607362,0.224412584627638,0.470161107329249,0.597052210841869,0,
0.332185293611159,0.539000876424189,0.489247311827957,0.417517585659179,0.32075943042718,0,
0.510418460478733,0.749868536371604,0.270808442851454,0.318130247333787,0.287534349238071,0,
0.349233683485449,0.36669588080631,0.777379530067702,0.544361243476288,0.233325006245316,0,
0.308765283278801,0.301840490797546,0.415173237753883,0.254141139096891,0.573569822633025,0,
0.340278973652488,0.32760736196319,0.756670649143767,0.563421828908555,0.207844116912316,0,
0.338556914069227,0.442944785276074,0.307447232178415,0.326525981393238,0.298526105420934,0,
0.332874117444464,0.343382997370727,0.49084030266826,0.523031540730656,0.32075943042718,0,
0.483554330979852,0.518317265556529,0.446634806849861,0.286135693215339,0.7694229328004,0,
0.353883244360255,0.527782646801052,0.61768219832736,0.466984343090538,0.26305271046715,0,
0.332185293611159,0.61612620508326,0.531859816806053,0.476968459269344,0.260804396702473,0,
0.733252970552781,0.442243645924627,0.572481083233771,0.46879963694123,0.285036222832875,0,
0.319786464611676,0.322699386503067,0.520708880923935,0.703653278874518,0.816387709218086,0,
0.325297055278113,0.32532865907099,0.889884508164078,0.199001588382119,0.416187859105671,0,
0.404511796108145,0.541454864154251,0.661091198725607,0.257090991604266,0.200349737696727,0,
0.449801963147925,0.511305872042068,0.307248108323377,0.331291127751305,0.304021983512366,0,
0.419321508524195,0.784750219106047,0.215651135005974,0.467211254821874,0.368223832125906,0,
0.367315309109695,0.336897458369851,0.558144165671047,0.884728840481053,0.130402198351237,0,
0.403306354399862,0.724276950043821,0.598566308243728,0.503970955298389,0.265800649512865,0,
0.552608920268641,0.569500438212095,0.470330545599363,0.654413433174495,0.237571821134149,0,
0.316858963320131,0.297283085013146,0.453205894066109,0.818243703199455,0.0911816137896578,0,
0.34200103323575,0.338124452234882,0.794703305455994,0.6333106421602,0.458905820634524,0,
0.703289133804029,0.367747589833479,0.43747510951812,0.331971862945314,0.308018985760679,0,
0.349061477527122,0.635758106923751,0.248705694942254,0.43430905377808,0.273295028728454,0,
0.266574823488893,0.439789658194566,0.778176025487853,0.133877921488541,0.32075943042718,0,
0.340967797485793,0.71375985977213,0.269414575866189,0.310415248468346,0.284286784911317,0,
0.83416566213191,0.185626643295355,0.395659099960175,0.385976855003404,0.292280789407944,0,
0.600309970724987,0.498510078878177,0.441457586618877,0.400045382346267,0.289532850362228,0,
0.325813673153091,0.512708150744961,0.515929908403027,0.431132289539369,0.363227579315513,0,
0.431720337523678,0.466432953549518,0.463361210673039,0.396868618107556,0.300524606545091,0,
0.689168245221285,0.341104294478528,0.344484269215452,0.378261856137962,0.333749687734199,0,
0.34647838815223,0.381069237510955,0.475308641975309,0.792375765827093,0.150387209592805,0,
0.766488720509729,0.2965819456617,0.341696535244922,0.379396414794645,0.341743692230827,0,
0.332701911486137,0.367572304995618,0.687375547590601,0.558656682550488,0.220834374219335,1,
0.317375581195109,0.398597721297108,0.518120270808443,0.624234172906739,0.32075943042718,1,
0.333390735319442,0.367922874671341,0.797889287136599,0.220785114590424,0.411941044216837,1,
0.432925779231961,0.291148115687993,0.812624452409399,0.211027910142954,0.222333250062453,1,
0.329257792319614,0.363365468886941,0.54320987654321,0.447923757658271,0.623032725455908,1,
0.325297055278113,0.327782646801052,0.405217045001991,0.614023144996596,0.684736447664252,1,
0.332529705527811,0.327432077125329,0.501592990840303,0.717041071023372,0.32075943042718,1,
0.378680902359222,0.294127957931639,0.434289127837515,0.681642840934876,0.663252560579565,1,
0.356638539693473,0.665907099035933,0.795898048586221,0.26140231449966,0.273295028728454,1,
0.384019287067333,0.31148115687993,0.796694544006372,0.584297708191514,0.470647014738946,1,
0.314448079903565,0.351796669588081,0.444245320589407,0.529838892670751,0.630527104671496,1,
0.399173411400034,0.475372480280456,0.715452011150936,0.662355343771273,0.2305770671996,1,
0.482521095229895,0.385801928133217,0.704301075268817,0.504197867029725,0.25630776917312,1,
0.449801963147925,0.37125328659071,0.540820390282756,0.680054458815521,0.46140394703972,1,
0.356294127776821,0.316739702015776,0.727996814018319,0.619922850011346,0.465650761928554,1,
0.311003960737042,0.260297984224365,0.383114297092792,0.482868164284094,0.152885335998002,1,
0.446357843981402,0.469588080631025,0.693349263241736,0.554118447923758,0.534099425430927,1,
0.411400034441192,0.458545135845749,0.805854241338112,0.628999319264806,0.216337746689983,1,
0.383158257275702,0.502892199824715,0.727399442453206,0.749716360335829,0.201348988258806,1,
0.474083003271913,0.333041191936897,0.746714456391876,0.697980485591105,0.161878591056707,1,
0.426037540898915,0.415249780893953,0.774392672242134,0.210800998411618,0.519860104921309,1,
0.38591355260892,0.381945661700263,0.772401433691756,0.253687315634218,0.415188608543592,1,
0.353711038401929,0.479228746713409,0.571286340103544,0.803948264125255,0.32075943042718,1,
0.320647494403306,0.325854513584575,0.492831541218638,0.658270932607216,0.58356232825381,1,
0.318925434820045,0.334618755477651,0.478693747510952,0.60857726344452,0.200349737696727,1,
0.377131048734286,0.359158632778265,0.146754281162883,0.132062627637849,0.124656507619286,1,
0.399173411400034,0.331989482909728,0.760454002389486,0.641706376219651,0.630776917312016,1,
0.339417943860858,0.344960560911481,0.523297491039426,0.876786929884275,0.0549587809143143,1,
0.534182882727742,0.389132340052585,0.659299084030267,0.673020195144089,0.157881588808394,1,
0.474771827105218,0.571779141104295,0.6268418956591,0.251418198320853,0.275043717212091,1,
0.320647494403306,0.343382997370727,0.511549183592194,0.659859314726571,0.161378965775668,1,
0.261064232822456,0.317616126205083,0.229390681003584,0.13592012707057,0.32075943042718,1,
0.442741518856552,0.401051709027169,0.65531660692951,0.615611527115952,0.655258556082938,1,
0.340623385569141,0.518317265556529,0.73257666268419,0.620830496936692,0.226080439670247,1,
0.499397279145858,0.486590709903593,0.722620469932298,0.240753346948037,0.273045216087934,1,
0.346133976235578,0.31954425942156,0.641975308641975,0.743589743589744,0.761928553584811,1,
0.378680902359222,0.390534618755478,0.231780167264038,0.213977762650329,0.398950786909818,1,
0.322541759944894,0.296056091148116,0.500995619275189,0.673474018606762,0.119910067449413,1,
0.387118994317203,0.339702015775635,0.752090800477897,0.220331291127751,0.2305770671996,1,
0.395729292233511,0.395968448729185,0.798486658701712,0.764238711141366,0.198351236572571,1,
0.384019287067333,0.455740578439965,0.56252489048188,0.525073746312684,0.147889083187609,1,
0.277768210780093,0.173882559158633,0.199721226602947,0.0683004311322895,0.124156882338246,1,
0.3903909075254,0.391761612620508,0.654719235364397,0.218969820739732,0.197851611291531,1,
0.310487342862063,0.307449605609115,0.491039426523298,0.670524166099387,0.566575068698476,1,
0.311003960737042,0.343908851884312,0.413181999203505,0.461538461538462,0.556582563077692,1,
0.335801618736008,0.381419807186678,0.480286738351254,0.756523712275925,0.32075943042718,1,
0.399173411400034,0.387554776511832,0.648745519713262,0.634445200816882,0.233574818885836,1,
0.384363698983985,0.308676599474145,0.605137395459976,0.686181075561607,0.814639020734449,1,
0.426898570690546,0.525503943908852,0.612504978096376,0.505786249149081,0.467399450412191,1,
0.388496641983813,0.448378615249781,0.661489446435683,0.259813932380304,0.634024481638771,1,
0.318925434820045,0.324802804557406,0.529271206690561,0.554345359655094,0.569822633025231,1,
0.337179266402618,0.440841367221735,0.788132218239745,0.20739732244157,0.214838870846865,1,
0.437230928190115,0.421910604732691,0.628434886499402,0.103698661220785,0.696227829128154,1,
0.457895643189254,0.636108676599474,0.601354042214257,0.442477876106195,0.276792405695728,1,
0.369898398484588,0.350920245398773,0.619275189167662,0.593147265713637,0.837371971021734,1,
0.318408816945066,0.322524101665206,0.486857825567503,0.660993873383254,0.533349987509368,1,
0.344756328568968,0.33444347063979,0.767622461170848,0.613342409802587,0.672495628278791,1,
0.32856896848631,0.389833479404032,0.509956192751892,0.730882686634899,0.158880839370472,1,
0.279662476321681,0.292375109553024,0.480884109916368,0.591558883594282,0.32075943042718,1,
0.404167384191493,0.707449605609115,0.248307447232178,0.442477876106195,0.460654509118161,1,
0.343206474944033,0.42646801051709,0.520708880923935,0.872248695257545,0.164876342742943,1,
0.502841398312382,0.674846625766871,0.516726403823178,0.554572271386431,0.260804396702473,1,
0.45806784914758,0.423663453111306,0.465153325368379,0.611527115951895,0.502872845365975,1,
0.464095057688996,0.556178790534619,0.5221027479092,0.705922396187883,0.20534599050712,1,
0.319269846736697,0.345311130587204,0.545400238948626,0.823462673020195,0.116412690482138,1,
0.375408989151025,0.495880806310254,0.859816806053365,0.201724529158157,0.421184111916063,1,
0.338901325985879,0.378439964943032,0.507765830346475,0.877467665078285,0.130901823632276,1,
0.255381436197692,0.371603856266433,0.259657506969335,0.717948717948718,0.128903322508119,1,
0.347167211985535,0.362664329535495,0.508363201911589,0.635806671204901,0.100924306769923,1,
0.349061477527122,0.348115687992989,0.515332536837913,0.857272520989335,0.857606794903822,1,
0.434820044773549,0.610517090271692,0.563520509757069,0.649421375085092,0.21184111916063,1,
0.3271913208197,0.321297107800175,0.528872958980486,0.548672566371681,0.32075943042718,1,
0.403134148441536,0.457668711656442,0.814217443249701,0.70093033809848,0.215588308768424,1,
0.332185293611159,0.373181419807187,0.658701712465153,0.179260267755843,0.710217336997252,1,
0.332529705527811,0.348466257668712,0.854241338112306,0.620376673474019,0.618286285286035,1,
0.264508351988979,0.292550394390885,0.513938669852648,0.792375765827093,0.0347239570322258,1,
0.327707938694679,0.353374233128834,0.520908004778972,0.267755842977082,0.692980264801399,1,
0.386257964525573,0.317791411042945,0.519912385503783,0.711141366008623,0.15388458656008,1,
0.314275873945238,0.371779141104295,0.494424532058941,0.819378261856138,0.32075943042718,1,
0.333218529361116,0.35056967572305,0.56710473914775,0.660993873383254,0.170871846115413,1,
0.306698811778888,0.29079754601227,0.447431302270012,0.200136147038802,0.80114913814639,1,
0.330463234027897,0.45398773006135,0.529470330545599,0.579078738370774,0.462653010242318,1,
0.416910625107629,0.49079754601227,0.74352847471127,0.528023598820059,0.645016237821634,1,
0.310487342862063,0.312007011393514,0.519912385503783,0.922169276151577,0.0949288033974519,1,
0.323574995694851,0.362664329535495,0.69115890083632,0.68073519400953,0.597302023482388,1,
0.3791975202342,0.688869412795793,0.544603743528475,0.582482414340821,0.457406944791406,1,
0.45720681935595,0.485889570552147,0.683193946634807,0.521216246879964,0.492880339745191,1,
0.456517995522645,0.305170902716915,0.757467144563919,0.215112321307012,0.405695728203847,1,
0.399690029275013,0.308501314636284,0.673038630027877,0.521896982073973,0.500374718960779,1,
0.570862751851214,0.508851884312007,0.278773397052967,0.468572725209893,0.459405445915563,1,
0.324436025486482,0.31954425942156,0.465352449223417,0.612207851145904,0.597052210841869,1,
0.381780609609092,0.428571428571429,0.863600159299084,0.615611527115952,0.231326505121159,1,
0.364732219734803,0.367046450482033,0.436280366387893,0.700703426367143,0.159130652010992,1,
0.471672119855347,0.630674846625767,0.70131421744325,0.27501701837985,0.278790906819885,1,
0.444463578439814,0.458720420683611,0.706690561529271,0.607896528250511,0.529103172620535,1,
0.355260892026864,0.309728308501315,0.751493428912784,0.587928295892898,0.500374718960779,1,
0.406578267608059,0.524452234881683,0.577857427319793,0.274563194917177,0.281039220584562,1,
0.352161184776993,0.453637160385627,0.705097570688969,0.656455638756524,0.142892830377217,1,
0.382813845359049,0.408764241893076,0.658900836320191,0.561152711595189,0.233075193604796,1,
0.366109867401412,0.364767747589833,0.754480286738351,0.566371681415929,0.670247314514114,1,
0.408300327191321,0.336546888694128,0.784348864994026,0.591558883594282,0.635023732200849,1,
0.376270018942655,0.424364592462752,0.819394663480685,0.610392557295212,0.568573569822633,1,
0.411744446357844,0.37581069237511,0.765432098765432,0.204674381665532,0.149887584311766,1,
0.393662820733597,0.433479404031551,0.586618876941458,0.8452461992285,0.145890582063452,1,
0.319097640778371,0.329009640666082,0.584428514536041,0.81143635125936,0.108168873344991,1,
0.385569140692268,0.347063978965819,0.76284348864994,0.499432720671659,0.508868348738446,1,
0.386602376442225,0.599649430324277,0.62405416168857,0.496482868164284,0.270796902323258,1,
0.530910969519545,0.371078001752848,0.872361608920749,0.234626730201951,0.25655758181364,1,
0.329602204236267,0.328308501314636,0.445639187574671,0.673020195144089,0.145390956782413,1,
0.384363698983985,0.41840490797546,0.548187972919156,0.911277513047425,0.143892080939296,1,
0.320647494403306,0.311656441717791,0.46594982078853,0.538007714998865,0.32075943042718,1,
0.38815223006716,0.270990359333918,0.67921146953405,0.556841388699796,0.170372220834374,1,
0.380747373859135,0.317966695880806,0.727797690163281,0.606988881325164,0.221583812140894,1,
0.388668847942139,0.451183172655565,0.848068498606133,0.217381438620377,0.250562078441169,1,
0.361460306526606,0.414723926380368,0.846276383910793,0.562741093714545,0.423932050961779,1,
0.523333907353194,0.541980718667835,0.714058144165671,0.278193782618561,0.284786410192356,1,
0.366282073359738,0.331638913234005,0.706093189964158,0.619469026548673,0.761179115663252,1,
0.348200447735492,0.354776511831727,0.513938669852648,0.878148400272294,0.851611291531351,1,
0.368520750817978,0.324802804557406,0.69115890083632,0.610165645563876,0.803397451911067,1,
0.346822800068882,0.349167397020158,0.434886499402628,0.610846380757885,0.485385960529603,1,
0.334940588944377,0.294829097283085,0.511150935882119,0.797594735647833,0.667749188108918,1,
0.337868090235922,0.425591586327783,0.79689366786141,0.206262763784888,0.180864351736198,1,
0.325124849319786,0.323400525854514,0.406810035842294,0.585432266848196,0.739195603297527,1,
0.469605648355433,0.376336546888694,0.577459179609717,0.600181529385069,0.437921558830877,1,
0.330979851902876,0.309027169149869,0.466547192353644,0.63262990696619,0.742193354983762,1,
0.393318408816945,0.480280455740578,0.835125448028674,0.210574086680281,0.252060954284287,1,
0.357499569485104,0.446099912357581,0.661091198725607,0.553664624461085,0.227829128153885,1,
0.316686757361805,0.343908851884312,0.466148944643568,0.475380077149989,0.684486635023732,1,
0.314620285861891,0.306573181419807,0.55057745917961,0.802132970274563,0.122158381214089,1,
0.309970724987085,0.304119193689746,0.51652727996814,0.528931245745405,0.32075943042718,1,
0.31152057861202,0.323225241016652,0.535444046196734,0.713864306784661,0.101174119410442,1,
0.466850353022215,0.719193689745837,0.572680207088809,0.466303607896528,0.278790906819885,1,
0.449629757189599,0.480280455740578,0.733771405814417,0.601769911504425,0.220834374219335,1,
0.402789736524884,0.340753724802805,0.676224611708483,0.502382573179033,0.443917062203348,1,
0.317892199070088,0.329710780017528,0.505177220230984,0.879509870660313,0.32075943042718,1,
0.319442052695023,0.353023663453111,0.622859418558343,0.743135920127071,0.32075943042718,1,
0.372825899776132,0.427344434706398,0.527678215850259,0.639664170637622,0.183362478141394,1,
0.345445152402273,0.429623137598598,0.539824771007567,0.790787383707738,0.137147139645266,1,
0.354744274151886,0.460648553900088,0.548387096774194,0.78738370773769,0.167124656507619,1,
0.373859135526089,0.490446976336547,0.684388689765034,0.699795779441797,0.19210592055958,1,
0.397279145858447,0.335319894829097,0.694942254082039,0.60335829362378,0.222083437421934,1,
0.389874289650422,0.313234005258545,0.792512943050577,0.564329475833901,0.445915563327504,1,
0.352505596693646,0.400876424189308,0.828753484667463,0.18788291354663,0.428928303772171,1,
0.339590149819184,0.35863277826468,0.445240939864596,0.59950079419106,0.191356482638021,1,
0.309626313070432,0.291323400525854,0.475308641975309,0.560018152938507,0.785910567074694,1,
0.323919407611503,0.312357581069238,0.473118279569892,0.547311095983662,0.221333999500375,1,
0.276907180988462,0.164066608238387,0.256073277578654,0.203312911277513,0.32075943042718,1,
0.368865162734631,0.341805433829974,0.793508562325767,0.566371681415929,0.473644766425181,1,
0.313414844153608,0.368098159509202,0.461170848267622,0.636033582936238,0.151136647514364,1,
0.274840709488548,0.367046450482033,0.621067303863003,0.637621965055593,0.48688483637272,1,
0.346995006027209,0.445223488168273,0.516129032258065,0.596550941683685,0.517112165875593,1,
0.259169967280868,0.395968448729185,0.639386698526483,0.19832085318811,0.567574319260555,1,
0.336318236610987,0.316914986853637,0.58641975308642,0.130247333787157,0.904571571321509,1,
0.336146030652661,0.341104294478528,0.881720430107527,0.667347401860676,0.585560829377967,1,
0.306526605820561,0.278702892199825,0.53584229390681,0.466757431359201,0.201099175618286,1,
0.409505768899604,0.347414548641542,0.727996814018319,0.752439301111867,0.53210092430677,1,
0.446530049939728,0.337773882559159,0.639784946236559,0.6761969593828,0.668498626030477,1,
0.349233683485449,0.347589833479404,0.529868578255675,0.839119582482414,0.765176117911566,1,
