540,5,2,
0.382297227484071,0.577914110429448,0.472520908004779,0.415021556614477,0.285535848113915,0,
0.365421043568107,0.525503943908852,0.65989645559538,0.498751985477649,0.446415188608544,0,
0.733597382469433,0.484837861524978,0.433890880127439,0.447469934195598,0.401698725955533,0,
0.888754950921302,0.312708150744961,0.340900039824771,0.34331744951214,0.310267299525356,0,
0.345100740485621,0.51954425942156,0.473516527279968,0.417971409121852,0.294029477891581,0,
0.524711555019804,0.687817703768624,0.272799681401832,0.31336510097572,0.292530602048464,0,
0.336146030652661,0.432252410166521,0.982477100756671,0.169956886771046,0.32075943042718,0,
0.896332013087653,0.423488168273444,0.429510155316607,0.425913319718629,0.352235823132651,0,
0.396418116066816,0.626993865030675,0.254878534448427,0.313592012707057,0.290532100924307,0,
0.929567763044601,0.30920245398773,0.341298287534847,0.340140685273429,0.310267299525356,0,
0.415016359566041,0.626993865030675,0.505973715651135,0.420467438166553,0.291531351486385,0,
0.315825727570174,0.339877300613497,0.652727996814018,0.818016791468119,0.32075943042718,0,
0.569485104184605,0.637686240140228,0.287136598964556,0.409121851599728,0.361478890831876,0,
0.962975718959876,0.190359333917616,0.460175228992433,0.329929657363286,0.304271796152885,0,
0.505424487687274,0.582471516213848,0.291517323775388,0.40639891082369,0.355983012740445,0,
0.32633029102807,0.489219982471516,0.694942254082039,0.520762423417291,0.164126904821384,0,
0.674358532805235,0.320946538124452,0.394663480684986,0.381211708645337,0.298526105420934,0,
0.338901325985879,0.605609114811569,0.720230983671844,0.219423644202405,0.253559830127404,0,
0.671258825555364,0.279929886064855,0.465153325368379,0.776718856364874,0.188608543592306,0,
0.629584983640434,0.465381244522349,0.526284348864994,0.461084638075789,0.256807394454159,0,
0.375753401067677,0.449255039439088,0.870171246515333,0.198774676650783,0.249063202598051,0,
0.414671947649389,0.621910604732691,0.254480286738351,0.316088041751759,0.32075943042718,0,
0.309626313070432,0.291323400525854,0.46415770609319,0.694122986158384,0.32075943042718,0,
0.672119855346995,0.167046450482033,0.337514934289128,0.337871567960064,0.304521608793405,0,
0.319442052695023,0.377212971078002,0.532457188371167,0.800998411617881,0.1541343992006,0,
0.801790941966592,0.295705521472393,0.648944643568299,0.298388926707511,0.28878341244067,0,
0.38591355260892,0.661349693251534,0.678215850258861,0.258906285454958,0.267799150637022,0,
0.799380058550026,0.33444347063979,0.336917562724014,0.378942591331972,0.335748188858356,0,
0.318753228861719,0.285539000876424,0.444444444444444,0.552303154073066,0.719460404696478,0,
0.46616152918891,0.731113058720421,0.278574273197929,0.45450419786703,0.474893829627779,0,
0.267780265197176,0.482208588957055,0.709080047789725,0.177671885636487,0.32075943042718,0,
0.507490959187188,0.637510955302366,0.299084030266826,0.32312230542319,0.381963527354484,0,
0.332185293611159,0.311831726555653,0.467144563918757,0.692307692307692,0.582063452410692,0,
0.6208024797658,0.317966695880806,0.337714058144166,0.376673474018607,0.338745940544592,0,
0.321164112278285,0.413321647677476,0.750696933492632,0.235307465395961,0.263802148388708,0,
0.388496641983813,0.837510955302366,0.244125846276384,0.303154073065577,0.282538096427679,0,
0.65352161184777,0.384925503943909,0.336320191158901,0.381892443839347,0.346490132400699,0,
0.692440158429482,0.31726555652936,0.397650338510554,0.382800090764693,0.346989757681739,0,
0.835371103840193,0.178264680105171,0.424332935085623,0.497617426820967,0.278041468898326,0,
0.371792664026175,0.562489044697634,0.289326961369972,0.32312230542319,0.295278541094179,0,
0.317719993111762,0.290622261174408,0.454201513341298,0.190605854322668,0.32075943042718,0,
0.87583950404684,0.179842243645925,0.390083632019116,0.341048332198775,0.307019735198601,0,
0.713104873428621,0.423663453111306,0.310035842293907,0.405037440435671,0.366225331001749,0,
0.546237299810573,0.543382997370727,0.293906810035842,0.330837304288632,0.30152385710717,0,
0.340795591527467,0.536722173531989,0.563321385902031,0.459269344225096,0.273544841368973,0,
0.311692784570346,0.306397896581946,0.509358821186778,0.298615838438847,0.32075943042718,0,
0.333735147236094,0.661349693251534,0.254480286738351,0.489448604492852,0.32075943042718,0,
0.345789564318925,0.592287467134093,0.283950617283951,0.42069434989789,0.349238071446415,0,
0.446013432064749,0.481507449605609,0.299482277976902,0.336737009303381,0.343242568073945,0,
0.323574995694851,0.339526730937774,0.505376344086021,0.779441797140912,0.12840369722708,0,
0.325641467194765,0.323575810692375,0.507168458781362,0.847969140004538,0.131401448913315,0,
0.547787153435509,0.511656441717791,0.297690163281561,0.271386430678466,0.665251061703722,0,
0.476149474771827,0.628571428571429,0.266228594185583,0.415929203539823,0.406195353484886,0,
0.356638539693473,0.441893076248904,0.671445639187575,0.514635806671205,0.202348238820884,0,
0.374031341484415,0.400175284837862,0.678215850258861,0.277966870887225,0.277541843617287,0,
0.499913897020837,0.558457493426819,0.457785742731979,0.504197867029725,0.48713464901324,0,
0.484931978646461,0.663453111305872,0.286340103544405,0.410483321987747,0.289782663002748,0,
0.781987256759084,0.293251533742331,0.417363600159299,0.393691853868845,0.30102423182613,0,
0.618908214224212,0.31375985977213,0.448626045400239,0.417063762196506,0.393704721458906,0,
0.340967797485793,0.588781770376862,0.462365591397849,0.423871114136601,0.289532850362228,0,
0.457895643189254,0.715863277826468,0.279171644763043,0.475153165418652,0.528103922058456,0,
0.544515240227312,0.46555652936021,0.427120669056153,0.336283185840708,0.348738446165376,0,
0.49078698122955,0.672567922874671,0.273397052966945,0.508282278193783,0.457656757431926,0,
0.321336318236611,0.385626643295355,0.793707686180804,0.168822328114364,0.221333999500375,0,
0.319269846736697,0.292725679228747,0.453006770211071,0.224869525754481,0.755933050212341,0,
0.379369726192526,0.862401402278703,0.248506571087216,0.470614930791922,0.278291281538846,0,
0.317203375236783,0.333041191936897,0.662485065710872,0.742909008395734,0.32075943042718,0,
0.437747546065094,0.560385626643295,0.294902429311031,0.432947583390061,0.236322757931551,0,
0.90184260375409,0.30464504820333,0.339705296694544,0.342182890855457,0.337247064701474,0,
0.710866195970381,0.349167397020158,0.338510553564317,0.342182890855457,0.332250811891082,0,
0.325297055278113,0.425766871165644,0.803066507367582,0.161334240980259,0.447414439170622,0,
0.654554847597727,0.495880806310254,0.323974512146555,0.339459950079419,0.343242568073945,0,
0.36214913035991,0.888694127957932,0.206889685384309,0.276832312230542,0.32075943042718,0,
0.724987084553125,0.194566170026293,0.405416168857029,0.394826412525528,0.297776667499375,0,
0.761322541759945,0.346888694127958,0.343090402230187,0.344452008168822,0.334748938296278,0,
0.407955915274668,0.591411042944785,0.539625647152529,0.302473337871568,0.289782663002748,0,
0.35319442052695,0.465907099035933,0.576662684189566,0.469480372135239,0.267549337996503,0,
0.581539521267436,0.37125328659071,0.281362007168459,0.813478556841389,0.212340744441669,0,
0.71895987601171,0.464855390008764,0.492831541218638,0.51690492398457,0.270547089682738,0,
0.344756328568968,0.604206836108677,0.295898048586221,0.316995688677105,0.293280039970022,0,
0.400895470983296,0.723575810692375,0.514336917562724,0.470614930791922,0.565825630776917,0,
0.449801963147925,0.511305872042068,0.418757467144564,0.38620376673474,0.337496877341994,0,
0.471844325813673,0.370026292725679,0.332337714058144,0.373950533242569,0.32075943042718,0,
0.499913897020837,0.463803680981595,0.426921545201115,0.403222146584978,0.361478890831876,0,
0.336318236610987,0.463453111305872,0.662883313420948,0.255729521216247,0.267299525355983,0,
0.329085586361288,0.465205959684487,0.809637594583831,0.2119355570683,0.246565076192855,0,
0.341484415360771,0.826117440841367,0.259259259259259,0.446562287270252,0.481139145640769,0,
0.332874117444464,0.490096406660824,0.773596176821983,0.588382119355571,0.599050711966026,0,
0.345445152402273,0.408588957055215,0.949820788530466,0.148173360562741,0.32075943042718,0,
0.375408989151025,0.601402278702892,0.48068498606133,0.476060812343998,0.292780414688983,0,
0.329085586361288,0.326906222611744,0.530465949820788,0.855457227138643,0.32075943042718,0,
0.314792491820217,0.308676599474145,0.464356829948228,0.82187429090084,0.32075943042718,0,
0.39262958498364,0.75407537248028,0.237355635205098,0.300884955752212,0.278541094179365,0,
0.633201308765283,0.473794916739702,0.302668259657507,0.412298615838439,0.297027229577817,0,
0.338212502152574,0.456266432953549,0.897252090800478,0.214658497844339,0.226829877591806,0,
0.390046495608748,0.578790534618756,0.254679410593389,0.298842750170184,0.261054209342993,0,
0.491820216979507,0.55863277826468,0.309637594583831,0.332652598139324,0.299775168623532,0,
0.865851558463923,0.17703768624014,0.38968538430904,0.380304061719991,0.334499125655758,0,
0.822800068882383,0.291849255039439,0.402429311031462,0.406625822555026,0.298526105420934,0,
0.403650766316514,0.557230499561788,0.262445240939865,0.407079646017699,0.292030976767424,0,
0.331152057861202,0.301840490797546,0.442453205894066,0.632856818697527,0.666999750187359,0,
0.517306698811779,0.658545135845749,0.522700119474313,0.504651690492399,0.272295778166375,0,
0.335629412777682,0.463102541630149,0.596973317403425,0.488540957567506,0.32075943042718,0,
0.339073531944205,0.296056091148116,0.494623655913978,0.872929430451554,0.144641518860854,0,
0.547959359393835,0.495880806310254,0.467941059338909,0.452461992285001,0.273295028728454,0,
0.238677458240055,0.1056967572305,0.270808442851454,0.321760835035171,0.295528353734699,0,
0.742379886344067,0.348466257668712,0.395659099960175,0.38234626730202,0.30751936047964,0,
0.636645427931806,0.637335670464505,0.281959378733572,0.428863172226004,0.453909567824132,0,
0.408300327191321,0.502191060473269,0.296495420151334,0.402087587928296,0.28853359980015,0,
0.329602204236267,0.462226117440841,0.719832735961768,0.223281143635126,0.259805146140395,0,
0.373686929567763,0.511831726555653,0.709478295499801,0.234853641933288,0.264051961029228,0,
0.42534871706561,0.514285714285714,0.448028673835125,0.400272294077604,0.30102423182613,0,
0.339245737902531,0.46327782646801,0.736559139784946,0.194690265486726,0.224831376467649,0,
0.35543309798519,0.672743207712533,0.288729589804859,0.411617880644429,0.235573320009993,0,
0.36576545548476,0.307624890446976,0.570290720828355,0.611527115951895,0.518611041718711,0,
0.354399862235233,0.550219106047327,0.599761051373955,0.458815520762423,0.273544841368973,0,
0.403306354399862,0.584925503943909,0.683990442054958,0.269117313365101,0.32075943042718,0,
0.308420871362149,0.282208588957055,0.43010752688172,0.462219196732471,0.32075943042718,0,
0.41639400723265,0.333216476774759,0.679410593389088,0.628545495802133,0.463652260804397,0,
0.363698983984846,0.45749342681858,0.526284348864994,0.455184933061039,0.286535098675993,0,
0.510762872395385,0.677300613496932,0.532258064516129,0.496482868164284,0.270547089682738,0,
0.339245737902531,0.431375985977213,0.754082039028276,0.24120717041071,0.262053459905071,0,
0.352161184776993,0.531989482909728,0.475906013540422,0.414567733151804,0.355233574818886,0,
0.820561391424143,0.342857142857143,0.433691756272401,0.339459950079419,0.305271046714964,0,
0.429826071982091,0.622085889570552,0.275985663082437,0.276605400499206,0.688733449912565,0,
0.342345445152402,0.512357581069238,0.554161688570291,0.452461992285001,0.277292030976767,0,
0.317719993111762,0.299912357581069,0.460772600557547,0.844338552303154,0.112415688233825,0,
0.61494747718271,0.370727432077125,0.394862604540024,0.388926707510778,0.281039220584562,0,
0.365076631651455,0.383698510078878,0.871166865790522,0.60925799863853,0.217087184611541,0,
0.430170483898743,0.531113058720421,0.29868578255675,0.43430905377808,0.226829877591806,0,
0.624763216807302,0.617353198948291,0.306451612903226,0.327433628318584,0.296527604296777,0,
0.366798691234717,0.814548641542507,0.247710075667065,0.30428863172226,0.283037721708718,0,
0.547959359393835,0.508326029798422,0.521306252489048,0.437939641479464,0.400199850112416,0,
0.88841053900465,0.316389132340053,0.336121067303863,0.383253914227366,0.339245565825631,0,
0.436714310315137,0.478527607361963,0.311230585424134,0.282505105513955,0.824381713714714,0,
0.36576545548476,0.667309377738826,0.638988450816408,0.446789199001588,0.272295778166375,0,
0.581539521267436,0.547239263803681,0.287534846674632,0.297708191513501,0.552835373469898,0,
0.351988978818667,0.429097283085013,0.841497411389884,0.626049466757431,0.218336247814139,0,
0.417255037024281,0.784925503943909,0.260653126244524,0.423190378942591,0.271296527604297,0,
0.740657826760806,0.306573181419807,0.334328952608522,0.340594508736102,0.350487134649013,0,
0.283623213363182,0.320595968448729,0.627240143369176,0.74903562514182,0.172370721958531,0,
0.349750301360427,0.336021034180543,0.870569494225408,0.547991831177672,0.414688983262553,0,
0.313587050111934,0.289570552147239,0.42831541218638,0.557068300431132,0.813639770172371,0,
0.332529705527811,0.460823838737949,0.632616487455197,0.251191286589517,0.261054209342993,0,
0.426381952815567,0.621735319894829,0.2536837913182,0.314726571363739,0.356982263302523,0,
0.429481660065438,0.322699386503067,0.611509358821187,0.841388699795779,0.157881588808394,0,
0.74048562080248,0.345486415425066,0.407009159697332,0.388926707510778,0.291781164126905,0,
0.353711038401929,0.542681858019281,0.472919155714855,0.305196278647606,0.292030976767424,0,
0.50111933872912,0.336371603856266,0.316806053365193,0.399364647152258,0.297776667499375,0,
0.392973996900293,0.802453987730061,0.261250497809638,0.518039482641253,0.258306270297277,0,
0.371103840192871,0.916564417177914,0.236160892074871,0.278647606081234,0.283287534349238,0,
0.759083864301705,0.394741454864154,0.318598168060534,0.341729067392784,0.308268798401199,0,
0.310315136903737,0.331463628396144,0.478295499800876,0.13977762650329,0.32075943042718,0,
0.491131393146203,0.594040315512708,0.52389486260454,0.651463580667121,0.228578566075443,0,
0.351988978818667,0.547589833479404,0.826961369972123,0.216473791695031,0.25006245316013,0,
0.258481143447563,0.134092900964067,0.664277180406213,0.772634445200817,0.165375968023982,0,
0.694162218012743,0.346888694127958,0.341696535244922,0.387792148854096,0.308018985760679,0,
0.420182538315826,0.79421560035057,0.209677419354839,0.445654640344906,0.366475143642268,0,
0.32495264336146,0.430499561787905,0.665870171246515,0.230542319037894,0.268298775918061,0,
0.392285173066988,0.570727432077125,0.275985663082437,0.314953483095076,0.32075943042718,0,
0.500086102979163,0.53567046450482,0.307048984468339,0.398457000226912,0.299275543342493,0,
0.347339417943861,0.36319018404908,0.662285941855834,0.724075334694804,0.612290781913565,0,
0.570346133976236,0.63908851884312,0.286340103544405,0.408668028137055,0.361728703472396,0,
0.384363698983985,0.823137598597721,0.243329350856233,0.481506693896074,0.32075943042718,0,
0.606509385224729,0.367046450482033,0.401831939466348,0.392557295212162,0.345490881838621,0,
0.351988978818667,0.395793163891323,0.878335324571884,0.129566598593147,0.218336247814139,0,
0.442569312898226,0.720946538124452,0.537037037037037,0.296119809394146,0.28228828378716,0,
0.341312209402445,0.537423312883436,0.527279968140183,0.433401406852734,0.360979265550837,0,
0.512140520061994,0.54022787028922,0.312425328554361,0.33356024506467,0.346490132400699,0,
0.713621491303599,0.28045574057844,0.390681003584229,0.394145677331518,0.305271046714964,0,
0.340623385569141,0.343382997370727,0.582636399840701,0.686181075561607,0.164876342742943,0,
0.345789564318925,0.397896581945662,0.632218239745121,0.270932607215793,0.262303272545591,0,
0.342862063027381,0.436108676599474,0.82258064516129,0.557749035625142,0.228578566075443,0,
0.574479076976063,0.612269938650307,0.58084428514536,0.493533015656909,0.277791656257807,0,
0.304460134320648,0.280280455740578,0.456590999601752,0.650555933741774,0.32075943042718,0,
0.782331668675736,0.293251533742331,0.417363600159299,0.393691853868845,0.300774419185611,0,
0.402100912691579,0.767922874671341,0.521505376344086,0.429090083957341,0.370971771171621,0,
0.305493370070604,0.297984224364592,0.424332935085623,0.454731109598366,0.32075943042718,0,
0.325641467194765,0.339351446099912,0.722620469932298,0.542545949625596,0.598051461403947,0,
0.395040468400207,0.576862401402279,0.489645559538033,0.762196505559337,0.193854609043218,0,
0.346306182193904,0.594566170026293,0.264834727200319,0.435897435897436,0.32075943042718,0,
0.853797141381092,0.327432077125329,0.404221425726802,0.320172452915816,0.482638021483887,0,
0.490614775271224,0.427169149868536,0.328355236957388,0.340594508736102,0.309018236322758,0,
0.610125710349578,0.411919368974584,0.436479490242931,0.405037440435671,0.286535098675993,0,
0.33304632340279,0.403155127081507,0.796296296296296,0.590878148400272,0.232575568323757,0,
0.468744618563802,0.554425942156003,0.293508562325767,0.412298615838439,0.279040719460405,0,
0.530049939727915,0.423312883435583,0.459378733572282,0.330156569094622,0.37796652510617,0,
0.49216462889616,0.692199824715162,0.290919952210275,0.322668481960517,0.37821633774669,0,
0.418288272774238,0.592813321647678,0.276184786937475,0.317222600408441,0.361978516112915,0,
0.334940588944377,0.317440841367222,0.759458383114297,0.558202859087815,0.472645515863103,0,
0.485793008438092,0.358808063102542,0.334727200318598,0.378715679600635,0.343492380714464,0,
0.442569312898226,0.54829097283085,0.553365193150139,0.301792602677558,0.28178865850612,0,
0.344928534527295,0.737598597721297,0.267224213460773,0.408894939868391,0.359980014988758,0,
0.689340451179611,0.454163014899211,0.498805256869773,0.319945541184479,0.368223832125906,0,
0.643189254348201,0.464855390008764,0.465153325368379,0.443385523031541,0.287034723957032,0,
0.343206474944033,0.636459246275197,0.565909996017523,0.47333787156796,0.2560579565326,0,
0.42672636473222,0.414548641542507,0.543010752688172,0.286816428409349,0.279790157381964,0,
0.467883588772171,0.416652059596845,0.413978494623656,0.404583616972998,0.298526105420934,0,
0.517478904770105,0.622611744084137,0.292712066905615,0.312684365781711,0.365725705720709,0,
0.484587566729809,0.633128834355828,0.281561131023497,0.419105967778534,0.571071696227829,0,
0.40743929739969,0.544960560911481,0.289326961369972,0.327660540049921,0.30102423182613,0,
0.434820044773549,0.573356704645048,0.294902429311031,0.39664170637622,0.32075943042718,0,
0.408989151024625,0.771779141104295,0.542612504978096,0.439981847061493,0.374968773419935,0,
0.869295677630446,0.184224364592463,0.340900039824771,0.342863626049467,0.30751936047964,0,
0.720854141553298,0.325854513584575,0.409597769812824,0.378488767869299,0.338496127904072,0,
0.33304632340279,0.382296231375986,0.8805256869773,0.194236442024053,0.457906570072446,0,
0.786120199758912,0.195267309377739,0.396057347670251,0.381211708645337,0.297526854858856,0,
0.352161184776993,0.47239263803681,0.898247710075667,0.201724529158157,0.244816387709218,0,
0.799035646633373,0.319368974583699,0.540621266427718,0.435216700703426,0.280539595303522,0,
0.365248837609781,0.762313759859772,0.268020708880924,0.316088041751759,0.268048963277542,0,
0.527294644394696,0.480280455740578,0.479888490641179,0.744270478783753,0.212340744441669,0,
0.471155501980368,0.545135845749343,0.437674233373158,0.415248468345813,0.283287534349238,0,
0.407267091441364,0.666608238387379,0.486658701712465,0.66712049012934,0.229577816637522,0,
0.378336490442569,0.685889570552147,0.247311827956989,0.425005672793283,0.27579315513365,0,
0.759083864301705,0.327256792287467,0.33452807646356,0.339686861810756,0.355483387459405,0,
0.570518339934562,0.707624890446976,0.294305057745918,0.316768776945768,0.379715213589808,0,
0.239882899948338,0.0304995617879053,0.243329350856233,0.295892897662809,0.283037721708718,0,
0.900637162045807,0.181770376862401,0.393667861409797,0.34263671431813,0.309268048963278,0,
0.33976235577751,0.413146362839614,0.664675428116288,0.538461538461539,0.423432425680739,0,
0.334596177027725,0.428220858895706,0.716049382716049,0.228273201724529,0.32075943042718,0,
0.463234027897365,0.6988606485539,0.282755874153724,0.321533923303835,0.357731701224082,0,
0.33976235577751,0.461524978089395,0.825169255276782,0.240072611754028,0.450412190856857,0,
0.308248665403823,0.289395267309378,0.419952210274791,0.464942137508509,0.223082687984012,0,
0.565868779059755,0.628045574057844,0.292911190760653,0.403222146584978,0.264801398950787,0,
0.40967797485793,0.667659947414549,0.249502190362405,0.309280689811663,0.292030976767424,0,
0.536938178060961,0.540403155127081,0.287534846674632,0.328795098706603,0.32075943042718,0,
0.788531083175478,0.292375109553024,0.417562724014337,0.392330383480826,0.301773669747689,0,
0.403134148441536,0.580192813321648,0.53126244524094,0.304742455184933,0.290032475643268,0,
0.507490959187188,0.448729184925504,0.802867383512545,0.252552756977536,0.275043717212091,0,
0.338556914069227,0.448028045574058,0.81521306252489,0.558202859087815,0.239320509617787,0,
0.677458240055106,0.328308501314636,0.39705296694544,0.380077149988654,0.337996502623033,0,
0.450835198897882,0.36546888694128,0.330943847072879,0.375765827093261,0.309767674244317,0,
0.315309109695195,0.317090271691499,0.458980485862206,0.566598593147266,0.545340994254309,0,
0.333390735319442,0.297984224364592,0.445639187574671,0.67687769457681,0.831126655008743,0,
0.793180644050284,0.368448729184925,0.417164476304261,0.398683911958248,0.383212590557082,0,
0.798691234716721,0.295179666958808,0.635603345280765,0.293623780349444,0.288033974519111,0,
0.673153091096952,0.462927256792287,0.451214655515731,0.478783753120036,0.506869847614289,0,
0.33976235577751,0.517090271691499,0.276383910792513,0.410029498525074,0.297526854858856,0,
0.793697261925263,0.36319018404908,0.329549980087614,0.418879056047198,0.297776667499375,0,
0.351300154985362,0.552147239263804,0.469733174034249,0.42069434989789,0.286535098675993,0,
0.603065266058206,0.450482033304119,0.317005177220231,0.39074200136147,0.344741443917062,0,
0.427931806440503,0.734268185801928,0.530864197530864,0.480825958702065,0.46814888833375,0,
0.393318408816945,0.77703768624014,0.279171644763043,0.427274790106649,0.532600549587809,0,
0.361976924401584,0.340753724802805,0.692751891676623,0.613569321533923,0.230077441918561,0,
0.327535732736353,0.350394390885188,0.518916766228594,0.810301792602678,0.143642268298776,0,
0.904597899087308,0.183347940403155,0.396853843090402,0.341502155661448,0.336247814139395,0,
0.480799035646633,0.777388255915863,0.234966148944644,0.29906966190152,0.361229078191356,0,
0.403134148441536,0.758106923751096,0.25826363998407,0.312457454050374,0.284786410192356,0,
0.371276046151197,0.669763365468887,0.603544404619673,0.548445654640345,0.32075943042718,0,
0.1263991734114,0.465030674846626,0.297491039426523,0.318810982527797,0.283287534349238,0,
0.469089030480455,0.653812445223488,0.262445240939865,0.417290673927842,0.42917811641269,0,
0.254003788531083,0.610867659947415,0.270808442851454,0.299977308826866,0.32075943042718,0,
0.343550886860685,0.562664329535495,0.589804858622063,0.549353301565691,0.212340744441669,0,
0.350094713277079,0.307449605609115,0.552568697729988,0.847061493079192,0.12190856857357,0,
0.373686929567763,0.755652936021034,0.25647152528873,0.588382119355571,0.233075193604796,0,
0.36576545548476,0.648904469763365,0.562923138191955,0.477422282732017,0.518611041718711,0,
0.481143447563286,0.627519719544259,0.275189167662286,0.433628318584071,0.552835373469898,0,
0.34200103323575,0.475547765118317,0.607128634010354,0.464942137508509,0.389957531851112,0,
0.446357843981402,0.501489921121823,0.420151334129829,0.385523031540731,0.337996502623033,0,
0.321852936111589,0.302191060473269,0.498008761449622,0.73405945087361,0.158131401448913,0,
0.512140520061994,0.478702892199825,0.441457586618877,0.400726117540277,0.350487134649013,0,
0.607026003099707,0.653637160385627,0.296694544006372,0.326299069661902,0.296527604296777,0,
0.819011537799208,0.314811568799299,0.595181202708084,0.295439074200136,0.294529103172621,0,
0.643878078181505,0.382471516213848,0.396057347670251,0.38688450192875,0.34624031976018,0,
0.357327363526778,0.619982471516214,0.647749900438072,0.592239618788291,0.32075943042718,0,
0.364904425693129,0.460999123575811,0.532457188371167,0.463807578851827,0.283787159630277,0,
0.479765799896676,0.436459246275197,0.30884109916368,0.331971862945314,0.305770671996003,0,
0.403478560358188,0.503768624014023,0.303066507367583,0.394145677331518,0.304521608793405,0,
0.366109867401412,0.29535495179667,0.517323775388291,0.601542999773088,0.614539095678241,0,
0.493370070604443,0.660473269062226,0.268418956591,0.442024052643522,0.409442917811641,0,
0.330291028069571,0.421034180543383,0.896057347670251,0.143635125936011,0.32075943042718,0,
0.822111245049079,0.315162138475022,0.33910792512943,0.343090537780803,0.308518611041719,0,
0.370415016359566,0.483786152497809,0.290720828355237,0.313818924438393,0.273544841368973,0,
0.335629412777682,0.459947414548641,0.904619673436878,0.194917177218062,0.224831376467649,0,
0.315309109695195,0.287992988606486,0.460971724412585,0.158384388472884,0.32075943042718,0,
0.424832099190632,0.43680981595092,0.430505774591796,0.336056274109371,0.304521608793405,0,
0.306698811778888,0.299386503067485,0.473118279569892,0.569775357385977,0.32075943042718,0,
0.628896159807129,0.56319018404908,0.440063719633612,0.432039936464715,0.4229328003997,0,
0.416221801274324,0.572129710780018,0.554759060135404,0.300431132289539,0.372970272295778,0,
0.517306698811779,0.446275197195443,0.316407805655117,0.385976855003404,0.344241818636023,0,
0.312553814361977,0.310429447852761,0.276782158502589,0.852961198093941,0.32075943042718,0,
0.333735147236094,0.4988606485539,0.491039426523298,0.42001361470388,0.362977766674994,0,
0.381091785775788,0.803330411919369,0.276184786937475,0.297935103244838,0.401199100674494,0,
0.339245737902531,0.440140227870289,0.824970131421744,0.220558202859088,0.32075943042718,0,
0.337868090235922,0.502541630148992,0.767025089605735,0.186294531427275,0.483137646764926,0,
0.510590666437059,0.620333041191937,0.295300677021107,0.320853188109825,0.404946290282288,0,
0.371448252109523,0.75863277826468,0.277379530067702,0.315861130020422,0.279290532100924,0,
0.584811434475633,0.559859772129711,0.309239346873755,0.390288177898797,0.360229827629278,0,
0.259342173239194,0.586327782646801,0.540223018717642,0.473110959836624,0.32075943042718,0,
0.387980024108834,0.609465381244522,0.551772202309837,0.447243022464261,0.368723457406945,0,
0.588772171517134,0.517440841367222,0.310434090003982,0.33877921488541,0.32075943042718,0,
0.321336318236611,0.295179666958808,0.469334926324174,0.286135693215339,0.32075943042718,0,
0.609264680557947,0.334794040315513,0.346276383910792,0.379396414794645,0.336247814139395,0,
0.338729120027553,0.574057843996494,0.565909996017523,0.486498751985478,0.32075943042718,0,
0.889615980712933,0.316914986853637,0.336320191158901,0.383480825958702,0.33999500374719,0,
0.464267263647322,0.644171779141104,0.281362007168459,0.312911277513047,0.32075943042718,0,
0.310831754778715,0.324802804557406,0.618279569892473,0.8309507601543,0.143642268298776,0,
0.361115894609953,0.402103418054338,0.869175627240143,0.179487179487179,0.237571821134149,0,
0.352161184776993,0.61034180543383,0.26742333731581,0.430905377808033,0.293529852610542,0,
0.77992078525917,0.494127957931639,0.307048984468339,0.435216700703426,0.41044216837372,0,
0.626140864473911,0.330236634531113,0.341696535244922,0.390515089630134,0.26929802648014,0,
0.368348544859652,0.590184049079755,0.495021903624054,0.461765373269798,0.32075943042718,0,
0.336318236610987,0.303768624014023,0.456192751891677,0.71454504197867,0.738695978016488,0,
0.333562941277768,0.409465381244522,0.873755475906013,0.166326299069662,0.47414439170622,0,
0.722059583261581,0.279053461875548,0.344086021505376,0.37712729748128,0.309018236322758,0,
0.612881005682797,0.374583698510079,0.399442453205894,0.394599500794191,0.360729452910317,0,
0.419493714482521,0.669588080631025,0.290720828355237,0.406625822555026,0.356982263302523,0,
0.334079559152747,0.409640666082384,0.441855834328953,0.460630814613115,0.460904321758681,0,
0.349922507318753,0.432252410166521,0.614297092791716,0.545949625595643,0.32075943042718,0,
0.486654038229723,0.336196319018405,0.428116288331342,0.412298615838439,0.276792405695728,0,
0.332874117444464,0.383347940403155,0.858821186778176,0.1976401179941,0.457406944791406,0,
0.312553814361977,0.325153374233129,0.587017124651533,0.87973678239165,0.32075943042718,0,
0.656965731014293,0.306397896581946,0.393667861409797,0.38620376673474,0.283537346989758,0,
0.259169967280868,0.0757230499561788,0.739944245320589,0.13455865668255,0.32075943042718,0,
0.358188393318409,0.640666082383874,0.266427718040621,0.423417290673928,0.293030227329503,0,
0.346133976235578,0.420858895705521,0.855635205097571,0.617199909235307,0.204096927304522,0,
0.48183227139659,0.671866783523225,0.293906810035842,0.325164511005219,0.365975518361229,0,
0.746857241260548,0.317090271691499,0.398645957785743,0.388926707510778,0.308268798401199,0,
0.309970724987085,0.303593339176161,0.478494623655914,0.551395507147719,0.555333499875094,0,
0.334596177027725,0.41034180543383,0.835523695738749,0.594508736101656,0.32075943042718,0,
0.436025486481832,0.716213847502191,0.27299880525687,0.316995688677105,0.28828378715963,0,
0.407267091441364,0.757405784399649,0.537236160892075,0.288631722260041,0.498875843117662,0,
0.324263819528156,0.431726555652936,0.703703703703704,0.241434082142047,0.32075943042718,0,
0.404856208024798,0.430324276950044,0.737953006770211,0.243930111186748,0.424931301523857,0,
0.265541587738936,0.470289219982471,0.818797291915571,0.189698207397322,0.32075943042718,0,
0.394351644566902,0.571428571428571,0.277379530067702,0.469253460403903,0.514114414189358,0,
0.318064405028414,0.332340052585451,0.508761449621665,0.863399137735421,0.161129153135149,0,
0.309109695195454,0.31954425942156,0.428514536041418,0.477422282732017,0.586310267299525,0,
0.326674702944722,0.585451358457493,0.735563520509757,0.222600408441116,0.262303272545591,0,
0.405717237816428,0.489395267309378,0.714655515730784,0.515089630133878,0.257556832375718,0,
0.3159979335285,0.338825591586328,0.630426125049781,0.876106194690266,0.32075943042718,0,
0.336662648527639,0.421560035056968,0.927319792911191,0.182890855457227,0.32075943042718,0,
0.486998450146375,0.465731814198072,0.305057745917961,0.33287950987066,0.32075943042718,0,
0.33080764594455,0.339351446099912,0.489446435682995,0.519854776491945,0.32075943042718,0,
0.356121921818495,0.388431200701139,0.802270011947431,0.609484910369866,0.428678491131651,0,
0.548820389185466,0.507624890446976,0.682795698924731,0.299296573632857,0.288033974519111,0,
0.331840881694507,0.419106047326906,0.821385902031063,0.610619469026549,0.232325755683238,0,
0.338212502152574,0.444522348816827,0.853643966547192,0.206943498978897,0.244566575068699,0,
0.717926640261753,0.288694127957932,0.385503783353246,0.377354209212616,0.336497626779915,0,
0.309109695195454,0.304995617879053,0.435085623257666,0.482187429090084,0.32075943042718,0,
0.503185810229034,0.439789658194566,0.325965750696933,0.336283185840708,0.307269547839121,0,
0.422765627690718,0.456441717791411,0.303863002787734,0.262083049693669,0.796152885335998,0,
0.357843981401756,0.525854513584575,0.527080844285145,0.450646698434309,0.277541843617287,0,
0.313242638195282,0.374057843996494,0.620669056152927,0.758565917857953,0.32075943042718,0,
0.320991906319959,0.330061349693252,0.22700119474313,0.817562968005446,0.32075943042718,0,
0.401928706733253,0.767221735319895,0.245519713261649,0.557522123893805,0.238571071696228,0,
0.379714138109179,0.570727432077125,0.850457984866587,0.216700703426367,0.240569572820385,0,
0.404339590149819,0.667134092900964,0.574870569494225,0.286816428409349,0.32075943042718,0,
0.535216118477699,0.546713409290096,0.294504181600956,0.330610392557295,0.300524606545091,0,
0.392112967108662,0.819456617002629,0.239346873755476,0.303154073065577,0.32075943042718,0,
0.336662648527639,0.78387379491674,0.262046993229789,0.647832992965736,0.22458156382713,0,
0.472016531771999,0.518492550394391,0.463560334528076,0.435897435897436,0.255058705970522,0,
0.384191493025659,0.712883435582822,0.595977698128236,0.287043340140685,0.32075943042718,0,
0.369553986567935,0.41384750219106,0.856829948227798,0.566144769684593,0.225830627029728,0,
0.481315653521612,0.458895705521472,0.304460374352847,0.328795098706603,0.32075943042718,0,
0.466678147063888,0.405609114811569,0.31521306252489,0.336963921034717,0.32075943042718,0,
0.420182538315826,0.835407537248028,0.266228594185583,0.296119809394146,0.391706220334749,0,
0.441536077148269,0.646976336546889,0.591397849462366,0.294304515543454,0.282787909068199,0,
0.54055450318581,0.421735319894829,0.425925925925926,0.407760381211709,0.296027979015738,0,
0.285173066988118,0.326029798422436,0.626642771804062,0.725209893351486,0.32075943042718,0,
0.439125193731703,0.475197195442594,0.315611310234966,0.333333333333333,0.308018985760679,0,
0.838298605131738,0.359158632778265,0.41816009557945,0.312230542319038,0.46789907569323,0,
0.680902359221629,0.493952673093777,0.541218637992832,0.500340367597005,0.274544091931052,0,
0.4944033063544,0.466432953549518,0.319992035045798,0.33741774449739,0.342493130152386,0,
0.492853452729464,0.367397020157756,0.338908801274393,0.380077149988654,0.308018985760679,0,
0.377819872567591,0.660648553900088,0.274990043807248,0.411617880644429,0.287284536597552,0,
0.618219390390907,0.409465381244522,0.458582238152131,0.441797140912185,0.276042967774169,0,
0.495264336146031,0.627695004382121,0.294703305455994,0.410029498525074,0.359730202348239,0,
0.353022214568624,0.432427695004382,0.612305854241338,0.53188109825278,0.268048963277542,0,
0.675219562596866,0.289921121822962,0.436678614097969,0.339686861810756,0.336497626779915,0,
0.51455140347856,0.640666082383874,0.291517323775388,0.313138189244384,0.364476642518111,0,
0.342345445152402,0.388781770376862,0.747710075667065,0.680962105740867,0.207344491631277,0,
0.565696573101429,0.303943908851884,0.40900039824771,0.340367597004765,0.308518611041719,0,
0.372998105734458,0.707099035933392,0.227996814018319,0.498751985477649,0.572070946789908,0,
0.342517651110728,0.534268185801928,0.563918757467144,0.822555026094849,0.180114913814639,0,
0.251592905114517,0.0944785276073619,0.260055754679411,0.293623780349444,0.282787909068199,0,
0.707077664887205,0.461349693251534,0.494424532058941,0.543226684819605,0.260554584061954,0,
0.33304632340279,0.571428571428571,0.740939864595779,0.201497617426821,0.253310017486885,0,
0.404856208024798,0.675547765118317,0.543010752688172,0.43498978897209,0.32075943042718,0,
0.372137075942828,0.672918492550394,0.265033851055356,0.681189017472203,0.21808643517362,0,
0.498019631479249,0.724802804557406,0.548785344484269,0.294077603812117,0.356732450662003,0,
0.354055450318581,0.387028921998247,0.522899243329351,0.791014295439074,0.12790407194604,1,
0.343550886860685,0.411042944785276,0.748904818797292,0.610165645563876,0.685485885585811,1,
0.328396762527983,0.286765994741455,0.488450816407806,0.766280916723394,0.649512865350987,1,
0.308765283278801,0.340052585451358,0.590003982477101,0.627184025414114,0.32075943042718,1,
0.367143103151369,0.401051709027169,0.611111111111111,0.555026094849104,0.849362977766675,1,
0.31152057861202,0.311656441717791,0.536240541616886,0.547538007714999,0.32075943042718,1,
0.370070604442914,0.336371603856266,0.629430505774592,0.641706376219651,0.820134898825881,1,
0.369553986567935,0.367397020157756,0.567901234567901,0.716360335829362,0.194853859605296,1,
0.400378853108318,0.667309377738826,0.703902827558742,0.507374631268437,0.270547089682738,1,
0.361632512484932,0.453461875547765,0.723217841497411,0.564329475833901,0.520359730202348,1,
0.331840881694507,0.285714285714286,0.480485862206292,0.71000680735194,0.561578815888084,1,
0.352677802651972,0.374233128834356,0.484468339307049,0.57022918084865,0.694728953285036,1,
0.556741863268469,0.500613496932515,0.280167264038232,0.447469934195598,0.176367724206845,1,
0.333907353194421,0.364592462751972,0.169454400637196,0.791468118901747,0.32075943042718,1,
0.311176166695368,0.305346187554776,0.488649940262843,0.781030179260268,0.162877841618786,1,
0.348028241777165,0.346187554776512,0.44026284348865,0.602677558429771,0.32075943042718,1,
0.403822972274841,0.339000876424189,0.697729988052569,0.555479918311777,0.597052210841869,1,
0.371103840192871,0.380192813321648,0.734169653524492,0.217608350351713,0.69847614289283,1,
0.354055450318581,0.422261174408414,0.812027080844285,0.228273201724529,0.159880089932551,1,
0.450146375064577,0.536546888694128,0.4852648347272,0.309507601543,0.293280039970022,1,
0.396590322025142,0.329184925503944,0.665272799681402,0.566144769684593,0.449912565575818,1,
0.421387980024109,0.336546888694128,0.637992831541219,0.798048559110506,0.62178366225331,1,
0.340623385569141,0.374408413672217,0.192751891676623,0.759927388245972,0.146140394703972,1,
0.396590322025142,0.359158632778265,0.675627240143369,0.26979804855911,0.40994254309268,1,
0.358877217151713,0.784224364592463,0.70131421744325,0.265713637395053,0.277791656257807,1,
0.347683829860513,0.437861524978089,0.553365193150139,0.774222827320172,0.12815388458656,1,
0.328741174444636,0.308501314636284,0.487056949422541,0.683004311322895,0.823382463152636,1,
0.328052350611331,0.294127957931639,0.190561529271207,0.72498298162015,0.087184611541344,1,
0.365076631651455,0.342857142857143,0.825169255276782,0.195597912412072,0.549837621783662,1,
0.344928534527295,0.466257668711656,0.740342493030665,0.231223054231904,0.32075943042718,1,
0.386946788358877,0.419982471516214,0.563520509757069,0.871341048332199,0.138146390207345,1,
0.314964697778543,0.402453987730061,0.503783353245719,0.740639891082369,0.0686984761428929,1,
0.3159979335285,0.318667835232252,0.439466348068499,0.274790106648514,0.599550337247065,1,
0.314620285861891,0.338650306748466,0.529669454400637,0.556841388699796,0.133150137396952,1,
0.354744274151886,0.353374233128834,0.768219832735962,0.684138869979578,0.727204596552586,1,
0.280867918029964,0.321998247151621,0.524691358024691,0.68595416383027,0.177866600049963,1,
0.45135181677286,0.526730937773883,0.474313022700119,0.510324483775811,0.32075943042718,1,
0.484759772688135,0.290622261174408,0.609916367980884,0.821420467438167,0.581813639770172,1,
0.308248665403823,0.351971954425942,0.414974113898845,0.533242568640799,0.32075943042718,1,
0.362665748234889,0.683786152497809,0.763042612504978,0.265032902201044,0.276542593055209,1,
0.313242638195282,0.37353198948291,0.437275985663082,0.648740639891082,0.32075943042718,1,
0.496986395729292,0.683610867659947,0.582437275985663,0.436805082822782,0.369223082687984,1,
0.354055450318581,0.430674846625767,0.861608920748706,0.204901293396869,0.234823882088434,1,
0.504907869812295,0.457843996494303,0.595380326563122,0.457454050374404,0.380464651511366,1,
0.33304632340279,0.359158632778265,0.61668657905217,0.524846834581348,0.650012490632026,1,
0.363182366109867,0.346187554776512,0.676025487853445,0.850692080780576,0.138895828128903,1,
0.384019287067333,0.394040315512708,0.802270011947431,0.174948944860449,0.467399450412191,1,
0.353538832443603,0.334794040315513,0.750497809637595,0.571363739505332,0.491131651261554,1,
0.386602376442225,0.36441717791411,0.766228594185583,0.22169276151577,0.230077441918561,1,
0.428620630273807,0.48045574057844,0.582039028275587,0.780122532334922,0.172620534599051,1,
0.322369553986568,0.315687992988606,0.774591796097172,0.528931245745405,0.145390956782413,1,
0.35767177544343,0.373006134969325,0.839107925129431,0.190152030859995,0.194354234324257,1,
0.324780437403134,0.35512708150745,0.465352449223417,0.539596097118221,0.32075943042718,1,
0.345617358360599,0.380893952673094,0.785344484269215,0.707510778307238,0.636522608043967,1,
0.333218529361116,0.430850131463628,0.478693747510952,0.793964147946449,0.32075943042718,1,
0.328052350611331,0.36669588080631,0.221624850657109,0.849103698661221,0.085935548338746,1,
0.388841053900465,0.304469763365469,0.749900438072481,0.245972316768777,0.430676992255808,1,
0.382469433442397,0.465907099035933,0.832138590203106,0.560018152938507,0.245815638271297,1,
0.310315136903737,0.311831726555653,0.466348068498606,0.46358066712049,0.244566575068699,1,
0.183915963492337,0.0781770376862401,0.170649143767423,0.161788064442932,0.199350487134649,1,
0.324780437403134,0.317966695880806,0.420549581839904,0.515997277059224,0.32075943042718,1,
0.330635439986223,0.356879929886065,0.57168458781362,0.653732697980486,0.140644516612541,1,
0.336318236610987,0.283786152497809,0.481282357626444,0.6476060812344,0.568823382463153,1,
0.313587050111934,0.362313759859772,0.431700517722023,0.635352847742228,0.32075943042718,1,
0.312898226278629,0.330236634531113,0.510752688172043,0.0769230769230769,0.32075943042718,1,
0.38367487515068,0.398948290972831,0.681600955794504,0.263898343544361,0.588308768423682,1,
0.342173239194076,0.514285714285714,0.692751891676623,0.653051962786476,0.199850112415688,1,
0.377647666609265,0.508150744960561,0.674432497013142,0.701157249829816,0.233574818885836,1,
0.458240055105907,0.526730937773883,0.658900836320191,0.57022918084865,0.502123407444417,1,
0.284139831238161,0.306222611744084,0.546794105933891,0.277739959155888,0.231576317761679,1,
0.322369553986568,0.315512708150745,0.498207885304659,0.725436805082823,0.131901074194354,1,
0.322369553986568,0.324802804557406,0.467343687773795,0.645110052189698,0.32075943042718,1,
0.340623385569141,0.431375985977213,0.788331342094783,0.548899478103018,0.571821134149388,1,
0.470294472188738,0.334969325153374,0.734567901234568,0.706376219650556,0.152885335998002,1,
0.390046495608748,0.437160385626643,0.672043010752688,0.241660993873383,0.691231576317762,1,
0.340106767694162,0.399649430324277,0.857228195937873,0.633764465622873,0.546590057456907,1,
0.332874117444464,0.300087642418931,0.679410593389088,0.700022691173134,0.846864851361479,1,
0.352161184776993,0.395793163891323,0.619275189167662,0.596097118221012,0.415938046465151,1,
0.378336490442569,0.368098159509202,0.774392672242134,0.223508055366462,0.32075943042718,1,
0.317892199070088,0.330236634531113,0.545798486658702,0.77762650329022,0.206095428428678,1,
0.372137075942828,0.374408413672217,0.464755077658303,0.630133877921489,0.530352235823133,1,
0.32856896848631,0.303768624014023,0.487455197132616,0.745405037440436,0.713464901324007,1,
0.319614258653349,0.313935144609991,0.469135802469136,0.540503744043567,0.215088683487384,1,
0.517478904770105,0.371954425942156,0.704500199123855,0.559337417744497,0.461154134399201,1,
0.374203547442741,0.420508326029798,0.82078853046595,0.605627410937145,0.548088933300025,1,
0.446185638023076,0.39193689745837,0.570290720828355,0.551168595416383,0.263302523107669,1,
0.374375753401068,0.456441717791411,0.851652727996814,0.186067619695938,0.518361229078191,1,
0.342345445152402,0.357931638913234,0.573874950219036,0.551395507147719,0.32075943042718,1,
0.534182882727742,0.388957055214724,0.659299084030267,0.672793283412752,0.157881588808394,1,
0.325813673153091,0.342857142857143,0.565909996017523,0.518493306103926,0.620534599050712,1,
0.385741346650594,0.524627519719544,0.748506571087216,0.683685046516905,0.213090182363228,1,
0.310831754778715,0.336722173531989,0.427917164476304,0.175402768323122,0.32075943042718,1,
0.443085930773205,0.529535495179667,0.669653524492234,0.240753346948037,0.26904821383962,1,
0.365593249526434,0.339000876424189,0.716248506571087,0.584070796460177,0.764676492630527,1,
0.280179094196659,0.188781770376862,0.274392672242135,0.707964601769911,0.0249812640519611,1,
0.351988978818667,0.448729184925504,0.818598168060534,0.572498298162015,0.595553334998751,1,
0.323919407611503,0.316564417177914,0.727996814018319,0.148854095756751,0.22408193854609,1,
0.421387980024109,0.412971078001753,0.631023496614894,0.132289539369185,0.750936797401949,1,
0.372825899776132,0.441717791411043,0.648347272003186,0.710460630814613,0.148888333749688,1,
0.371792664026175,0.327432077125329,0.753086419753086,0.609711822101203,0.124656507619286,1,
0.350266919235405,0.702366345311131,0.256272401433692,0.624687996369412,0.228578566075443,1,
0.376614430859308,0.562313759859772,0.666069295101553,0.728386657590197,0.201848613539845,1,
0.336834854485965,0.448729184925504,0.769215452011151,0.234626730201951,0.247814139395453,1,
0.272946443946961,0.354776511831727,0.626045400238949,0.747447243022464,0.32075943042718,1,
0.322541759944894,0.343032427695004,0.688769414575866,0.566825504878602,0.214589058206345,1,
0.44911313931462,0.367922874671341,0.751095181202708,0.773315180394826,0.194853859605296,1,
0.327535732736353,0.337072743207713,0.660493827160494,0.505786249149081,0.605545840619535,1,
0.306009987945583,0.217177914110429,0.402230187176424,0.28477422282732,0.32075943042718,1,
0.404856208024798,0.70692375109553,0.541019514137794,0.563648740639891,0.240819385460904,1,
0.456517995522645,0.305170902716915,0.757666268418956,0.214885409575675,0.405695728203847,1,
0.32633029102807,0.307099035933392,0.502190362405416,0.801906058543227,0.693729702722958,1,
0.346133976235578,0.44487291849255,0.546794105933891,0.870206489675516,0.178616037971521,1,
0.336662648527639,0.363540753724803,0.705495818399044,0.574994327206717,0.432675493379965,1,
0.32856896848631,0.37703768624014,0.612504978096376,0.765373269798049,0.136397701723707,1,
0.434303426898571,0.496932515337423,0.536240541616886,0.656455638756524,0.694728953285036,1,
0.398312381608404,0.419106047326906,0.736758263639984,0.232584524619923,0.245316012990257,1,
0.426898570690546,0.6022787028922,0.71963361210673,0.263671431813025,0.281039220584562,1,
0.412605476149475,0.370727432077125,0.701911589008363,0.850238257317903,0.32075943042718,1,
0.456345789564319,0.32988606485539,0.62405416168857,0.694803721352394,0.694479140644517,1,
0.421560185982435,0.435933391761613,0.521903624054162,0.562060358520535,0.52585560829378,1,
0.378336490442569,0.38159509202454,0.77757865392274,0.590424324937599,0.493130152385711,1,
0.356982951610126,0.460297984224365,0.750298685782557,0.553891536192421,0.651761179115663,1,
0.335457206819356,0.33794916739702,0.498606133014735,0.584070796460177,0.620534599050712,1,
0.317203375236783,0.286590709903593,0.485065710872162,0.699795779441797,0.791906070447165,1,
0.368520750817978,0.360210341805434,0.531660692951015,0.688450192874972,0.0721958531101674,1,
0.371103840192871,0.307975460122699,0.702907208283552,0.695484456546403,0.744941294029478,1,
0.237472016531772,0.12760736196319,0.660892074870569,0.54163830270025,0.229328003997002,1,
0.391251937317031,0.665205959684487,0.59836718438869,0.547084184252326,0.228078940794404,1,
0.308076459445497,0.32182296231376,0.487654320987654,0.641933287950987,0.201348988258806,1,
0.3903909075254,0.321998247151621,0.565710872162485,0.716360335829362,0.16662503122658,1,
0.349750301360427,0.436459246275197,0.743130227001195,0.697526662128432,0.599800149887584,1,
0.346822800068882,0.412971078001753,0.637594583831143,0.803494440662582,0.32075943042718,1,
0.364043395901498,0.662576687116564,0.793906810035842,0.267982754708418,0.267799150637022,1,
0.439469605648355,0.522699386503067,0.820589406610912,0.238938053097345,0.266050462153385,1,
0.386257964525573,0.448028045574058,0.656113102349661,0.790333560245065,0.18561079190607,1,
0.335629412777682,0.401577563540754,0.778176025487853,0.601769911504425,0.32075943042718,1,
0.320303082486654,0.406310254163015,0.46415770609319,0.604492852280463,0.572070946789908,1,
0.42087136214913,0.388431200701139,0.736957387495022,0.722033129112775,0.128903322508119,1,
0.317375581195109,0.264855390008764,0.536041417761848,0.246199228500113,0.116662503122658,1,
0.34871706561047,0.36669588080631,0.509557945041816,0.670297254368051,0.151636272795403,1,
0.33166867573618,0.37931638913234,0.922540820390283,0.172906739278421,0.222832875343492,1,
0.342862063027381,0.390359333917616,0.518518518518518,0.884955752212389,0.117411941044217,1,
0.405028413983124,0.438913234005259,0.705097570688969,0.253687315634218,0.490881838621034,1,
0.437058722231789,0.277826468010517,0.725408203902827,0.533242568640799,0.427679240569573,1,
0.35904942311004,0.350043821209465,0.802270011947431,0.549126389834354,0.51911066699975,1,
0.252281728947822,0.359859772129711,0.535444046196734,0.687315634218289,0.32075943042718,1,
0.428448424315481,0.691323400525855,0.574273197929112,0.506920807805764,0.456157881588808,1,
0.315653521611848,0.321297107800175,0.566507367582636,0.549353301565691,0.201598800899326,1,
0.326846908903048,0.350043821209465,0.515929908403027,0.271613342409803,0.690482138396203,1,
0.332701911486137,0.368624014022787,0.518916766228594,0.732244157022918,0.32075943042718,1,
0.377131048734286,0.427695004382121,0.711668657905217,0.589970501474926,0.576567574319261,1,
0.411744446357844,0.37581069237511,0.765432098765432,0.204674381665532,0.150137396952286,1,
0.348889271568796,0.312708150744961,0.73257666268419,0.722033129112775,0.690482138396203,1,
0.316858963320131,0.287291849255039,0.42552767821585,0.438393464942137,0.55108668498626,1,
0.32633029102807,0.312182296231376,0.515929908403027,0.520535511685954,0.500624531601299,1,
0.462200792147408,0.600175284837862,0.611708482676225,0.535965509416837,0.263302523107669,1,
0.338901325985879,0.330411919368975,0.445041816009558,0.680281370546857,0.497876592555583,1,
0.360943688651627,0.351095530236635,0.969135802469136,0.233038348082596,0.449163127654259,1,
0.32633029102807,0.360736196319018,0.585424133811231,0.787610619469027,0.143642268298776,1,
