541,5,2,
0.347167211985535,0.361612620508326,0.684388689765034,0.644429316995689,0.586060454659006,0,
0.759772688135009,0.299912357581069,0.682397451214655,0.278647606081234,0.28853359980015,0,
0.319958670570002,0.305521472392638,0.462365591397849,0.843203993646471,0.0976767424431676,0,
0.460478732564147,0.420333041191937,0.324372759856631,0.340821420467438,0.306270297277042,0,
0.565352161184777,0.648378615249781,0.267821585025886,0.311322895393692,0.293529852610542,0,
0.329946616152919,0.2965819456617,0.436877737953007,0.581347855684139,0.686485136147889,0,
0.311348372653694,0.319018404907975,0.467343687773795,0.786476060812344,0.747189607794154,0,
0.349750301360427,0.534092900964067,0.482477100756671,0.426820966643976,0.291031726205346,0,
0.613742035474427,0.627870289219982,0.298287534846675,0.412071704107102,0.397951536347739,0,
0.763561219218185,0.319368974583699,0.34189565909996,0.374631268436578,0.33349987509368,0,
0.870673325297055,0.169500438212095,0.336718438868976,0.339459950079419,0.302772920309768,0,
0.395557086275185,0.763365468886941,0.278574273197929,0.427274790106649,0.554833874594054,0,
0.478560358188393,0.591586327782647,0.275587415372362,0.693442250964375,0.207094678990757,0,
0.371964869984501,0.571779141104295,0.600756670649144,0.496482868164284,0.267799150637022,0,
0.771999311176167,0.28501314636284,0.343488649940263,0.378034944406626,0.305520859355483,0,
0.333735147236094,0.57703768624014,0.505973715651135,0.443839346494214,0.32075943042718,0,
0.587566729808851,0.670639789658195,0.274193548387097,0.321987746766508,0.295778166375219,0,
0.417255037024281,0.655915863277826,0.664078056551175,0.275924665305196,0.278291281538846,0,
0.346822800068882,0.80806310254163,0.221823974512147,0.436351259360109,0.276292780414689,0,
0.365248837609781,0.638913234005259,0.582238152130625,0.482641252552757,0.257806645016238,0,
0.367487515068021,0.299386503067485,0.53863002787734,0.582028590878148,0.633275043717212,0,
0.353366626485276,0.433654688869413,0.687574671445639,0.505559337417744,0.191356482638021,0,
0.322025142069916,0.31375985977213,0.479490242931103,0.166326299069662,0.32075943042718,0,
0.648355433097985,0.323575810692375,0.34010354440462,0.390515089630134,0.301773669747689,0,
0.741518856552437,0.187028921998247,0.336519315013939,0.341048332198775,0.347739195603298,0,
0.742896504219046,0.407361963190184,0.432098765432099,0.440435670524166,0.394953784661504,0,
0.648011021181333,0.361262050832603,0.426125049780964,0.469480372135239,0.209093180114914,0,
0.337868090235922,0.502541630148992,0.767025089605735,0.186294531427275,0.483137646764926,0,
0.339245737902531,0.440140227870289,0.824970131421744,0.220558202859088,0.32075943042718,0,
0.379025314275874,0.571603856266433,0.285344484269215,0.310869071931019,0.295778166375219,0,
0.350783537110384,0.439439088518843,0.68478693747511,0.526889040163376,0.221833624781414,0,
0.31375925607026,0.333041191936897,0.640382317801673,0.855911050601316,0.32075943042718,0,
0.368004132943,0.57125328659071,0.594583831142971,0.49217154526889,0.248313764676493,0,
0.537799207852592,0.658369851007888,0.561927518916766,0.484229634672113,0.281538845865601,0,
0.310659548820389,0.31375985977213,0.572481083233771,0.88359428182437,0.32075943042718,0,
0.349578095402101,0.502716914986854,0.75826363998407,0.236442024052643,0.32075943042718,0,
0.333218529361116,0.324978089395267,0.438868976503385,0.568640798729294,0.55783162628029,0,
0.313587050111934,0.334618755477651,0.635404221425727,0.863626049466757,0.32075943042718,0,
0.333390735319442,0.417177914110429,0.81800079649542,0.210800998411618,0.245066200349738,0,
0.348028241777165,0.517966695880806,0.789326961369972,0.23144996596324,0.252060954284287,0,
0.334940588944377,0.317440841367222,0.759458383114297,0.558202859087815,0.472645515863103,0,
0.382125021525745,0.621034180543383,0.281959378733572,0.319491717721806,0.297027229577817,0,
0.475977268813501,0.723400525854514,0.279171644763043,0.312457454050374,0.380464651511366,0,
0.595315997933528,0.402979842243646,0.535444046196734,0.717041071023372,0.208343742193355,0,
0.548820389185466,0.507449605609115,0.682596575069693,0.299523485364193,0.288033974519111,0,
0.335973824694334,0.480280455740578,0.766029470330546,0.236215112321307,0.194604046964776,0,
0.37472016531772,0.626818580192813,0.647749900438072,0.515543453596551,0.266550087434424,0,
0.386602376442225,0.840315512708151,0.266825965750697,0.308373042886317,0.283037721708718,0,
0.48183227139659,0.671866783523225,0.293906810035842,0.325164511005219,0.365975518361229,0,
0.30928190115378,0.291673970201578,0.465153325368379,0.69571136827774,0.32075943042718,0,
0.349061477527122,0.541805433829974,0.477499004380725,0.421601996823236,0.296777416937297,0,
0.267952471155502,0.459070990359334,0.881720430107527,0.171318357159065,0.202348238820884,0,
0.345272946443947,0.573181419807187,0.712863401035444,0.522350805536646,0.233325006245316,0,
0.351988978818667,0.496056091148116,0.551772202309837,0.286362604946676,0.435423432425681,0,
0.43344239710694,0.424364592462752,0.317602548785344,0.391195824824143,0.296277791656258,0,
0.329257792319614,0.44943032427695,0.531859816806053,0.606535057862492,0.21159130652011,0,
0.32942999827794,0.420333041191937,0.761847869374751,0.220558202859088,0.263552335748189,0,
0.663509557430687,0.430148992112182,0.434488251692553,0.334921715452689,0.305271046714964,0,
0.728603409677975,0.300438212094654,0.490442054958184,0.589970501474926,0.236572570572071,0,
0.351816772860341,0.531989482909728,0.482875348466746,0.41547538007715,0.355233574818886,0,
0.338729120027553,0.465907099035933,0.935483870967742,0.152030859995462,0.32075943042718,0,
0.407611503358016,0.768098159509202,0.262046993229789,0.307465395960971,0.28878341244067,0,
0.327880144653005,0.331989482909728,0.8731581043409,0.211481733605627,0.420184861353984,0,
0.438608575856725,0.533567046450482,0.465750696933493,0.429543907420014,0.240319760179865,0,
0.311003960737042,0.312883435582822,0.548387096774194,0.358747447243022,0.32075943042718,0,
0.467883588772171,0.753198948290973,0.284747112704102,0.322895393691854,0.286285286035473,0,
0.35457206819356,0.417879053461876,0.835125448028674,0.181529385069208,0.222583062702973,0,
0.33528500086103,0.345661700262927,0.521704500199124,0.748808713410483,0.564826380214839,0,
0.405717237816428,0.489395267309378,0.714655515730784,0.515089630133878,0.257556832375718,0,
0.518339934561736,0.66432953549518,0.296495420151334,0.325164511005219,0.29502872845366,0,
0.355260892026864,0.302716914986854,0.531859816806053,0.793056501021103,0.165126155383462,0,
0.375064577234372,0.588957055214724,0.793508562325767,0.203993646471523,0.32075943042718,0,
0.560874806268297,0.55512708150745,0.316806053365193,0.332425686407987,0.344741443917062,0,
0.355605303943516,0.341980718667835,0.738550378335325,0.575675062400726,0.222583062702973,0,
0.655415877389358,0.456441717791411,0.327956989247312,0.400045382346267,0.304521608793405,0,
0.33304632340279,0.571428571428571,0.740939864595779,0.201497617426821,0.253310017486885,0,
0.344928534527295,0.479228746713409,0.666268418956591,0.260267755842977,0.266799900074944,0,
0.602548648183227,0.610517090271692,0.521306252489048,0.31404583616973,0.370971771171621,0,
0.340967797485793,0.71375985977213,0.269414575866189,0.310415248468346,0.284286784911317,0,
0.340623385569141,0.659070990359334,0.583233771405814,0.490356251418198,0.388458656007994,0,
0.30928190115378,0.292900964066608,0.425925925925926,0.466757431359201,0.203597302023482,0,
0.88841053900465,0.354425942156003,0.338908801274393,0.340367597004765,0.334499125655758,0,
0.51455140347856,0.640666082383874,0.291517323775388,0.313138189244384,0.364476642518111,0,
0.559669364560014,0.601928133216477,0.479091995221027,0.542319037894259,0.423432425680739,0,
0.514895815395213,0.721647677475898,0.27479091995221,0.298388926707511,0.278291281538846,0,
0.560185982434992,0.492550394390885,0.491636798088411,0.316088041751759,0.291031726205346,0,
0.319786464611676,0.322699386503067,0.520708880923935,0.703653278874518,0.816387709218086,0,
0.481315653521612,0.458895705521472,0.304460374352847,0.328795098706603,0.32075943042718,0,
0.525055966936456,0.686415425065732,0.275388291517324,0.415702291808486,0.430926804896328,0,
0.324091613569829,0.396143733567046,0.843687773795301,0.577717267982755,0.218336247814139,0,
0.8847942138798,0.308676599474145,0.417761847869375,0.498978897208986,0.281538845865601,0,
0.33976235577751,0.586327782646801,0.71505376344086,0.51690492398457,0.32075943042718,0,
0.392112967108662,0.819456617002629,0.239346873755476,0.303154073065577,0.32075943042718,0,
0.57912863785087,0.445398773006135,0.329549980087614,0.383707737690039,0.342243317511866,0,
0.624935422765628,0.377738825591586,0.398446833930705,0.395734059450874,0.360479640269798,0,
0.838126399173411,0.32532865907099,0.33452807646356,0.397776265032902,0.305021234074444,0,
0.362493542276563,0.768273444347064,0.24173636001593,0.289766280916723,0.253060204846365,0,
0.469950060272085,0.56441717791411,0.494026284348865,0.26072157930565,0.60929303022733,0,
0.379714138109179,0.570727432077125,0.850457984866587,0.216700703426367,0.240569572820385,0,
0.353366626485276,0.435933391761613,0.689167662285942,0.499659632402995,0.187109667749188,0,
0.388668847942139,0.590184049079755,0.551174830744723,0.242795552530066,0.758680989258056,0,
0.540898915102462,0.402629272567923,0.441855834328953,0.418879056047198,0.280039970022483,0,
0.483554330979852,0.518317265556529,0.446634806849861,0.286135693215339,0.7694229328004,0,
0.310142930945411,0.290972830850131,0.466547192353644,0.70024960290447,0.608043967024732,0,
0.467883588772171,0.614548641542507,0.618677817602549,0.543907420013615,0.263802148388708,0,
0.355949715860169,0.639263803680982,0.505774591796097,0.481052870433401,0.214089432925306,0,
0.656965731014293,0.418580192813322,0.333930704898447,0.384842296346721,0.305520859355483,0,
0.377819872567591,0.660648553900088,0.274990043807248,0.411617880644429,0.287284536597552,0,
0.367487515068021,0.677651183172656,0.634607726005575,0.273882459723168,0.272545590806895,0,
0.480454623729981,0.578439964943032,0.28036638789327,0.401633764465623,0.292780414688983,0,
0.333562941277768,0.41034180543383,0.825169255276782,0.166099387338325,0.32075943042718,0,
0.353366626485276,0.500964066608238,0.723416965352449,0.578851826639437,0.602048463652261,0,
0.837093163423454,0.190008764241893,0.405017921146953,0.339233038348083,0.341993504871347,0,
0.317547787153435,0.385977212971078,0.7610513739546,0.614476968459269,0.187359480389708,0,
0.359221629068366,0.407537248028046,0.864396654719235,0.207851145904243,0.245316012990257,0,
0.331840881694507,0.405609114811569,0.861409796893668,0.167687769457681,0.47464401698726,0,
0.366282073359738,0.503067484662577,0.477698128235763,0.314953483095076,0.290032475643268,0,
0.400378853108318,0.556879929886065,0.515133412982875,0.431132289539369,0.367474394204347,0,
0.356121921818495,0.764241893076249,0.227598566308244,0.466757431359201,0.491131651261554,0,
0.343550886860685,0.436634531113059,0.926125049780964,0.208531881098253,0.32075943042718,0,
0.618047184432581,0.409465381244522,0.458383114297093,0.441797140912185,0.276042967774169,0,
0.355260892026864,0.368273444347064,0.846674631620868,0.716814159292035,0.190107419435423,0,
0.40743929739969,0.544960560911481,0.289326961369972,0.327660540049921,0.30102423182613,0,
0.807645944549681,0.286765994741455,0.332337714058144,0.319945541184479,0.28828378715963,0,
0.349061477527122,0.516213847502191,0.27937076861808,0.431586113002042,0.289283037721709,0,
0.335801618736008,0.416827344434706,0.932297889287137,0.194463353755389,0.32075943042718,0,
0.42672636473222,0.414548641542507,0.543010752688172,0.286816428409349,0.279790157381964,0,
0.365076631651455,0.67589833479404,0.283552369573875,0.412525527569775,0.280289782663003,0,
0.440847253314965,0.699035933391762,0.283950617283951,0.317903335602451,0.288033974519111,0,
0.330463234027897,0.682033304119194,0.508960573476703,0.437485818016791,0.377466899825131,0,
0.320303082486654,0.452059596844873,0.630824372759857,0.457680962105741,0.276042967774169,0,
0.417255037024281,0.359333917616126,0.813620071684588,0.20739732244157,0.420934299275543,0,
0.325985879111417,0.296231375985977,0.474711270410195,0.140004538234627,0.714963777167125,0,
0.33976235577751,0.595968448729185,0.487853444842692,0.42977081915135,0.32075943042718,0,
0.490614775271224,0.427169149868536,0.328355236957388,0.340594508736102,0.309018236322758,0,
0.277423798863441,0.192813321647677,0.265830346475508,0.660993873383254,0.638770921808644,0,
0.346306182193904,0.594566170026293,0.264834727200319,0.435897435897436,0.32075943042718,0,
0.441536077148269,0.702541630148992,0.266626841895659,0.317676423871114,0.290781913564826,0,
0.309626313070432,0.299386503067485,0.418558343289526,0.252325845246199,0.32075943042718,0,
0.417427242982607,0.659947414548642,0.267622461170848,0.426820966643976,0.248563577317012,0,
0.729981057344584,0.451183172655565,0.31063321385902,0.391876560018153,0.387959030726955,0,
0.352333390735319,0.394741454864154,0.84010354440462,0.600181529385069,0.425430926804896,0,
0.402100912691579,0.767922874671341,0.521505376344086,0.429090083957341,0.370971771171621,0,
0.606853797141381,0.337248028045574,0.397451214655516,0.385296119809394,0.350986759930052,0,
0.39624591010849,0.558808063102542,0.280565511748307,0.307692307692308,0.32075943042718,0,
0.376614430859308,0.511656441717791,0.71226602947033,0.514862718402541,0.218336247814139,0,
0.768210780092991,0.281682734443471,0.39984070091597,0.40639891082369,0.302023482388209,0,
0.339934561735836,0.795267309377739,0.262046993229789,0.452008168822328,0.529103172620535,0,
0.408989151024625,0.496406660823839,0.62962962962963,0.509643748581802,0.540094928803397,0,
0.341312209402445,0.537423312883436,0.527279968140183,0.433401406852734,0.360979265550837,0,
0.313931462028586,0.335319894829097,0.532058940661091,0.925119128658952,0.12165875593305,0,
0.388324436025486,0.706748466257669,0.515133412982875,0.29975039709553,0.28178865850612,0,
0.484759772688135,0.628921998247152,0.29410593389088,0.421148173360563,0.28178865850612,0,
0.424315481315654,0.717440841367222,0.273795300677021,0.309280689811663,0.287784161878591,0,
0.362321336318237,0.412971078001753,0.906610911987256,0.177444973905151,0.236322757931551,0,
0.332185293611159,0.648904469763365,0.587017124651533,0.248014522350806,0.265051211591307,0,
0.34871706561047,0.421384750219106,0.59557945041816,0.533242568640799,0.26929802648014,0,
0.431892543482004,0.765644171779141,0.2463162086818,0.499659632402995,0.255808143892081,0,
0.801102118133287,0.442418930762489,0.448626045400239,0.464488314045836,0.280539595303522,0,
0.447907697606337,0.717616126205083,0.528076463560335,0.297027456319492,0.283787159630277,0,
0.351988978818667,0.547589833479404,0.826961369972123,0.216473791695031,0.25006245316013,0,
0.366798691234717,0.678001752848379,0.578653922739944,0.249375992738825,0.32075943042718,0,
0.474599621146892,0.559684487291849,0.296296296296296,0.406625822555026,0.354234324256807,0,
0.355260892026864,0.712357581069238,0.28673835125448,0.316768776945768,0.362977766674994,0,
0.334596177027725,0.410867659947415,0.799283154121864,0.174041297935103,0.32075943042718,0,
0.381952815567419,0.716213847502191,0.544205495818399,0.287950987066031,0.279290532100924,0,
0.314448079903565,0.31603856266433,0.609518120270808,0.890401633764466,0.32075943042718,0,
0.567246426726365,0.333917616126205,0.397650338510554,0.393464942137508,0.33949537846615,0,
0.414671947649389,0.308851884312007,0.54320987654321,0.297481279782165,0.296277791656258,0,
0.333735147236094,0.312182296231376,0.679410593389088,0.671885636487406,0.49362977766675,0,
0.3568107456518,0.553198948290973,0.594583831142971,0.258906285454958,0.32075943042718,0,
0.313931462028586,0.359859772129711,0.503783353245719,0.716133424098026,0.32075943042718,0,
0.642672636473222,0.324452234881683,0.386499402628435,0.393238030406172,0.273045216087934,0,
0.383330463234028,0.66783523225241,0.645758661887694,0.499886544134332,0.32075943042718,0,
0.371103840192871,0.916564417177914,0.236160892074871,0.278647606081234,0.283287534349238,0,
0.355949715860169,0.500087642418931,0.675627240143369,0.587928295892898,0.58306270297277,0,
0.404856208024798,0.587204206836109,0.597172441258463,0.280689811663263,0.27579315513365,0,
0.541415532977441,0.466783523225241,0.427917164476304,0.335148627184025,0.350736947289533,0,
0.326846908903048,0.52182296231376,0.503783353245719,0.43430905377808,0.36547589308019,0,
0.475460650938522,0.788781770376862,0.237355635205098,0.304742455184933,0.361229078191356,0,
0.602032030308249,0.337773882559159,0.389884508164078,0.406625822555026,0.284786410192356,0,
0.541759944894093,0.47817703768624,0.307248108323377,0.331744951213978,0.350736947289533,0,
0.407955915274668,0.578965819456617,0.703504579848666,0.261175402768323,0.32075943042718,0,
0.435508868606854,0.554776511831727,0.287136598964556,0.413206262763785,0.253559830127404,0,
0.1263991734114,0.465030674846626,0.297491039426523,0.318810982527797,0.283287534349238,0,
0.453246082314448,0.635758106923751,0.265432098765432,0.312911277513047,0.32075943042718,0,
0.254003788531083,0.610867659947415,0.270808442851454,0.299977308826866,0.32075943042718,0,
0.324608231444808,0.32182296231376,0.568100358422939,0.783526208304969,0.130652010991756,0,
0.401928706733253,0.634355828220859,0.539028275587415,0.278647606081234,0.368973270047464,0,
0.436025486481832,0.773356704645048,0.243727598566308,0.471522577717268,0.399200599550337,0,
0.483382125021526,0.5011393514461,0.295698924731183,0.333106421601997,0.300524606545091,0,
0.552608920268641,0.427695004382121,0.32994822779769,0.341502155661448,0.337996502623033,0,
0.563974513518168,0.51726555652936,0.517921146953405,0.449058316314954,0.419185610791906,0,
0.483554330979852,0.439789658194566,0.432696136997212,0.3380984796914,0.33999500374719,0,
0.350783537110384,0.544609991235758,0.830545599362803,0.213750850918992,0.249313015238571,0,
0.379369726192526,0.702541630148992,0.240740740740741,0.295665985931473,0.276292780414689,0,
0.835198897881867,0.327256792287467,0.408203902827559,0.407760381211709,0.305520859355483,0,
0.308248665403823,0.287116564417178,0.448626045400239,0.688677104606308,0.604296777416937,0,
0.312553814361977,0.342681858019281,0.467144563918757,0.521896982073973,0.503372470647015,0,
0.610642328224557,0.314460999123576,0.393866985264835,0.384615384615385,0.347489382962778,0,
0.331324263819528,0.420508326029798,0.819792911190761,0.190832766054005,0.206844866350237,0,
0.325297055278113,0.296231375985977,0.468140183193947,0.179714091218516,0.704721458905821,0,
0.267435853280523,0.476774758983348,0.676224611708483,0.235534377127297,0.32075943042718,0,
0.691923540554503,0.281858019281332,0.699123855037833,0.268663489902428,0.387959030726955,0,
0.757534010676769,0.186327782646801,0.342094782954998,0.380077149988654,0.308518611041719,0,
0.473049767521956,0.686415425065732,0.273994424532059,0.295892897662809,0.556082937796653,0,
0.324436025486482,0.451007887817704,0.711668657905217,0.245518493306104,0.268298775918061,0,
0.311864990528672,0.330411919368975,0.633612106730386,0.82051282051282,0.155383462403198,0,
0.407267091441364,0.666608238387379,0.486658701712465,0.66712049012934,0.229577816637522,0,
0.741002238677458,0.431551270815074,0.566109119872561,0.469026548672566,0.286035473394954,0,
0.492853452729464,0.361963190184049,0.411389884508164,0.405945087361017,0.298775918061454,0,
0.447046667814706,0.579491673970202,0.479689366786141,0.295439074200136,0.672495628278791,0,
0.333562941277768,0.490446976336547,0.768618080446037,0.582482414340821,0.620034973769673,0,
0.339073531944205,0.296056091148116,0.494623655913978,0.872702518720218,0.144641518860854,0,
0.887549509213019,0.342156003505697,0.557745917960972,0.305423190378943,0.298276292780415,0,
0.357843981401756,0.404732690622261,0.881123058542413,0.217381438620377,0.238071446415189,0,
0.304976752195626,0.287291849255039,0.466746316208682,0.45836169729975,0.426180364726455,0,
0.363182366109867,0.371078001752848,0.610513739545998,0.755162241887906,0.191606295278541,0,
0.916824522128466,0.18965819456617,0.451413779370769,0.397549353301566,0.303522358231327,0,
0.460134320647494,0.496406660823839,0.316806053365193,0.335829362378035,0.34599050711966,0,
0.389874289650422,0.77475898334794,0.604141776184787,0.501701837985024,0.261553834624032,0,
0.818839331840882,0.321647677475898,0.338510553564317,0.341729067392784,0.308518611041719,0,
0.458412261064233,0.584224364592463,0.286140979689367,0.319491717721806,0.293030227329503,0,
0.408128121232995,0.780192813321648,0.248307447232178,0.294077603812117,0.229328003997002,0,
0.404339590149819,0.844171779141104,0.25547590601354,0.436805082822782,0.388958281289033,0,
0.258825555364216,0.578264680105171,0.506969334926324,0.466984343090538,0.32075943042718,0,
0.528672292061305,0.590534618755478,0.292114695340502,0.407306557749036,0.37821633774669,0,
0.356294127776821,0.54601226993865,0.588809239346874,0.257090991604266,0.32075943042718,0,
0.691923540554503,0.552673093777388,0.292114695340502,0.583616972997504,0.249562827879091,0,
0.338384708110901,0.526730937773883,0.523496614894464,0.432266848196052,0.360229827629278,0,
0.374031341484415,0.611568799298861,0.288331342094783,0.277739959155888,0.723207594304272,0,
0.412088858274496,0.581419807186678,0.301274392672242,0.399364647152258,0.292280789407944,0,
0.798346822800069,0.370727432077125,0.337514934289128,0.379850238257318,0.335998001498876,0,
0.330291028069571,0.489044697633655,0.667861409796894,0.240072611754028,0.32075943042718,0,
0.380402961942483,0.302541630148992,0.49542015133413,0.323349217154527,0.32075943042718,0,
0.335457206819356,0.349517966695881,0.508164078056551,0.176310415248468,0.891831126655009,0,
0.343895298777338,0.307624890446976,0.699123855037833,0.597912412071704,0.600549587809143,0,
0.332013087652833,0.313234005258545,0.687176423735564,0.649648286816428,0.498626030477142,0,
0.33166867573618,0.444697633654689,0.308442851453604,0.457454050374404,0.458156382712965,0,
0.905975546753918,0.184049079754601,0.398645957785743,0.341275243930111,0.337247064701474,0,
0.33752367831927,0.345661700262927,0.516129032258065,0.626730201951441,0.32075943042718,0,
0.543826416394007,0.35407537248028,0.33731581043409,0.388472884048105,0.350237322008494,0,
0.481143447563286,0.627519719544259,0.275189167662286,0.433628318584071,0.552835373469898,0,
0.323919407611503,0.42524101665206,0.524293110314616,0.631722260040844,0.32075943042718,0,
0.577578784225934,0.498510078878177,0.498407009159697,0.521216246879964,0.527104671496378,0,
0.448424315481316,0.340753724802805,0.695539625647152,0.554799183117767,0.466899825131152,0,
0.356294127776821,0.534618755477651,0.640979689366786,0.244837758112094,0.25031226580065,0,
0.580161873600826,0.551971954425942,0.296495420151334,0.332425686407987,0.297277042218336,0,
0.399173411400034,0.410692375109553,0.796694544006372,0.267755842977082,0.453909567824132,0,
0.477699328396762,0.65749342681858,0.283552369573875,0.31404583616973,0.285286035473395,0,
0.335801618736008,0.292900964066608,0.50457984866587,0.848422963467211,0.32075943042718,0,
0.314448079903565,0.375284837861525,0.620270808442851,0.742682096664397,0.32075943042718,0,
0.389702083692096,0.685363716038563,0.285941855834329,0.320172452915816,0.289782663002748,0,
0.342345445152402,0.512357581069238,0.554161688570291,0.452461992285001,0.277292030976767,0,
0.415705183399346,0.698510078878177,0.270011947431302,0.414567733151804,0.281039220584562,0,
0.468572412605476,0.646450482033304,0.287733970529669,0.410483321987747,0.280289782663003,0,
0.504219045978991,0.391060473269062,0.416965352449223,0.383253914227366,0.341244066949788,0,
0.351988978818667,0.429097283085013,0.841497411389884,0.626049466757431,0.218336247814139,0,
0.382469433442397,0.789307624890447,0.262246117084827,0.432266848196052,0.468898326255309,0,
0.645944549681419,0.461524978089395,0.329549980087614,0.399591558883594,0.305271046714964,0,
0.316858963320131,0.407186678352323,0.807646356033453,0.195144088949399,0.250562078441169,0,
0.332529705527811,0.507099035933392,0.624651533253684,0.466303607896528,0.257556832375718,0,
0.66919235405545,0.481682734443471,0.289924332935086,0.331291127751305,0.299525355983013,0,
0.321336318236611,0.385626643295355,0.793707686180804,0.168822328114364,0.221333999500375,0,
0.348544859652144,0.462226117440841,0.554161688570291,0.291127751304742,0.453659755183612,0,
0.400551059066644,0.638737949167397,0.515531660692951,0.452008168822328,0.244566575068699,0,
0.632340278973652,0.688343558282209,0.281162883313421,0.427501701837985,0.370721958531102,0,
0.361976924401584,0.591411042944785,0.298088410991637,0.319037894259133,0.297776667499375,0,
0.341140003444119,0.530411919368975,0.495021903624054,0.419105967778534,0.292030976767424,0,
0.264680557947305,0.176336546888694,0.217244125846276,0.641025641025641,0.149887584311766,0,
0.519717582228345,0.716914986853637,0.267821585025886,0.319491717721806,0.289532850362228,0,
0.311864990528672,0.309728308501315,0.261449621664675,0.872021783526208,0.132900324756433,0,
0.357843981401756,0.527256792287467,0.738749502190362,0.589516678012253,0.554833874594054,0,
0.260375408989151,0.437160385626643,0.772003185981681,0.189698207397322,0.227579315513365,0,
0.425865334940589,0.855915863277826,0.231182795698925,0.302019514408895,0.285785660754434,0,
0.410366798691235,0.510429447852761,0.537833532457188,0.269117313365101,0.750437172120909,0,
0.400895470983296,0.508676599474145,0.306252489048188,0.392330383480826,0.304271796152885,0,
0.382641639400723,0.43680981595092,0.780167264038232,0.230542319037894,0.260804396702473,0,
0.377475460650939,0.544960560911481,0.609916367980884,0.460403902881779,0.272795403447414,0,
0.343034268985707,0.417703768624014,0.852648347272003,0.210800998411618,0.236322757931551,0,
0.363871189943172,0.512532865907099,0.876344086021505,0.233945995007942,0.244816387709218,0,
0.88703289133804,0.180718667835232,0.498805256869773,0.405037440435671,0.303022732950287,0,
0.433097985190288,0.380718667835232,0.40163281561131,0.377354209212616,0.341743692230827,0,
0.719648699845015,0.340578439964943,0.343090402230187,0.344225096437486,0.309767674244317,0,
0.351644566902015,0.47817703768624,0.841696535244922,0.207851145904243,0.32075943042718,0,
0.418460478732564,0.745836985100789,0.264237355635205,0.315861130020422,0.287534349238071,0,
0.425693128982263,0.757581069237511,0.551174830744723,0.285908781484003,0.37172120909318,0,
0.405889443774755,0.318492550394391,0.524691358024691,0.814386203766735,0.180614539095678,0,
0.511623902187016,0.538124452234882,0.300278773397053,0.267075107783072,0.693979515363477,0,
0.307732047528844,0.335144609991236,0.229589804858622,0.898797367823917,0.32075943042718,0,
0.46616152918891,0.731113058720421,0.278574273197929,0.45450419786703,0.474893829627779,0,
0.489753745479594,0.70464504820333,0.28036638789327,0.31926480599047,0.29477891581314,0,
0.328224556569657,0.429097283085013,0.621067303863003,0.471749489448604,0.259305520859355,0,
0.501980368520751,0.425591586327783,0.315013938669853,0.340140685273429,0.305770671996003,0,
0.399173411400034,0.699211218229623,0.568299482277977,0.442024052643522,0.32075943042718,0,
0.733597382469433,0.189833479404032,0.340501792114695,0.384161561152712,0.306270297277042,0,
0.554330979851903,0.477125328659071,0.316806053365193,0.388926707510778,0.300524606545091,0,
0.689168245221285,0.294127957931639,0.345081640780565,0.346948037213524,0.332000999250562,0,
0.336146030652661,0.670464504820333,0.257467144563919,0.437485818016791,0.286535098675993,0,
0.485276390563113,0.675723049956179,0.293906810035842,0.324483775811209,0.367974019485386,0,
0.70415016359566,0.344609991235758,0.341696535244922,0.388245972316769,0.30751936047964,0,
0.375753401067677,0.449255039439088,0.870171246515333,0.198774676650783,0.249063202598051,0,
0.404167384191493,0.795617879053462,0.266825965750697,0.308146131154981,0.284286784911317,0,
0.35095574306871,0.30920245398773,0.70310633213859,0.647832992965736,0.566575068698476,0,
0.801790941966592,0.295705521472393,0.648944643568299,0.298388926707511,0.28878341244067,0,
0.319442052695023,0.377212971078002,0.532457188371167,0.800998411617881,0.1541343992006,0,
0.589460995350439,0.61262050832603,0.287933094384707,0.294985250737463,0.501373969522858,0,
0.900637162045807,0.18510078878177,0.399044205495818,0.341048332198775,0.338496127904072,0,
0.962975718959876,0.190359333917616,0.460175228992433,0.329929657363286,0.304271796152885,0,
0.412949888066127,0.561262050832603,0.293110314615691,0.398003176764239,0.300524606545091,0,
0.816428448424315,0.475021910604733,0.310234966148945,0.515543453596551,0.276042967774169,0,
0.748407094885483,0.404382120946538,0.333333333333333,0.337871567960064,0.311016737446915,0,
0.347339417943861,0.463628396143734,0.760454002389486,0.218969820739732,0.438670996752436,0,
0.278284828655071,0.309377738825592,0.572680207088809,0.358747447243022,0.32075943042718,0,
0.26760805923885,0.593689745836985,0.562126642771804,0.458815520762423,0.32075943042718,0,
0.377819872567591,0.541630148992112,0.610911987256073,0.461765373269798,0.273794654009493,0,
0.458928878939211,0.595793163891323,0.622859418558343,0.491036986612208,0.534599050711966,0,
0.502496986395729,0.535845749342682,0.314018319394663,0.333787156796006,0.345490881838621,0,
0.390046495608748,0.818930762489045,0.242333731581043,0.529158157476742,0.253310017486885,0,
0.459273290855864,0.622611744084137,0.305057745917961,0.325845246199229,0.294029477891581,0,
0.352333390735319,0.546187554776512,0.488251692552768,0.419559791241207,0.354983762178366,0,
0.319958670570002,0.315863277826468,0.456192751891677,0.535284774222827,0.32075943042718,0,
0.50111933872912,0.653111305872042,0.264834727200319,0.424098025867937,0.283287534349238,0,
0.315481315653522,0.318317265556529,0.581640780565512,0.566371681415929,0.32075943042718,0,
0.546237299810573,0.543382997370727,0.293906810035842,0.330837304288632,0.30152385710717,0,
0.336490442569313,0.584399649430324,0.565113500597372,0.496482868164284,0.678740944291781,0,
0.421732391940761,0.679228746713409,0.471127041019514,0.665759019741321,0.238071446415189,0,
0.443258136731531,0.763716038562664,0.264237355635205,0.413886997957794,0.440669497876593,0,
0.413122094024453,0.634881682734443,0.496415770609319,0.450192874971636,0.223082687984012,0,
0.366798691234717,0.814548641542507,0.247710075667065,0.30428863172226,0.283037721708718,0,
0.499913897020837,0.628045574057844,0.292114695340502,0.32312230542319,0.293779665251062,0,
0.378853108317548,0.541454864154251,0.606531262445241,0.461765373269798,0.365725705720709,0,
0.330635439986223,0.410166520595968,0.824970131421744,0.608804175175857,0.23107669248064,0,
0.700017220595833,0.282033304119194,0.394464356829948,0.393918765600182,0.306020484636523,0,
0.35543309798519,0.383172655565294,0.775388291517324,0.217608350351713,0.240819385460904,0,
0.368520750817978,0.403856266432954,0.906810035842294,0.651463580667121,0.217586809892581,0,
0.387463406233856,0.814548641542507,0.242333731581043,0.506240072611754,0.539345490881839,0,
0.75167900809368,0.378790534618756,0.574870569494225,0.296119809394146,0.290282288283787,0,
0.392112967108662,0.72410166520596,0.276383910792513,0.630360789652825,0.233574818885836,0,
0.418460478732564,0.675547765118317,0.498606133014735,0.455411844792376,0.200599550337247,0,
0.913208197003616,0.326906222611744,0.44942254082039,0.336737009303381,0.306520109917562,0,
0.367831926984674,0.80578439964943,0.260852250099562,0.435443612434763,0.490132400699475,0,
0.361804718443258,0.378264680105171,0.747311827956989,0.0846380757885183,0.212340744441669,0,
0.77320475288445,0.411218229623138,0.445838311429709,0.507601542999773,0.279290532100924,0,
0.274840709488548,0.329184925503944,0.632218239745121,0.799410029498525,0.111916062952785,0,
0.412088858274496,0.648203330411919,0.2463162086818,0.429543907420014,0.360479640269798,0,
0.338729120027553,0.468185801928133,0.557745917960972,0.470388019060585,0.280789407944042,0,
0.470294472188738,0.517791411042945,0.305256869772999,0.397549353301566,0.296027979015738,0,
0.346306182193904,0.695179666958808,0.270808442851454,0.314953483095076,0.254559080689483,0,
0.715171344928534,0.388255915863278,0.439466348068499,0.443839346494214,0.427929053210092,0,
0.317031169278457,0.29307624890447,0.434687375547591,0.578624914908101,0.784161878591057,0,
0.325985879111417,0.350920245398773,0.638590203106332,0.72884048105287,0.172620534599051,0,
0.322025142069916,0.470289219982471,0.526284348864994,0.43430905377808,0.32075943042718,0,
0.332185293611159,0.427519719544259,0.759259259259259,0.599727705922396,0.32075943042718,0,
0.311003960737042,0.312357581069238,0.559936280366388,0.755389153619242,0.32075943042718,0,
0.545204064060617,0.394566170026293,0.328753484667463,0.342182890855457,0.33974519110667,0,
0.351644566902015,0.614022787028922,0.295499800876145,0.425459496255956,0.290282288283787,0,
0.331496469777854,0.670289219982471,0.250099561927519,0.421828908554572,0.364476642518111,0,
0.350783537110384,0.702716914986854,0.502588610115492,0.430678466076696,0.369223082687984,0,
0.38952987773377,0.410166520595968,0.776184786937475,0.271840254141139,0.452660504621534,0,
0.824349922507319,0.17931638913234,0.392871365989646,0.342409802586794,0.334998750936797,0,
0.319269846736697,0.323751095530237,0.459378733572282,0.237576582709326,0.32075943042718,0,
0.496814189770966,0.62524101665206,0.268020708880924,0.319945541184479,0.32075943042718,0,
0.416738419149303,0.54601226993865,0.268418956591,0.307238484229635,0.396452660504622,0,
0.340795591527467,0.520595968448729,0.535244922341696,0.433855230315407,0.291281538845866,0,
0.715687962803513,0.401577563540754,0.499601752289924,0.551395507147719,0.25655758181364,0,
0.310315136903737,0.337072743207713,0.482676224611708,0.549807125028364,0.520609542842868,0,
0.725848114344756,0.293952673093777,0.53126244524094,0.690719310188337,0.227829128153885,0,
0.333735147236094,0.515687992988606,0.605933890880127,0.248241434082142,0.32075943042718,0,
0.509385224728776,0.541279579316389,0.452608522500996,0.286362604946676,0.720209842618036,0,
0.334940588944377,0.407887817703769,0.982078853046595,0.184706149307919,0.23082687984012,0,
0.621491303599105,0.483610867659947,0.414774990043807,0.388019060585432,0.302273295028728,0,
0.35319442052695,0.465907099035933,0.576662684189566,0.469480372135239,0.267549337996503,0,
0.46168417427243,0.619631901840491,0.483273596176822,0.699115044247788,0.211091681239071,0,
0.419838126399173,0.579842243645925,0.303863002787734,0.402541411390969,0.291281538845866,0,
0.724987084553125,0.194566170026293,0.405416168857029,0.394826412525528,0.297776667499375,0,
0.370587222317892,0.628921998247152,0.615292712066906,0.5214431586113,0.259555333499875,0,
0.555880833476838,0.327256792287467,0.398645957785743,0.392557295212162,0.338246315263552,0,
0.461339762355777,0.451183172655565,0.508363201911589,0.781030179260268,0.191606295278541,0,
0.378680902359222,0.755477651183173,0.229589804858622,0.44860449285228,0.281289033225081,0,
0.554158773893577,0.440666082383874,0.451413779370769,0.415021556614477,0.27579315513365,0,
0.311003960737042,0.367046450482033,0.720430107526882,0.549807125028364,0.424681488883337,0,
0.31152057861202,0.315337423312883,0.516726403823178,0.514181983208532,0.480139895078691,1,
0.320303082486654,0.406310254163015,0.46415770609319,0.604492852280463,0.572070946789908,1,
0.337179266402618,0.440841367221735,0.788132218239745,0.20739732244157,0.214838870846865,1,
0.405717237816428,0.81034180543383,0.252688172043011,0.522577717267983,0.415188608543592,1,
0.35767177544343,0.373006134969325,0.839107925129431,0.190152030859995,0.194354234324257,1,
0.398312381608404,0.72410166520596,0.496415770609319,0.569094622191967,0.460654509118161,1,
0.388841053900465,0.304469763365469,0.749900438072481,0.245972316768777,0.430676992255808,1,
0.323574995694851,0.386503067484663,0.501991238550378,0.706149307919219,0.32075943042718,1,
0.457895643189254,0.636108676599474,0.601354042214257,0.442477876106195,0.276792405695728,1,
0.373686929567763,0.473269062226117,0.787335722819594,0.645563875652371,0.1668748438671,1,
0.343895298777338,0.348466257668712,0.844086021505376,0.179714091218516,0.575568323757182,1,
0.315481315653522,0.322874671340929,0.49542015133413,0.737236215112321,0.152385710716962,1,
0.378680902359222,0.390534618755478,0.231780167264038,0.213977762650329,0.398950786909818,1,
0.368692956776304,0.371779141104295,0.744125846276384,0.577036532788745,0.722208343742193,1,
0.40967797485793,0.344609991235758,0.746913580246914,0.568867710460631,0.454409193105171,1,
0.362665748234889,0.683786152497809,0.763042612504978,0.265032902201044,0.276542593055209,1,
0.395901498191837,0.768448729184926,0.548785344484269,0.492625368731563,0.257057207094679,1,
0.341656621319098,0.394390885188431,0.496814018319395,0.510324483775811,0.539095678241319,1,
0.391251937317031,0.46205083260298,0.654520111509359,0.798048559110506,0.195603297526855,1,
0.315136903736869,0.341805433829974,0.560732775786539,0.842069434989789,0.122658006495129,1,
0.517478904770105,0.371954425942156,0.704500199123855,0.559337417744497,0.461154134399201,1,
0.318408816945066,0.348466257668712,0.452011150935882,0.425913319718629,0.560079940044966,1,
0.361976924401584,0.348115687992989,0.668857029072083,0.760154299977309,0.14763927054709,1,
0.338384708110901,0.421735319894829,0.802867383512545,0.206035852053551,0.113165126155383,1,
0.382641639400723,0.327081507449606,0.676622859418558,0.629680054458815,0.605046215338496,1,
0.464095057688996,0.556178790534619,0.5221027479092,0.705922396187883,0.20534599050712,1,
0.342173239194076,0.514285714285714,0.692751891676623,0.653051962786476,0.199850112415688,1,
0.431720337523678,0.61262050832603,0.505177220230984,0.549353301565691,0.465650761928554,1,
0.311692784570346,0.342331288343558,0.54500199123855,0.862491490810075,0.32075943042718,1,
0.315825727570174,0.302541630148992,0.467343687773795,0.677331518039483,0.32075943042718,1,
0.340106767694162,0.399649430324277,0.857228195937873,0.633764465622873,0.546590057456907,1,
0.385224728775616,0.426117440841367,0.702508960573477,0.665078284547311,0.32075943042718,1,
0.375925607026003,0.692199824715162,0.512146555157308,0.547991831177672,0.49337996502623,1,
0.369037368692957,0.356178790534619,0.514137793707686,0.64692534604039,0.550587059705221,1,
0.482004477354916,0.555652936021034,0.569095977698128,0.669389607442705,0.20534599050712,1,
0.381780609609092,0.428571428571429,0.863600159299084,0.615611527115952,0.231326505121159,1,
0.316342345445152,0.323575810692375,0.514336917562724,0.72430224642614,0.32075943042718,1,
0.376614430859308,0.562313759859772,0.666069295101553,0.728386657590197,0.201848613539845,1,
0.359566040985018,0.333742331288344,0.510951812027081,0.708191513501248,0.595553334998751,1,
0.316170139486826,0.312883435582822,0.452409398645958,0.243022464261402,0.60929303022733,1,
0.457895643189254,0.364943032427695,0.68379131819992,0.572498298162015,0.695228578566076,1,
0.388496641983813,0.588431200701139,0.530465949820788,0.298842750170184,0.25655758181364,1,
0.326674702944722,0.429798422436459,0.487056949422541,0.628999319264806,0.528353734698976,1,
0.355949715860169,0.525854513584575,0.282954998008761,0.279101429543907,0.476642518111416,1,
0.350783537110384,0.464855390008764,0.667861409796894,0.517812570909916,0.206595053709718,1,
0.311864990528672,0.302191060473269,0.522301871764237,0.513728159745859,0.32075943042718,1,
0.45720681935595,0.485889570552147,0.683193946634807,0.521216246879964,0.492880339745191,1,
0.632168073015326,0.636108676599474,0.280963759458383,0.327660540049921,0.298526105420934,1,
0.37695884277596,0.748641542506573,0.492831541218638,0.5357385976855,0.509617786660005,1,
0.330635439986223,0.356879929886065,0.57168458781362,0.653732697980486,0.140644516612541,1,
0.367143103151369,0.340403155127081,0.757467144563919,0.203993646471523,0.434923807144642,1,
0.334940588944377,0.360035056967572,0.58641975308642,0.753346948037213,0.125655758181364,1,
0.404167384191493,0.707449605609115,0.248307447232178,0.442477876106195,0.460654509118161,1,
0.52040640606165,0.626643295354952,0.580446037435285,0.512820512820513,0.274044466650012,1,
0.467194764938867,0.637510955302366,0.642970927917164,0.528477422282732,0.26904821383962,1,
0.342173239194076,0.397020157756354,0.715252887295898,0.224188790560472,0.231576317761679,1,
0.346822800068882,0.440490797546012,0.680605336519315,0.659859314726571,0.165126155383462,1,
0.413294299982779,0.658545135845749,0.6121067303863,0.481733605627411,0.517112165875593,1,
0.303254692612364,0.281156879929886,0.499601752289924,0.302473337871568,0.252060954284287,1,
0.379541932150852,0.484136722173532,0.67184388689765,0.272974812797822,0.261054209342993,1,
0.356466333735147,0.318141980718668,0.694544006371963,0.96165191740413,0.124656507619286,1,
0.393318408816945,0.380368098159509,0.754281162883313,0.571817562968005,0.660004996252811,1,
0.450146375064577,0.536546888694128,0.4852648347272,0.309507601543,0.293280039970022,1,
0.3159979335285,0.25749342681858,0.332536837913182,0.208304969366916,0.62852860354734,1,
0.337351472360944,0.383523225241017,0.51931501393867,0.821420467438167,0.32075943042718,1,
0.371964869984501,0.796669588080631,0.60015929908403,0.519854776491945,0.26929802648014,1,
0.306526605820561,0.278702892199825,0.53584229390681,0.466757431359201,0.201099175618286,1,
0.31375925607026,0.353374233128834,0.442254082039028,0.191740412979351,0.32075943042718,1,
0.309626313070432,0.35407537248028,0.421545201115094,0.56569094622192,0.651011741194104,1,
0.328052350611331,0.350219106047327,0.658502588610115,0.644202405264352,0.74993754683987,1,
0.312726020320303,0.316213847502191,0.510951812027081,0.530746539596097,0.32075943042718,1,
0.342689857069055,0.37703768624014,0.777379530067702,0.222146584978443,0.421184111916063,1,
0.345789564318925,0.338475021910605,0.781760254878534,0.562060358520535,0.457406944791406,1,
0.360943688651627,0.474846625766871,0.706292313819195,0.611527115951895,0.207844116912316,1,
0.352161184776993,0.353198948290973,0.515531660692951,0.857953256183345,0.797651761179116,1,
0.386085758567246,0.415600350569676,0.578653922739944,0.182890855457227,0.0597052210841869,1,
0.317719993111762,0.414022787028922,0.488450816407806,0.651236668935784,0.32075943042718,1,
0.384363698983985,0.333041191936897,0.775189167662286,0.674154753800772,0.68573569822633,1,
0.324091613569829,0.322874671340929,0.510155316606929,0.761061946902655,0.32075943042718,1,
0.329085586361288,0.370201577563541,0.482477100756671,0.849330610392557,0.087184611541344,1,
0.348200447735492,0.354776511831727,0.513938669852648,0.878148400272294,0.851611291531351,1,
0.32271396590322,0.360035056967572,0.71784149741139,0.620149761742682,0.164126904821384,1,
0.326846908903048,0.344609991235758,0.567901234567901,0.511005218969821,0.648513614788908,1,
0.34871706561047,0.382296231375986,0.68936678614098,0.635806671204901,0.774668998251312,1,
0.421560185982435,0.435933391761613,0.521903624054162,0.562060358520535,0.52585560829378,1,
0.356982951610126,0.460297984224365,0.750298685782557,0.553891536192421,0.651761179115663,1,
0.282762183571552,0.187730061349693,0.273795300677021,0.142273655547992,0.32075943042718,1,
0.337868090235922,0.425591586327783,0.79689366786141,0.206262763784888,0.180864351736198,1,
0.46840020664715,0.338650306748466,0.735165272799681,0.678466076696165,0.509617786660005,1,
0.339417943860858,0.37475898334794,0.544802867383512,0.840254141139097,0.32075943042718,1,
0.353538832443603,0.400175284837862,0.512146555157308,0.757658270932607,0.14089432925306,1,
0.355949715860169,0.453111305872042,0.680007964954201,0.71454504197867,0.32075943042718,1,
0.338556914069227,0.316389132340053,0.755675029868578,0.585659178579533,0.471146640019985,1,
0.398140175650077,0.784574934268186,0.214257268020709,0.551622418879056,0.223582313265051,1,
0.352333390735319,0.324802804557406,0.655714854639586,0.629906966190152,0.789407944041969,1,
0.445152402273119,0.290096406660824,0.730784547988849,0.529158157476742,0.417436922308269,1,
0.329946616152919,0.298510078878177,0.486857825567503,0.751077830723848,0.662752935298526,1,
0.403478560358188,0.419456617002629,0.791119076065313,0.669843430905378,0.181613789657757,1,
0.316170139486826,0.366871165644172,0.246714456391876,0.869071931018834,0.32075943042718,1,
0.38143619769244,0.312708150744961,0.704301075268817,0.59882005899705,0.23082687984012,1,
0.378853108317548,0.360736196319018,0.573675826363998,0.664397549353302,0.221583812140894,1,
0.329602204236267,0.328308501314636,0.445639187574671,0.673020195144089,0.145390956782413,1,
0.321852936111589,0.41384750219106,0.540023894862604,0.648740639891082,0.32075943042718,1,
0.411744446357844,0.37581069237511,0.765432098765432,0.204674381665532,0.149887584311766,1,
0.395384880316859,0.350219106047327,0.677817602548785,0.607215793056501,0.466400199850112,1,
0.571723781642845,0.444522348816827,0.650935882118678,0.521216246879964,0.529852610542093,1,
0.362665748234889,0.410692375109553,0.599163679808841,0.823235761288859,0.32075943042718,1,
0.3271913208197,0.415249780893953,0.483273596176822,0.597231676877695,0.32075943042718,1,
0.334768382986051,0.331113058720421,0.779171644763043,0.549126389834354,0.470647014738946,1,
0.308076459445497,0.322173531989483,0.418558343289526,0.488767869298843,0.32075943042718,1,
0.371103840192871,0.480105170902717,0.790720828355237,0.656001815293851,0.19210592055958,1,
0.336662648527639,0.414373356704645,0.471923536439665,0.533923303834808,0.32075943042718,1,
0.462372998105734,0.696056091148116,0.523297491039426,0.448150669389607,0.278041468898326,1,
0.467883588772171,0.445574057843996,0.580246913580247,0.451554345359655,0.378965775668249,1,
0.3271913208197,0.349342681858019,0.512146555157308,0.27569775357386,0.668248813389957,1,
0.31152057861202,0.323225241016652,0.535444046196734,0.713864306784661,0.101174119410442,1,
0.533149646977785,0.524978089395267,0.709876543209876,0.27501701837985,0.286285286035473,1,
0.425176511107284,0.616827344434706,0.724611708482676,0.476287724075335,0.272295778166375,1,
0.466850353022215,0.719193689745837,0.572680207088809,0.466303607896528,0.278790906819885,1,
0.327019114861374,0.419281332164768,0.495221027479092,0.64692534604039,0.32075943042718,1,
0.396590322025142,0.665381244522349,0.554360812425329,0.648967551622419,0.2305770671996,1,
0.310831754778715,0.356529360210342,0.653126244524094,0.231223054231904,0.32075943042718,1,
0.313414844153608,0.357931638913234,0.448028673835125,0.55071477195371,0.32075943042718,1,
0.335801618736008,0.381419807186678,0.480286738351254,0.756523712275925,0.32075943042718,1,
0.3903909075254,0.391761612620508,0.654719235364397,0.218969820739732,0.197851611291531,1,
0.354055450318581,0.430674846625767,0.861608920748706,0.204901293396869,0.234823882088434,1,
0.3903909075254,0.38387379491674,0.757068896853843,0.246199228500113,0.424681488883337,1,
0.339073531944205,0.324452234881683,0.50457984866587,0.196732471068754,0.32075943042718,1,
0.237472016531772,0.12760736196319,0.660892074870569,0.54163830270025,0.229328003997002,1,
0.3903909075254,0.321998247151621,0.565710872162485,0.716360335829362,0.16662503122658,1,
0.480454623729981,0.445048203330412,0.59279171644763,0.456773315180395,0.380464651511366,1,
0.273118649905287,0.145486415425066,0.193548387096774,0.173133651009757,0.206095428428678,1,
0.397279145858447,0.335319894829097,0.694942254082039,0.60335829362378,0.222083437421934,1,
0.340967797485793,0.383172655565294,0.783353245718837,0.66258225550261,0.613040219835124,1,
0.349922507318753,0.457142857142857,0.542413381123059,0.795552530065804,0.178865850612041,1,
0.428448424315481,0.690972830850132,0.574273197929112,0.506920807805764,0.456157881588808,1,
0.388841053900465,0.315687992988606,0.780764635603345,0.554118447923758,0.707219585311017,1,
0.353366626485276,0.361086765994741,0.795898048586221,0.641706376219651,0.692730452160879,1,
0.340623385569141,0.374408413672217,0.192751891676623,0.759927388245972,0.146140394703972,1,
0.427931806440503,0.727081507449606,0.608721624850657,0.517358747447243,0.412440669497877,1,
0.304632340278974,0.203505696757231,0.448227797690163,0.266167460857726,0.32075943042718,1,
0.396590322025142,0.359158632778265,0.675627240143369,0.26979804855911,0.40994254309268,1,
0.409161356982952,0.623663453111306,0.634607726005575,0.61833446789199,0.244066949787659,1,
0.370070604442914,0.336371603856266,0.629430505774592,0.641706376219651,0.820134898825881,1,
0.394351644566902,0.403155127081507,0.665870171246515,0.649648286816428,0.680739445415938,1,
0.410366798691235,0.0429447852760736,0.66726403823178,0.160653505786249,0.234074444166875,1,
0.334423971069399,0.301840490797546,0.650537634408602,0.749489448604493,0.854609043217587,1,
0.313587050111934,0.262751971954426,0.395858223815213,0.259133197186295,0.571821134149388,1,
0.378680902359222,0.294127957931639,0.434289127837515,0.681642840934876,0.663252560579565,1,
0.278112622696745,0.331113058720421,0.547988849064118,0.575901974132063,0.139895078690982,1,
0.545720681935595,0.463628396143734,0.697530864197531,0.252325845246199,0.279040719460405,1,
0.349233683485449,0.472567922874671,0.770410195141378,0.615384615384615,0.605795653260055,1,
0.399173411400034,0.475372480280456,0.715452011150936,0.662355343771273,0.2305770671996,1,
0.48854830377131,0.338299737072743,0.702309836718439,0.503063308373043,0.255808143892081,1,
0.315136903736869,0.354425942156003,0.445639187574671,0.180394826412526,0.32075943042718,1,
0.316514551403479,0.347414548641542,0.566905615292712,0.358747447243022,0.32075943042718,1,
0.219390390907525,0.102892199824715,0.571286340103544,0.238711141366009,0.241069198101424,1,
0.452901670397796,0.4988606485539,0.624850657108722,0.532561833446789,0.602048463652261,1,
0.451179610814534,0.433128834355828,0.795499800876145,0.534830950760154,0.438421184111916,1,
