541,5,2,
0.352850008610298,0.347063978965819,0.850457984866587,0.19310188336737,0.418935798151386,0,
0.689168245221285,0.341104294478528,0.344484269215452,0.378261856137962,0.333749687734199,0,
0.344411916652316,0.477300613496932,0.693747510951812,0.254594962559564,0.267299525355983,0,
0.348372653693818,0.541104294478528,0.64058144165671,0.266621284320399,0.260554584061954,0,
0.536249354227656,0.336196319018405,0.39426523297491,0.39074200136147,0.269547839120659,0,
0.351127949027036,0.431375985977213,0.787933094384707,0.224188790560472,0.253310017486885,0,
0.361804718443258,0.545311130587204,0.605336519315014,0.462673020195144,0.24981264051961,0,
0.329085586361288,0.419631901840491,0.709677419354839,0.230769230769231,0.32075943042718,0,
0.381263991734114,0.631551270815074,0.2536837913182,0.315861130020422,0.353734698975768,0,
0.752023420010332,0.290446976336547,0.400637196336121,0.410029498525074,0.300774419185611,0,
0.425176511107284,0.672918492550394,0.280167264038232,0.42001361470388,0.26280289782663,0,
0.49216462889616,0.40578439964943,0.324372759856631,0.380077149988654,0.335998001498876,0,
0.313587050111934,0.358457493426819,0.441855834328953,0.521216246879964,0.32075943042718,0,
0.327880144653005,0.475372480280456,0.720430107526882,0.219877467665078,0.25006245316013,0,
0.323574995694851,0.427344434706398,0.75826363998407,0.213750850918992,0.253809642767924,0,
0.722059583261581,0.279053461875548,0.344086021505376,0.37712729748128,0.309018236322758,0,
0.552436714310315,0.514110429447853,0.493827160493827,0.540503744043567,0.556082937796653,0,
0.446013432064749,0.774583698510079,0.255874153723616,0.453369639210347,0.404946290282288,0,
0.677802651971758,0.458369851007888,0.452608522500996,0.45904243249376,0.263302523107669,0,
0.724987084553125,0.194566170026293,0.405416168857029,0.394826412525528,0.297776667499375,0,
0.838470811090064,0.304820333041192,0.333532457188371,0.342182890855457,0.309517861603797,0,
0.25951437919752,0.65398773006135,0.55057745917961,0.470161107329249,0.32075943042718,0,
0.465644911313931,0.58737949167397,0.483671843886898,0.632176083503517,0.221583812140894,0,
0.459273290855864,0.704119193689746,0.280764635603345,0.282278193782619,0.523857107169623,0,
0.323058377819873,0.518492550394391,0.498207885304659,0.437031994554118,0.32075943042718,0,
0.593077320475288,0.619281332164768,0.268219832735962,0.409802586793737,0.282538096427679,0,
0.394868262441881,0.658895705521472,0.269215452011151,0.41547538007715,0.374219335498376,0,
0.352677802651972,0.393514460999124,0.831939466348068,0.594054912638983,0.425930552085936,0,
0.343378680902359,0.441191936897458,0.873954599761051,0.195371000680735,0.238321259055708,0,
0.659721026347512,0.325153374233129,0.389088012743927,0.375085091899251,0.335748188858356,0,
0.38143619769244,0.755652936021034,0.205097570688969,0.438620376673474,0.270297277042218,0,
0.676769416221801,0.318141980718668,0.384309040223019,0.381892443839347,0.309767674244317,0,
0.657137936972619,0.607361963190184,0.471326164874552,0.488087134104833,0.386959780164876,0,
0.363182366109867,0.469412795793164,0.755276782158503,0.556841388699796,0.240319760179865,0,
0.424832099190632,0.43680981595092,0.430505774591796,0.336056274109371,0.304521608793405,0,
0.384019287067333,0.754250657318142,0.241537236160892,0.513728159745859,0.488383712215838,0,
0.638367487515068,0.407361963190184,0.333333333333333,0.385069208078058,0.336247814139395,0,
0.385052522817289,0.738299737072743,0.563719633612107,0.461084638075789,0.32075943042718,0,
0.442224900981574,0.583523225241017,0.276583034647551,0.412752439301112,0.286535098675993,0,
0.420182538315826,0.639263803680982,0.299084030266826,0.405945087361017,0.358231326505121,0,
0.411572240399518,0.744609991235758,0.249900438072481,0.308373042886317,0.286035473394954,0,
0.324263819528156,0.431726555652936,0.703703703703704,0.241434082142047,0.32075943042718,0,
0.701567074220768,0.41384750219106,0.413978494623656,0.40117994100295,0.370721958531102,0,
0.37472016531772,0.674320771253287,0.557745917960972,0.286816428409349,0.277541843617287,0,
0.579645255725848,0.560736196319018,0.303863002787734,0.39596097118221,0.349737696727454,0,
0.336490442569313,0.787028921998247,0.263440860215054,0.642160199682324,0.226829877591806,0,
0.548131565352161,0.547765118317266,0.495619275189168,0.567733151803948,0.497376967274544,0,
0.757017392801791,0.194040315512708,0.394464356829948,0.379169503063308,0.340244816387709,0,
0.656965731014293,0.306397896581946,0.393667861409797,0.38620376673474,0.283537346989758,0,
0.530222145686241,0.535845749342682,0.436678614097969,0.397549353301566,0.302273295028728,0,
0.379541932150852,0.626643295354952,0.591995221027479,0.452235080553665,0.273544841368973,0,
0.507318753228862,0.653637160385627,0.261648745519713,0.317903335602451,0.32075943042718,0,
0.802996383674875,0.289044697633655,0.404022301871764,0.378715679600635,0.348238820884337,0,
0.312553814361977,0.325153374233129,0.587017124651533,0.87973678239165,0.32075943042718,0,
0.343206474944033,0.533041191936897,0.454798884906412,0.408668028137055,0.296527604296777,0,
0.317719993111762,0.29079754601227,0.455993628036639,0.178579532561833,0.32075943042718,0,
0.503185810229034,0.439789658194566,0.325965750696933,0.336283185840708,0.307269547839121,0,
0.374031341484415,0.639439088518843,0.70589406610912,0.521216246879964,0.245815638271297,0,
0.403306354399862,0.596143733567046,0.279569892473118,0.317676423871114,0.29477891581314,0,
0.121749612536594,0.091498685363716,0.304460374352847,0.324483775811209,0.292780414688983,0,
0.548820389185466,0.507624890446976,0.682795698924731,0.299296573632857,0.288033974519111,0,
0.495264336146031,0.596143733567046,0.296097172441258,0.416383027002496,0.287034723957032,0,
0.807818150508008,0.30464504820333,0.34010354440462,0.383480825958702,0.346739945041219,0,
0.323919407611503,0.545135845749343,0.771804062126643,0.208758792829589,0.258306270297277,0,
0.491303599104529,0.554951796669588,0.311230585424134,0.333333333333333,0.343492380714464,0,
0.338556914069227,0.417528483786152,0.921943448825169,0.172906739278421,0.32075943042718,0,
0.763389013259859,0.319018404907975,0.339904420549582,0.377354209212616,0.310517112165876,0,
0.311176166695368,0.280631025416301,0.43010752688172,0.682323576128886,0.771171621284037,0,
0.686412949888066,0.464154250657318,0.501592990840303,0.319945541184479,0.37172120909318,0,
0.369898398484588,0.58737949167397,0.542015133412983,0.433628318584071,0.32075943042718,0,
0.374203547442741,0.507800175284838,0.280764635603345,0.427955525300658,0.296027979015738,0,
0.325985879111417,0.370727432077125,0.52110712863401,0.669616519174041,0.32075943042718,0,
0.358360599276735,0.591060473269062,0.302070888092393,0.321760835035171,0.298026480139895,0,
0.34647838815223,0.381069237510955,0.475308641975309,0.792375765827093,0.150387209592805,0,
0.333390735319442,0.407011393514461,0.460971724412585,0.469707283866576,0.451911066699975,0,
0.322197348028242,0.392638036809816,0.525288729589805,0.591785795325618,0.234074444166875,0,
0.540898915102462,0.402629272567923,0.441855834328953,0.418879056047198,0.279790157381964,0,
0.594454968141898,0.605433829973707,0.463958582238152,0.408668028137055,0.289782663002748,0,
0.302221456862407,0.278001752848379,0.426722421346077,0.252325845246199,0.32075943042718,0,
0.372998105734458,0.707099035933392,0.227996814018319,0.498751985477649,0.572070946789908,0,
0.311692784570346,0.28851884312007,0.465352449223417,0.770138416156115,0.32075943042718,0,
0.33304632340279,0.547063978965819,0.783751493428913,0.188790560471976,0.249562827879091,0,
0.531255381436198,0.719368974583699,0.516726403823178,0.307238484229635,0.288033974519111,0,
0.457895643189254,0.477826468010517,0.312823576264436,0.336056274109371,0.307019735198601,0,
0.495953159979335,0.380368098159509,0.411389884508164,0.38234626730202,0.346739945041219,0,
0.448940933356294,0.56669588080631,0.28036638789327,0.323576128885863,0.295528353734699,0,
0.317892199070088,0.364066608238387,0.717244125846276,0.600635352847742,0.17287034723957,0,
0.361115894609953,0.392112182296231,0.644165671047391,0.218969820739732,0.32075943042718,0,
0.641467194764939,0.415600350569676,0.436280366387893,0.341502155661448,0.309018236322758,0,
0.373342517651111,0.595617879053462,0.260254878534448,0.313818924438393,0.293779665251062,0,
0.480282417771655,0.482033304119194,0.285941855834329,0.330837304288632,0.343242568073945,0,
0.336662648527639,0.78387379491674,0.262046993229789,0.647832992965736,0.22458156382713,0,
0.587566729808851,0.541805433829974,0.437674233373158,0.474699341955979,0.46789907569323,0,
0.488892715687963,0.384399649430324,0.410394265232975,0.380530973451327,0.340994254309268,0,
0.273463061821939,0.412269938650307,0.319992035045798,0.497844338552303,0.272045965525856,0,
0.401928706733253,0.767221735319895,0.245519713261649,0.557522123893805,0.238571071696228,0,
0.354744274151886,0.577212971078002,0.505973715651135,0.431132289539369,0.275293529852611,0,
0.177716548992595,0.108326029798422,0.285145360414178,0.326299069661902,0.298526105420934,0,
0.456517995522645,0.656266432953549,0.28494623655914,0.458134785568414,0.5515863102673,0,
0.170139486826244,0.31726555652936,0.396057347670251,0.392330383480826,0.300274793904572,0,
0.381780609609092,0.688694127957932,0.577658303464755,0.479918311776719,0.276542593055209,0,
0.338901325985879,0.466257668711656,0.938470728793309,0.189017472203313,0.32075943042718,0,
0.355777509901843,0.756529360210342,0.260454002389486,0.433855230315407,0.287534349238071,0,
0.344584122610642,0.598948290972831,0.557347670250896,0.555479918311777,0.211091681239071,0,
0.497847425520923,0.590359333917616,0.289924332935086,0.412525527569775,0.374718960779415,0,
0.495264336146031,0.627695004382121,0.294703305455994,0.410029498525074,0.359730202348239,0,
0.492853452729464,0.367397020157756,0.338908801274393,0.380077149988654,0.308018985760679,0,
0.403306354399862,0.724276950043821,0.598566308243728,0.503970955298389,0.265800649512865,0,
0.313070432236955,0.278702892199825,0.469135802469136,0.670297254368051,0.629278041468898,0,
0.527466850353022,0.531288343558282,0.299681401831939,0.328568186975267,0.30102423182613,0,
0.315481315653522,0.33567046450482,0.665870171246515,0.657817109144543,0.21159130652011,0,
0.378853108317548,0.541454864154251,0.606531262445241,0.461765373269798,0.27579315513365,0,
0.534527294644395,0.616827344434706,0.288132218239745,0.415248468345813,0.367724206844866,0,
0.70776648872051,0.283435582822086,0.393468737554759,0.395507147719537,0.305271046714964,0,
0.330118822111245,0.337423312883436,0.804659498207885,0.221238938053097,0.402947789158131,0,
0.432925779231961,0.669588080631025,0.525487853444843,0.427047878375312,0.281039220584562,0,
0.338556914069227,0.685539000876424,0.510155316606929,0.451327433628319,0.285036222832875,0,
0.335973824694334,0.419631901840491,0.451214655515731,0.465849784433855,0.431676242817887,0,
0.154813156535216,0.387554776511832,0.305455993628037,0.436124347628772,0.207844116912316,0,
0.373342517651111,0.518317265556529,0.736758263639984,0.229180848649875,0.32075943042718,0,
0.585500258308937,0.617002629272568,0.465352449223417,0.409121851599728,0.287784161878591,0,
0.485793008438092,0.358808063102542,0.334727200318598,0.378715679600635,0.343492380714464,0,
0.323402789736525,0.367046450482033,0.718040621266428,0.646471522577717,0.32075943042718,0,
0.481660065438264,0.598422436459246,0.2536837913182,0.404129793510324,0.381963527354484,0,
0.31375925607026,0.308676599474145,0.575866188769415,0.889267075107783,0.32075943042718,0,
0.35767177544343,0.535845749342682,0.508164078056551,0.437031994554118,0.367974019485386,0,
0.41191665231617,0.660999123575811,0.257666268418957,0.313592012707057,0.32075943042718,0,
0.820561391424143,0.186327782646801,0.340700915969733,0.343544361243476,0.308268798401199,0,
0.436369898398485,0.711130587204207,0.273397052966945,0.315634218289086,0.290032475643268,0,
0.416566213190976,0.857142857142857,0.221027479091995,0.435670524166099,0.285535848113915,0,
0.373514723609437,0.684312007011394,0.667064914376742,0.533696392103472,0.260554584061954,0,
0.717410022386775,0.369325153374233,0.435483870967742,0.331971862945314,0.305770671996003,0,
0.351644566902015,0.675372480280456,0.509757068896854,0.237803494440663,0.32075943042718,0,
0.79559152746685,0.310780017528484,0.342094782954998,0.376900385749943,0.308518611041719,0,
0.648183227139659,0.347765118317266,0.340900039824771,0.383027002496029,0.339245565825631,0,
0.388496641983813,0.768799298860649,0.608721624850657,0.497163603358294,0.261304021983512,0,
0.321164112278285,0.399824715162138,0.705097570688969,0.813251645110052,0.32075943042718,0,
0.318408816945066,0.294829097283085,0.465750696933493,0.680054458815521,0.32075943042718,0,
0.305493370070604,0.297984224364592,0.424332935085623,0.454731109598366,0.32075943042718,0,
0.646633373514724,0.437510955302366,0.422939068100358,0.411844792375766,0.304271796152885,0,
0.373859135526089,0.456792287467134,0.776383910792513,0.227365554799183,0.226330252310767,0,
0.304460134320648,0.280280455740578,0.456590999601752,0.650555933741774,0.32075943042718,0,
0.373514723609437,0.543558282208589,0.285145360414178,0.32312230542319,0.295528353734699,0,
0.432581367315309,0.778790534618755,0.266825965750697,0.537100068073519,0.264051961029228,0,
0.345789564318925,0.397896581945662,0.632218239745121,0.270932607215793,0.262303272545591,0,
0.423798863440675,0.522699386503067,0.280764635603345,0.319037894259133,0.30127404446665,0,
0.471155501980368,0.652585451358457,0.26284348864994,0.6761969593828,0.226829877591806,0,
0.327019114861374,0.328659070990359,0.802668259657507,0.21783526208305,0.401698725955533,0,
0.632512484931979,0.492550394390885,0.299482277976902,0.409121851599728,0.295528353734699,0,
0.602893060099879,0.382120946538124,0.632417363600159,0.551622418879056,0.451911066699975,0,
0.424315481315654,0.717440841367222,0.273596176821983,0.309053778080327,0.287784161878591,0,
0.55088686068538,0.606134969325153,0.281561131023497,0.432039936464715,0.521358980764427,0,
0.827966247632168,0.180893952673094,0.342293906810036,0.342182890855457,0.30751936047964,0,
0.437230928190115,0.62874671340929,0.282954998008761,0.414113909689131,0.363727204596553,0,
0.890304804546237,0.332865907099036,0.44763042612505,0.332198774676651,0.305271046714964,0,
0.547442741518857,0.386678352322524,0.423934687375548,0.405945087361017,0.297277042218336,0,
0.328052350611331,0.342857142857143,0.543010752688172,0.733832539142274,0.203847114664002,0,
0.462200792147408,0.665907099035933,0.305455993628037,0.324937599273882,0.29502872845366,0,
0.446185638023076,0.744609991235758,0.521704500199124,0.480599046970728,0.428678491131651,0,
0.327880144653005,0.543207712532866,0.496814018319395,0.43498978897209,0.32075943042718,0,
0.320991906319959,0.35635407537248,0.58641975308642,0.798048559110506,0.167374469148139,0,
0.711038401928707,0.4022787028922,0.491636798088411,0.590651236668936,0.243067699225581,0,
0.362321336318237,0.588080631025416,0.291716447630426,0.318810982527797,0.296777416937297,0,
0.545204064060617,0.510429447852761,0.450617283950617,0.669843430905378,0.211091681239071,0,
0.461856380230756,0.702366345311131,0.248705694942254,0.418879056047198,0.362727954034474,0,
0.74048562080248,0.345486415425066,0.407009159697332,0.388926707510778,0.291781164126905,0,
0.503530222145686,0.455915863277826,0.823178016726404,0.248014522350806,0.273794654009493,0,
0.429481660065438,0.322699386503067,0.611509358821187,0.841388699795779,0.157881588808394,0,
0.372998105734458,0.411042944785276,0.717045001991239,0.260948491036987,0.270297277042218,0,
0.66023764422249,0.387554776511832,0.335722819593787,0.38234626730202,0.346739945041219,0,
0.311348372653694,0.284837861524978,0.45679012345679,0.779441797140912,0.608543592305771,0,
0.378853108317548,0.320420683610868,0.648944643568299,0.810074880871341,0.139895078690982,0,
0.34871706561047,0.373882559158633,0.853046594982079,0.645110052189698,0.206345241069198,0,
0.354744274151886,0.637686240140228,0.268418956591,0.293169956886771,0.284036972270797,0,
0.773721370759428,0.282559158632778,0.618478693747511,0.287497163603358,0.394953784661504,0,
0.491131393146203,0.594040315512708,0.52389486260454,0.651463580667121,0.228578566075443,0,
0.310315136903737,0.331463628396144,0.478295499800876,0.13977762650329,0.32075943042718,0,
0.493370070604443,0.660473269062226,0.268418956591,0.442024052643522,0.409442917811641,0,
0.384019287067333,0.565644171779141,0.78494623655914,0.251191286589517,0.246315263552336,0,
0.404684002066471,0.812445223488168,0.269812823576264,0.29906966190152,0.470647014738946,0,
0.403478560358188,0.503768624014023,0.303066507367583,0.394145677331518,0.304521608793405,0,
0.900120544170828,0.172830850131464,0.340700915969733,0.344905831631495,0.337247064701474,0,
0.672119855346995,0.452059596844873,0.454798884906412,0.458134785568414,0.262303272545591,0,
0.691234716721199,0.469412795793164,0.450219036240542,0.327433628318584,0.250811891081689,0,
0.457895643189254,0.681156879929886,0.265432098765432,0.575675062400726,0.246065450911816,0,
0.319958670570002,0.325679228746713,0.550975706889685,0.716360335829362,0.188108918311267,0,
0.352505596693646,0.654688869412796,0.487256073277579,0.437485818016791,0.243067699225581,0,
0.36576545548476,0.648904469763365,0.562923138191955,0.477422282732017,0.518611041718711,0,
0.569829516101257,0.612094653812445,0.265033851055356,0.234626730201951,0.32075943042718,0,
0.898398484587567,0.346538124452235,0.437873357228196,0.47787610619469,0.287784161878591,0,
0.652488376097813,0.35056967572305,0.39247311827957,0.402768323122305,0.286285286035473,0,
0.621491303599105,0.276248904469763,0.347072879330944,0.381892443839347,0.303272545590807,0,
0.417943860857586,0.506222611744084,0.475308641975309,0.412298615838439,0.374219335498376,0,
0.328913380402962,0.381069237510955,0.753882915173238,0.145450419786703,0.137896577566825,0,
0.614603065266058,0.374583698510079,0.404022301871764,0.393464942137508,0.346989757681739,0,
0.402789736524884,0.631375985977213,0.709677419354839,0.263898343544361,0.259055708218836,0,
0.354744274151886,0.681332164767748,0.229390681003584,0.229861583843885,0.662752935298526,0,
0.486481832271397,0.577212971078002,0.292512943050577,0.329248922169276,0.354484136897327,0,
0.410366798691235,0.847852760736196,0.251095181202708,0.431132289539369,0.389457906570072,0,
0.379541932150852,0.685714285714286,0.248108323377141,0.428863172226004,0.281289033225081,0,
0.365421043568107,0.809991235758107,0.261449621664675,0.312684365781711,0.287534349238071,0,
0.759083864301705,0.327256792287467,0.33452807646356,0.339686861810756,0.355483387459405,0,
0.34423971069399,0.577563540753725,0.570290720828355,0.554345359655094,0.214339245565826,0,
0.574134665059411,0.319018404907975,0.386897650338511,0.386430678466077,0.277541843617287,0,
0.308937489237128,0.299561787905346,0.41636798088411,0.252325845246199,0.577816637521859,0,
0.334596177027725,0.428220858895706,0.716049382716049,0.228273201724529,0.32075943042718,0,
0.424315481315654,0.675021910604733,0.545201115093588,0.286135693215339,0.276042967774169,0,
0.421732391940761,0.670639789658195,0.669255276782158,0.261629226230996,0.266050462153385,0,
0.360599276734975,0.398948290972831,0.821784149741139,0.701611073292489,0.191856107919061,0,
0.42311003960737,0.753198948290973,0.271206690561529,0.315180394826413,0.358481139145641,0,
0.549681418977097,0.371954425942156,0.334727200318598,0.383253914227366,0.341244066949788,0,
0.309798519028758,0.277826468010517,0.429111907606531,0.674381665532108,0.779915063702223,0,
0.328913380402962,0.487116564417178,0.520310633213859,0.501701837985024,0.32075943042718,0,
0.419493714482521,0.646275197195443,0.46694544006372,0.685273428636261,0.235573320009993,0,
0.275012915446874,0.3954425942156,0.713859020310633,0.572725209893352,0.214838870846865,0,
0.414844153607715,0.540929009640666,0.519514137793708,0.266848196051736,0.724956282787909,0,
0.411744446357844,0.688869412795793,0.265432098765432,0.279101429543907,0.613040219835124,0,
0.33166867573618,0.350394390885188,0.641776184786937,0.770365327887452,0.32075943042718,0,
0.33976235577751,0.517090271691499,0.276383910792513,0.410029498525074,0.297526854858856,0,
0.309970724987085,0.278352322524102,0.427319792911191,0.673020195144089,0.777666749937547,0,
0.32495264336146,0.363014899211218,0.53584229390681,0.644656228727025,0.176367724206845,0,
0.603065266058206,0.450482033304119,0.317005177220231,0.39074200136147,0.344741443917062,0,
0.302393662820734,0.275547765118317,0.435483870967742,0.261629226230996,0.32075943042718,0,
0.743757534010677,0.382120946538124,0.330943847072879,0.379396414794645,0.308768423682238,0,
0.793697261925263,0.36319018404908,0.329549980087614,0.418879056047198,0.297776667499375,0,
0.344756328568968,0.457142857142857,0.710075667064914,0.209212616292262,0.245316012990257,0,
0.314275873945238,0.287116564417178,0.456192751891677,0.500113455865668,0.106669997501874,0,
0.833304632340279,0.356003505696757,0.41178813221824,0.566371681415929,0.264051961029228,0,
0.340795591527467,0.473269062226117,0.589406610911987,0.461538461538462,0.32075943042718,0,
0.52040640606165,0.434706397896582,0.443249701314217,0.442931699568868,0.222083437421934,0,
0.408300327191321,0.62068361086766,0.264635603345281,0.309053778080327,0.32075943042718,0,
0.463578439814018,0.606485539000876,0.304460374352847,0.324256864079873,0.293280039970022,0,
0.500086102979163,0.558457493426819,0.457586618876941,0.504197867029725,0.48713464901324,0,
0.336662648527639,0.31954425942156,0.733572281959379,0.571136827773996,0.434673994504122,0,
0.793180644050284,0.368448729184925,0.417164476304261,0.398683911958248,0.383212590557082,0,
0.275185121405201,0.136371603856266,0.130426125049781,0.0503744043567052,0.162628028978266,0,
0.771654899259514,0.395968448729185,0.422739944245321,0.398910823689585,0.276542593055209,0,
0.819011537799208,0.314811568799299,0.595181202708084,0.295439074200136,0.294529103172621,0,
0.4423971069399,0.533041191936897,0.463162086818001,0.428636260494668,0.246814888833375,0,
0.382297227484071,0.766871165644172,0.560533651931501,0.461538461538462,0.32075943042718,0,
0.328396762527983,0.360385626643295,0.57447232178415,0.687315634218289,0.203597302023482,0,
0.724814878594799,0.284136722173532,0.398048586220629,0.407306557749036,0.303772170871846,0,
0.469261236438781,0.65398773006135,0.262445240939865,0.417517585659179,0.42942792905321,0,
0.382469433442397,0.749167397020158,0.559936280366388,0.459723167687769,0.32075943042718,0,
0.475805062855175,0.685714285714286,0.28036638789327,0.319037894259133,0.291781164126905,0,
0.581539521267436,0.547239263803681,0.287534846674632,0.297708191513501,0.552835373469898,0,
0.304115722403995,0.282383873794917,0.433293508562326,0.228500113455866,0.854359230577067,0,
0.417255037024281,0.784925503943909,0.260653126244524,0.423190378942591,0.271296527604297,0,
0.348544859652144,0.684136722173532,0.265232974910394,0.481960517358747,0.275043717212091,0,
0.61270879972447,0.563014899211218,0.280167264038232,0.398230088495575,0.265550836872346,0,
0.367659721026347,0.681858019281332,0.570888092393469,0.526889040163376,0.32075943042718,0,
0.737902531427587,0.315162138475022,0.336519315013939,0.341729067392784,0.350487134649013,0,
0.324263819528156,0.469938650306748,0.876941457586619,0.187656001815294,0.239820134898826,0,
0.352333390735319,0.3977212971078,0.704101951413779,0.562287270251872,0.458656007994005,0,
0.758050628551748,0.191235758106924,0.400637196336121,0.385749943272067,0.285036222832875,0,
0.391079731358705,0.549167397020158,0.619872560732776,0.274790106648514,0.28203847114664,0,
0.37024281040124,0.808939526730938,0.237355635205098,0.454958021329703,0.32075943042718,0,
0.658859996555881,0.51498685363716,0.565909996017523,0.290673927842069,0.289283037721709,0,
0.516101257103496,0.49079754601227,0.311230585424134,0.431813024733379,0.32075943042718,0,
0.352161184776993,0.680981595092024,0.228195937873357,0.245972316768777,0.660754434174369,0,
0.332701911486137,0.460122699386503,0.65810434090004,0.249375992738825,0.2560579565326,0,
0.441019459273291,0.550043821209465,0.305057745917961,0.406852734286363,0.256807394454159,0,
0.377475460650939,0.689044697633655,0.244723217841497,0.42977081915135,0.284036972270797,0,
0.737213707594283,0.361437335670464,0.430904022301872,0.340594508736102,0.337496877341994,0,
0.791802996383675,0.188080631025416,0.386897650338511,0.389380530973451,0.305770671996003,0,
0.40743929739969,0.558282208588957,0.62863401035444,0.26072157930565,0.195353484886335,0,
0.314275873945238,0.310780017528484,0.450816407805655,0.614476968459269,0.32075943042718,0,
0.785086964008955,0.188080631025416,0.339904420549582,0.37712729748128,0.337746689982513,0,
0.90855863612881,0.176687116564417,0.338311429709279,0.380304061719991,0.304521608793405,0,
0.35319442052695,0.339000876424189,0.876344086021505,0.544588155207624,0.408943292530602,0,
0.61047012226623,0.62068361086766,0.288132218239745,0.324937599273882,0.291031726205346,0,
0.352677802651972,0.468185801928133,0.896256471525289,0.200363058770138,0.240569572820385,0,
0.367487515068021,0.350219106047327,0.740939864595779,0.590197413206263,0.407444416687484,0,
0.765799896676425,0.36319018404908,0.339307048984468,0.343771272974813,0.33325006245316,0,
0.413638711899432,0.633654688869413,0.709876543209876,0.262536873156342,0.381463902073445,0,
0.430859307732047,0.762313759859772,0.234169653524492,0.49217154526889,0.392455658256308,0,
0.915963492336835,0.170201577563541,0.333930704898447,0.379396414794645,0.304521608793405,0,
0.321336318236611,0.335845749342682,0.479888490641179,0.830496936691627,0.128653509867599,0,
0.341656621319098,0.42524101665206,0.87495021903624,0.17812570909916,0.42917811641269,0,
0.400378853108318,0.637510955302366,0.258861011549184,0.311776718856365,0.295528353734699,0,
0.375236783192698,0.621560035056968,0.776383910792513,0.239845700022691,0.259055708218836,0,
0.340795591527467,0.3954425942156,0.795898048586221,0.611754027683231,0.205845615788159,0,
0.33304632340279,0.488343558282209,0.770808442851454,0.589289766280917,0.616287784161879,0,
0.379369726192526,0.862401402278703,0.248506571087216,0.470614930791922,0.278291281538846,0,
0.464956087480627,0.537423312883436,0.540223018717642,0.442477876106195,0.171121658755933,0,
0.313587050111934,0.287116564417178,0.480087614496217,0.807578851826639,0.157881588808394,0,
0.678319269846737,0.388606485539001,0.433492632417364,0.414340821420467,0.459655258556083,0,
0.456862407439297,0.362489044697634,0.740342493030665,0.575675062400726,0.227829128153885,0,
0.317547787153435,0.357581069237511,0.712066905615293,0.630360789652825,0.32075943042718,0,
0.363698983984846,0.550744960560911,0.595977698128236,0.474245518493306,0.32075943042718,0,
0.317203375236783,0.416827344434706,0.753285543608124,0.230769230769231,0.32075943042718,0,
0.388841053900465,0.788255915863278,0.221425726802071,0.294985250737463,0.369972520609543,0,
0.358705011193387,0.454688869412796,0.59099960175229,0.489221692761516,0.267799150637022,0,
0.629584983640434,0.465381244522349,0.526284348864994,0.461084638075789,0.256807394454159,0,
0.35095574306871,0.316213847502191,0.725607327757865,0.628999319264806,0.569822633025231,0,
0.608059238849664,0.714811568799299,0.288928713659896,0.320399364647152,0.296027979015738,0,
0.477182710521784,0.674496056091148,0.29410593389088,0.324256864079873,0.268798401199101,0,
0.621491303599105,0.675021910604733,0.279769016328156,0.442931699568868,0.271546340244816,0,
0.342517651110728,0.378439964943032,0.714456391875747,0.548218742909008,0.442917811641269,0,
0.432581367315309,0.366170026292726,0.809438470728793,0.179033356024506,0.421933549837622,0,
0.553642156018598,0.423838737949167,0.33273596176822,0.342409802586794,0.337746689982513,0,
0.338556914069227,0.377212971078002,0.857626443647949,0.239164964828682,0.241069198101424,0,
0.351127949027036,0.433829973707274,0.804460374352847,0.217381438620377,0.477641768673495,0,
0.326158085069743,0.453812445223488,0.705495818399044,0.529838892670751,0.32075943042718,0,
0.385052522817289,0.371954425942156,0.831740342493031,0.599273882459723,0.234074444166875,0,
0.82607198209058,0.33339176161262,0.408403026682597,0.421148173360563,0.30127404446665,0,
0.318753228861719,0.285539000876424,0.444444444444444,0.552303154073066,0.719460404696478,0,
0.799380058550026,0.33444347063979,0.336917562724014,0.378942591331972,0.335748188858356,0,
0.818322713965903,0.191761612620508,0.395260852250099,0.341048332198775,0.303022732950287,0,
0.262786292405717,0.518141980718668,0.651732377538829,0.505786249149081,0.417436922308269,0,
0.324263819528156,0.34478527607362,0.505774591796097,0.790560471976401,0.136397701723707,0,
0.472188737730325,0.439439088518843,0.310434090003982,0.33287950987066,0.343492380714464,0,
0.394868262441881,0.617703768624014,0.640382317801673,0.279101429543907,0.283037721708718,0,
0.396418116066816,0.626993865030675,0.254878534448427,0.313592012707057,0.290532100924307,0,
0.883416566213191,0.328659070990359,0.410593389088013,0.395280235988201,0.392205845615788,0,
0.337351472360944,0.299386503067485,0.546196734368777,0.894712956659859,0.112665500874344,0,
0.315653521611848,0.338475021910605,0.660892074870569,0.856364874063989,0.32075943042718,0,
0.747373859135526,0.342156003505697,0.393866985264835,0.382800090764693,0.335248563577317,0,
0.359738246943344,0.79193689745837,0.263639984070092,0.312457454050374,0.286784911316513,0,
0.839848458756673,0.184399649430324,0.340900039824771,0.379169503063308,0.302273295028728,0,
0.346650594110556,0.382296231375986,0.790521704500199,0.209212616292262,0.241818636022983,0,
0.466505941105562,0.666608238387379,0.282357626443648,0.455411844792376,0.575568323757182,0,
0.446013432064749,0.481507449605609,0.299482277976902,0.336737009303381,0.343242568073945,0,
0.740830032719132,0.3034180543383,0.389088012743927,0.381438620376673,0.335498376217837,0,
0.40296194248321,0.664154250657318,0.588610115491836,0.282732017245292,0.32075943042718,0,
0.497330807645945,0.710254163014899,0.269414575866189,0.316541865214432,0.418186360229828,0,
0.340451179610815,0.421735319894829,0.911987256073278,0.202632176083504,0.32075943042718,0,
0.436025486481832,0.707800175284838,0.235762644364795,0.445200816882233,0.32075943042718,0,
0.338901325985879,0.611919368974584,0.560334528076464,0.501701837985024,0.32075943042718,0,
0.351127949027036,0.323575810692375,0.751294305057746,0.626730201951441,0.46140394703972,0,
0.436369898398485,0.715863277826468,0.293906810035842,0.321760835035171,0.290781913564826,0,
0.40072326502497,0.826643295354952,0.268418956591,0.301792602677558,0.413689732700475,0,
0.324263819528156,0.395267309377739,0.815611310234966,0.577717267982755,0.32075943042718,0,
0.560702600309971,0.605083260297984,0.289127837514934,0.322895393691854,0.359480389707719,0,
0.339245737902531,0.431375985977213,0.754082039028276,0.24120717041071,0.262053459905071,0,
0.39262958498364,0.413146362839614,0.787733970529669,0.270024960290447,0.455908068948289,0,
0.713621491303599,0.28045574057844,0.390681003584229,0.394145677331518,0.305021234074444,0,
0.408300327191321,0.502191060473269,0.296495420151334,0.402087587928296,0.28853359980015,0,
0.831065954882039,0.317090271691499,0.409199522102748,0.326752893124575,0.451661254059455,0,
0.373686929567763,0.511831726555653,0.709478295499801,0.234853641933288,0.264051961029228,0,
0.820905803340796,0.185276073619632,0.450219036240542,0.40639891082369,0.300274793904572,0,
0.6096090924746,0.188080631025416,0.411987256073278,0.393464942137508,0.295528353734699,0,
0.30928190115378,0.324802804557406,0.14058144165671,0.757431359201271,0.32075943042718,0,
0.277423798863441,0.466257668711656,0.305455993628037,0.528023598820059,0.254309268048963,0,
0.37472016531772,0.677826468010517,0.273994424532059,0.308373042886317,0.32075943042718,0,
0.344584122610642,0.651358457493427,0.492035045798487,0.303154073065577,0.380214838870847,0,
0.489581539521267,0.557756354075373,0.273596176821983,0.321760835035171,0.294279290532101,0,
0.316342345445152,0.341454864154251,0.635603345280765,0.865668255048786,0.32075943042718,0,
0.364732219734803,0.607361963190184,0.729191557148546,0.519174041297935,0.236572570572071,0,
0.342345445152402,0.511130587204207,0.952608522500995,0.162922623099614,0.32075943042718,0,
0.646977785431376,0.286590709903593,0.347670250896057,0.374858180167915,0.296277791656258,0,
0.325297055278113,0.328659070990359,0.545798486658702,0.808940322214659,0.167374469148139,0,
0.381952815567419,0.451884312007011,0.302668259657507,0.331971862945314,0.302523107669248,0,
0.322541759944894,0.401226993865031,0.519912385503783,0.597231676877695,0.225830627029728,0,
0.331152057861202,0.301840490797546,0.442453205894066,0.632856818697527,0.666999750187359,0,
0.340795591527467,0.388957055214724,0.855635205097571,0.238484229634672,0.244066949787659,0,
0.491820216979507,0.55863277826468,0.309637594583831,0.332652598139324,0.299775168623532,0,
0.343206474944033,0.418054338299737,0.887495021903624,0.187202178352621,0.32075943042718,0,
0.822800068882383,0.291849255039439,0.402429311031462,0.406625822555026,0.298526105420934,0,
0.329085586361288,0.326906222611744,0.530465949820788,0.855457227138643,0.32075943042718,0,
0.321680730153263,0.426818580192813,0.702708084428515,0.249149081007488,0.270547089682738,0,
0.491992422937834,0.382471516213848,0.749502190362405,0.207170410710234,0.255558331251561,0,
0.393146202858619,0.624364592462752,0.59378733572282,0.47401860676197,0.276542593055209,0,
0.408989151024625,0.609114811568799,0.271007566706491,0.309734513274336,0.290781913564826,0,
0.856380230755984,0.285363716038563,0.595778574273198,0.308146131154981,0.299775168623532,0,
0.350094713277079,0.487291849255039,0.823576264436479,0.213750850918992,0.32075943042718,0,
0.411227828482865,0.483786152497809,0.534249303066507,0.293169956886771,0.362977766674994,0,
0.376097812984329,0.694127957931639,0.545599362803664,0.289539369185387,0.361478890831876,0,
0.33976235577751,0.580017528483786,0.570290720828355,0.487406398910824,0.21808643517362,0,
0.674530738763561,0.198422436459246,0.390681003584229,0.382119355570683,0.343242568073945,0,
0.413466505941106,0.594040315512708,0.260852250099562,0.303834808259587,0.289283037721709,0,
0.54055450318581,0.585626643295355,0.257268020708881,0.320626276378489,0.29502872845366,0,
0.448940933356294,0.501840490797546,0.436479490242931,0.384615384615385,0.32075943042718,0,
0.314448079903565,0.36091148115688,0.658303464755078,0.687996369412299,0.450911816137897,0,
0.848803168589633,0.302892199824715,0.452807646356033,0.5214431586113,0.248063952035973,0,
0.302910280695712,0.282909728308501,0.450418160095579,0.240299523485364,0.32075943042718,0,
0.36214913035991,0.459070990359334,0.792512943050577,0.203993646471523,0.32075943042718,0,
0.39848458756673,0.530061349693252,0.274990043807248,0.321760835035171,0.294529103172621,0,
0.56655760289306,0.62524101665206,0.50457984866587,0.316088041751759,0.369972520609543,0,
0.404167384191493,0.31726555652936,0.517522899243329,0.79260267755843,0.171121658755933,0,
0.342862063027381,0.382997370727432,0.715452011150936,0.54163830270025,0.447914064451661,0,
0.402445324608231,0.776336546888694,0.270410195141378,0.297481279782165,0.268298775918061,0,
0.345445152402273,0.429623137598598,0.539824771007567,0.790787383707738,0.137147139645266,1,
0.457895643189254,0.396319018404908,0.731780167264038,0.219196732471069,0.561828628528604,1,
0.309626313070432,0.286415425065732,0.445639187574671,0.595870206489675,0.220084936297777,1,
0.345617358360599,0.380893952673094,0.785344484269215,0.707510778307238,0.636522608043967,1,
0.325813673153091,0.344434706397897,0.462166467542812,0.524393011118675,0.625281039220585,1,
0.419838126399173,0.332515337423313,0.768618080446037,0.224642614023145,0.418186360229828,1,
0.394179438608576,0.347589833479404,0.652130625248905,0.46879963694123,0.414688983262553,1,
0.331496469777854,0.400525854513585,0.84647550776583,0.17426820966644,0.624281788658506,1,
0.322886171861546,0.328659070990359,0.213659896455595,0.112775130474245,0.579815138646015,1,
0.308765283278801,0.310254163014899,0.512743926722421,0.926026775584298,0.32075943042718,1,
0.483726536938178,0.617177914110429,0.694743130227001,0.277739959155888,0.284536597551836,1,
0.308937489237128,0.301314636283961,0.457984866587017,0.75879282958929,0.32075943042718,1,
0.499397279145858,0.486590709903593,0.722620469932298,0.240753346948037,0.273045216087934,1,
0.280867918029964,0.321998247151621,0.524691358024691,0.68595416383027,0.177866600049963,1,
0.335973824694334,0.401577563540754,0.692751891676623,0.18788291354663,0.646764926305271,1,
0.527639056311348,0.374233128834356,0.632815611310235,0.242795552530066,0.225830627029728,1,
0.464783881522301,0.551971954425942,0.277777777777778,0.25618334467892,0.432425680739445,1,
0.317375581195109,0.301665205959684,0.508562325766627,0.827547084184252,0.32075943042718,1,
0.391251937317031,0.738825591586328,0.258064516129032,0.548445654640345,0.229577816637522,1,
0.395384880316859,0.505170902716915,0.648546395858224,0.517358747447243,0.589058206345241,1,
0.3271913208197,0.352497808939527,0.476503385105536,0.854549580213297,0.0612040969273045,1,
0.32271396590322,0.397020157756354,0.465153325368379,0.607669616519174,0.542093429927554,1,
0.272946443946961,0.341104294478528,0.542612504978096,0.747674154753801,0.113914564076942,1,
0.40743929739969,0.340929009640666,0.729390681003584,0.600862264579079,0.46140394703972,1,
0.317031169278457,0.284662576687117,0.474711270410195,0.679146811890175,0.773419935048713,1,
0.521267435853281,0.483786152497809,0.779569892473118,0.264579078738371,0.278790906819885,1,
0.423626657482349,0.412971078001753,0.678016726403823,0.560698888132516,0.152635523357482,1,
0.332185293611159,0.346362839614373,0.537435284747113,0.857499432720672,0.0691981014239321,1,
0.372825899776132,0.719719544259422,0.624850657108722,0.496029044701611,0.273295028728454,1,
0.37024281040124,0.358983347940403,0.741935483870968,0.637395053324257,0.71171621284037,1,
0.426381952815567,0.518843120070114,0.662485065710872,0.525073746312684,0.475393454908818,1,
0.323574995694851,0.362664329535495,0.69115890083632,0.68073519400953,0.597302023482388,1,
0.379025314275874,0.313584574934268,0.67184388689765,0.713183571590651,0.746440169872596,1,
0.385396934733942,0.426117440841367,0.677817602548785,0.243249375992739,0.253809642767924,1,
0.343378680902359,0.420858895705521,0.511549183592194,0.610846380757885,0.119660254808893,1,
0.344067504735664,0.339702015775635,0.462166467542812,0.65214431586113,0.575568323757182,1,
0.417082831065955,0.424364592462752,0.648347272003186,0.146584978443386,0.687234574069448,1,
0.401239882899948,0.407887817703769,0.709080047789725,0.639664170637622,0.636522608043967,1,
0.347856035818839,0.376687116564417,0.532058940661091,0.54163830270025,0.526605046215339,1,
0.322369553986568,0.324802804557406,0.467343687773795,0.645110052189698,0.32075943042718,1,
0.467366970897193,0.318667835232252,0.713659896455595,0.550941683685046,0.261054209342993,1,
0.348028241777165,0.350744960560911,0.511350059737157,0.869752666212843,0.842118411191606,1,
0.467194764938867,0.551095530236635,0.756670649143767,0.254141139096891,0.277292030976767,1,
0.39262958498364,0.44715162138475,0.74352847471127,0.76401179941003,0.191856107919061,1,
0.414327535732736,0.37931638913234,0.64615690959777,0.566598593147266,0.757431926055458,1,
0.347167211985535,0.362664329535495,0.508363201911589,0.635806671204901,0.100924306769923,1,
0.331840881694507,0.404031551270815,0.242731979291119,0.862037667347402,0.0689482887834124,1,
0.38815223006716,0.461875547765118,0.781162883313421,0.583390061266167,0.571071696227829,1,
0.501635956604099,0.354776511831727,0.722819593787336,0.638529611980939,0.482388208843367,1,
0.328913380402962,0.376687116564417,0.844882516925528,0.644202405264352,0.639770172370722,1,
0.370931634234544,0.369149868536372,0.656113102349661,0.62355343771273,0.221583812140894,1,
0.552092302393663,0.375460122699387,0.872162485065711,0.244837758112094,0.253809642767924,1,
0.324780437403134,0.317966695880806,0.420549581839904,0.515997277059224,0.32075943042718,1,
0.467194764938867,0.637861524978089,0.667861409796894,0.272294077603812,0.280289782663003,1,
0.343550886860685,0.394040315512708,0.587017124651533,0.58974358974359,0.32075943042718,1,
0.386946788358877,0.419982471516214,0.563520509757069,0.871341048332199,0.138146390207345,1,
0.347339417943861,0.42874671340929,0.762046993229789,0.162695711368278,0.32075943042718,1,
0.325469261236439,0.311305872042068,0.474711270410195,0.727252098933515,0.125655758181364,1,
0.445152402273119,0.290096406660824,0.730784547988849,0.529158157476742,0.417436922308269,1,
0.470294472188738,0.334969325153374,0.734567901234568,0.706376219650556,0.153135148638521,1,
0.368692956776304,0.337072743207713,0.815013938669853,0.568186975266621,0.471146640019985,1,
0.36352677802652,0.415950920245399,0.496216646754281,0.581574767415475,0.237821633774669,1,
0.318064405028414,0.402804557405784,0.540223018717642,0.604946675743136,0.32075943042718,1,
0.404856208024798,0.707099035933392,0.541019514137794,0.563648740639891,0.240569572820385,1,
0.279145858446702,0.174934268185802,0.489247311827957,0.223281143635126,0.32075943042718,1,
0.345445152402273,0.31726555652936,0.741537236160892,0.677331518039483,0.701973519860105,1,
0.381952815567419,0.376161262050833,0.810234966148945,0.589289766280917,0.635773170122408,1,
0.328741174444636,0.327782646801052,0.449024293110315,0.798048559110506,0.135898076442668,1,
0.345100740485621,0.330937773882559,0.604938271604938,0.531654186521443,0.32075943042718,1,
0.312726020320303,0.35863277826468,0.606133014735165,0.358747447243022,0.32075943042718,1,
0.351816772860341,0.395092024539877,0.718040621266428,0.629226230996142,0.706969772670497,1,
0.324091613569829,0.34022787028922,0.488251692552768,0.460630814613115,0.32075943042718,1,
0.337007060444291,0.365293602103418,0.628036638789327,0.530519627864761,0.635523357481889,1,
0.379369726192526,0.375109553023663,0.730187176423736,0.533923303834808,0.719710217336997,1,
0.316686757361805,0.306573181419807,0.455197132616487,0.702972543680508,0.560829377966525,1,
0.361460306526606,0.414723926380368,0.846276383910793,0.562741093714545,0.423932050961779,1,
0.32047528844498,0.329360210341805,0.558741537236161,0.700022691173134,0.0876842368223832,1,
0.434992250731875,0.456792287467134,0.756670649143767,0.237803494440663,0.407444416687484,1,
0.349405889443775,0.606485539000876,0.546993229788929,0.457680962105741,0.239320509617787,1,
0.314620285861891,0.359509202453988,0.421146953405018,0.476741547538008,0.32075943042718,1,
0.442569312898226,0.630499561787905,0.691756272401434,0.503063308373043,0.272795403447414,1,
0.330979851902876,0.309027169149869,0.466547192353644,0.63262990696619,0.742193354983762,1,
0.371103840192871,0.307975460122699,0.702907208283552,0.695484456546403,0.744941294029478,1,
0.469605648355433,0.376336546888694,0.577459179609717,0.600181529385069,0.437921558830877,1,
0.335629412777682,0.332340052585451,0.548785344484269,0.850011345586567,0.0624531601299026,1,
0.269330118822111,0.163014899211218,0.502986857825567,0.190152030859995,0.684486635023732,1,
0.366970897193043,0.342681858019281,0.620469932297889,0.611980939414568,0.849362977766675,1,
0.347856035818839,0.413672217353199,0.818996415770609,0.609711822101203,0.613290032475643,1,
0.44911313931462,0.367922874671341,0.751095181202708,0.773315180394826,0.194853859605296,1,
0.386430170483899,0.669763365468887,0.591596973317403,0.624007261175403,0.232075943042718,1,
0.384019287067333,0.277651183172656,0.68657905217045,0.564102564102564,0.19260554584062,1,
0.386602376442225,0.599649430324277,0.62405416168857,0.496482868164284,0.270796902323258,1,
0.493714482521095,0.63330411919369,0.520708880923935,0.419786702972544,0.287284536597552,1,
0.333735147236094,0.339526730937774,0.513341298287535,0.554799183117767,0.0914314264301774,1,
0.421387980024109,0.412971078001753,0.631023496614894,0.132289539369185,0.750936797401949,1,
0.355260892026864,0.309728308501315,0.751493428912784,0.587928295892898,0.500374718960779,1,
0.267952471155502,0.133917616126205,0.155714854639586,0.150896301338779,0.32075943042718,1,
0.344928534527295,0.339351446099912,0.457387495021904,0.682550487860222,0.118161378965776,1,
0.396073704150164,0.478878177037686,0.856232576662684,0.199682323576129,0.252810392205846,1,
0.327535732736353,0.337072743207713,0.660493827160494,0.505786249149081,0.605545840619535,1,
0.456517995522645,0.305170902716915,0.757666268418956,0.214885409575675,0.405695728203847,1,
0.219390390907525,0.102716914986854,0.571286340103544,0.238484229634672,0.240819385460904,1,
0.349233683485449,0.423663453111306,0.770011947431302,0.599954617653733,0.581314014489133,1,
0.327535732736353,0.317791411042945,0.468140183193947,0.692988427501702,0.118411191606295,1,
0.342517651110728,0.384925503943909,0.681003584229391,0.955979124120717,0.12190856857357,1,
0.326158085069743,0.346888694127958,0.563520509757069,0.633991377354209,0.21134149387959,1,
0.374547959359394,0.296231375985977,0.735563520509757,0.907193101883367,0.150886834873845,1,
0.527466850353022,0.520245398773006,0.748506571087216,0.275470841842523,0.282538096427679,1,
0.348544859652144,0.415600350569676,0.664277180406213,0.594054912638983,0.48713464901324,1,
0.32633029102807,0.312182296231376,0.515929908403027,0.520535511685954,0.500624531601299,1,
0.478215946271741,0.291323400525854,0.15252887295898,0.698207397322442,0.630776917312016,1,
0.39400723265025,0.310078878177038,0.801274392672242,0.643521670070343,0.638021483887085,1,
0.352505596693646,0.400876424189308,0.828753484667463,0.18788291354663,0.428928303772171,1,
0.449629757189599,0.480280455740578,0.733771405814417,0.601769911504425,0.220834374219335,1,
0.36214913035991,0.42418930762489,0.838908801274393,0.20285908781484,0.32075943042718,1,
0.32942999827794,0.289570552147239,0.502389486260454,0.799183117767189,0.641518860854359,1,
0.30928190115378,0.341279579316389,0.590003982477101,0.62287270251872,0.32075943042718,1,
0.349750301360427,0.436459246275197,0.743130227001195,0.697526662128432,0.599800149887584,1,
0.380230755984157,0.774583698510079,0.570091596973317,0.515997277059224,0.257057207094679,1,
0.388496641983813,0.448378615249781,0.661489446435683,0.259813932380304,0.634024481638771,1,
0.391251937317031,0.665205959684487,0.59836718438869,0.547084184252326,0.228078940794404,1,
0.327019114861374,0.334969325153374,0.648944643568299,0.499659632402995,0.649263052710467,1,
0.395729292233511,0.512182296231376,0.788530465949821,0.518720217835262,0.25655758181364,1,
0.321164112278285,0.33567046450482,0.503385105535643,0.779441797140912,0.32075943042718,1,
0.403995178233167,0.2988606485539,0.671047391477499,0.539369185386885,0.500624531601299,1,
0.392457379025314,0.72532865907099,0.513938669852648,0.471068754254595,0.495378466150387,1,
0.320303082486654,0.298159509202454,0.416567104739148,0.46811890174722,0.32075943042718,1,
0.462028586189082,0.556704645048203,0.286539227399442,0.317676423871114,0.291781164126905,1,
0.44911313931462,0.38965819456617,0.576463560334528,0.571363739505332,0.263302523107669,1,
0.408300327191321,0.563014899211218,0.672441258462764,0.527115951894713,0.575568323757182,1,
0.342173239194076,0.395793163891323,0.79231381919554,0.563421828908555,0.633774668998251,1,
0.343723092819012,0.334969325153374,0.47331740342493,0.595643294758339,0.633275043717212,1,
0.339245737902531,0.378439964943032,0.884309040223019,0.647832992965736,0.53859605296028,1,
0.310487342862063,0.333567046450482,0.428912783751493,0.544815066938961,0.32075943042718,1,
0.372825899776132,0.427344434706398,0.527678215850259,0.639664170637622,0.183362478141394,1,
0.376614430859308,0.740403155127082,0.252887295898049,0.487406398910824,0.528353734698976,1,
0.377819872567591,0.647677475898335,0.572680207088809,0.529385069208078,0.248063952035973,1,
0.432753573273635,0.628396143733567,0.596176821983273,0.587247560698888,0.517112165875593,1,
0.38815223006716,0.362489044697634,0.860414177618479,0.167687769457681,0.219585311016737,1,
0.51816772860341,0.367221735319895,0.717642373556352,0.73474018606762,0.217336997252061,1,
0.340967797485793,0.329360210341805,0.5073675826364,0.795779441797141,0.125156132900325,1,
0.339417943860858,0.327957931638913,0.450418160095579,0.684138869979578,0.533349987509368,1,
0.341828827277424,0.476424189307625,0.703902827558742,0.834581347855684,0.32075943042718,1,
0.358705011193387,0.754601226993865,0.251294305057746,0.599273882459723,0.233325006245316,1,
0.308765283278801,0.340052585451358,0.590003982477101,0.627184025414114,0.32075943042718,1,
0.456517995522645,0.64715162138475,0.264834727200319,0.317222600408441,0.295528353734699,1,
0.429481660065438,0.476599474145486,0.570888092393469,0.216019968232358,0.162628028978266,1,
0.360943688651627,0.342857142857143,0.666666666666667,0.809167233945995,0.32075943042718,1,
0.387980024108834,0.299211218229623,0.694544006371963,0.520762423417291,0.493130152385711,1,
0.340795591527467,0.351095530236635,0.573874950219036,0.568413886997958,0.32075943042718,1,
0.482521095229895,0.385801928133217,0.704301075268817,0.504197867029725,0.25630776917312,1,
0.354744274151886,0.405083260297984,0.645161290322581,0.593374177444974,0.229827629278041,1,
0.250215257447908,0.324452234881683,0.588012743926722,0.79782164737917,0.0766924806395204,1,
0.364904425693129,0.33794916739702,0.587415372361609,0.595870206489675,0.459155633275044,1,
0.432925779231961,0.291148115687993,0.812624452409399,0.211027910142954,0.222333250062453,1,
0.375408989151025,0.32182296231376,0.634607726005575,0.716814159292035,0.0764426679990008,1,
0.328396762527983,0.286765994741455,0.488450816407806,0.766280916723394,0.649512865350987,1,
0.310315136903737,0.322699386503067,0.429908403026683,0.543226684819605,0.32075943042718,1,
0.321852936111589,0.36091148115688,0.653922739944245,0.683685046516905,0.200599550337247,1,
