541,5,2,
0.336146030652661,0.592988606485539,0.52110712863401,0.417744497390515,0.362727954034474,0,
0.355605303943516,0.514285714285714,0.632616487455197,0.253914227365555,0.32075943042718,0,
0.3903909075254,0.0872918492550394,0.590402230187176,0.230769230769231,0.32075943042718,0,
0.77992078525917,0.494127957931639,0.307048984468339,0.435216700703426,0.41044216837372,0,
0.475460650938522,0.71726555652936,0.271405814416567,0.423644202405264,0.503122658006495,0,
0.336146030652661,0.717966695880806,0.233373158104341,0.433855230315407,0.374219335498376,0,
0.617702772515929,0.675197195442594,0.29868578255675,0.324937599273882,0.293280039970022,0,
0.358360599276735,0.406836108676599,0.753285543608124,0.627184025414114,0.482638021483887,0,
0.826244188048906,0.29535495179667,0.633612106730386,0.285228046289993,0.289283037721709,0,
0.609264680557947,0.334794040315513,0.346276383910792,0.379396414794645,0.336247814139395,0,
0.329257792319614,0.41612620508326,0.754082039028276,0.235988200589971,0.32075943042718,0,
0.332185293611159,0.407537248028046,0.808243727598566,0.211027910142954,0.246814888833375,0,
0.381091785775788,0.426292725679229,0.63878932696137,0.277513047424552,0.384961279040719,0,
0.667125882555536,0.423838737949167,0.337514934289128,0.382573179033356,0.33974519110667,0,
0.799380058550026,0.325503943908852,0.342094782954998,0.37712729748128,0.310517112165876,0,
0.365248837609781,0.511130587204207,0.478096375945838,0.307465395960971,0.292530602048464,0,
0.548131565352161,0.547765118317266,0.495619275189168,0.567506240072612,0.497127154634024,0,
0.404167384191493,0.492550394390885,0.635404221425727,0.501021102791014,0.574569073195104,0,
0.342345445152402,0.741104294478528,0.276583034647551,0.41547538007715,0.361728703472396,0,
0.368348544859652,0.590184049079755,0.495021903624054,0.461765373269798,0.32075943042718,0,
0.582056139142414,0.643120070113935,0.295898048586221,0.327433628318584,0.354484136897327,0,
0.572584811434476,0.519368974583699,0.440461967343688,0.32834127524393,0.351986010492131,0,
0.814017565007749,0.177388255915863,0.395659099960175,0.334014068527343,0.292530602048464,0,
0.508179783020492,0.398071866783523,0.327160493827161,0.379850238257318,0.32075943042718,0,
0.845531255381436,0.484136722173532,0.326762246117085,0.339233038348083,0.305770671996003,0,
0.341484415360771,0.599474145486415,0.586220629231382,0.488087134104833,0.208843367474394,0,
0.315825727570174,0.289745836985101,0.458183990442055,0.179941002949852,0.720209842618036,0,
0.334940588944377,0.494653812445224,0.670250896057348,0.521670070342637,0.220834374219335,0,
0.356638539693473,0.446801051709027,0.693747510951812,0.505105513955071,0.32075943042718,0,
0.358705011193387,0.561437335670465,0.499800876144962,0.428182437031995,0.32075943042718,0,
0.69295677630446,0.346538124452235,0.340700915969733,0.388472884048105,0.30776917312016,0,
0.366798691234717,0.68624014022787,0.634010354440462,0.274336283185841,0.272045965525856,0,
0.367659721026347,0.818229623137599,0.259856630824373,0.292035398230088,0.476892330751936,0,
0.311348372653694,0.286064855390009,0.439864595778574,0.20807805763558,0.0669497876592556,0,
0.48183227139659,0.704469763365469,0.524691358024691,0.437712729748128,0.32075943042718,0,
0.675391768555192,0.449780893952673,0.433094384707288,0.392103471749489,0.297027229577817,0,
0.358705011193387,0.753724802804557,0.257666268418957,0.304061719990924,0.282538096427679,0,
0.315309109695195,0.287992988606486,0.460971724412585,0.158384388472884,0.32075943042718,0,
0.662992939555708,0.298510078878177,0.414974113898845,0.343998184706149,0.32075943042718,0,
0.822111245049079,0.315162138475022,0.33910792512943,0.343090537780803,0.308518611041719,0,
0.482348889271569,0.774583698510079,0.238351254480287,0.422282732017245,0.361229078191356,0,
0.408816945066299,0.730762489044698,0.28673835125448,0.322214658497844,0.289033225081189,0,
0.527294644394696,0.460473269062226,0.459776981282358,0.446108463807579,0.251811141643767,0,
0.361115894609953,0.706397896581946,0.24352847471127,0.443158611300204,0.32075943042718,0,
0.768555192009644,0.414723926380368,0.458383114297093,0.512820512820513,0.280039970022483,0,
0.343723092819012,0.588606485539001,0.653126244524094,0.52598139323803,0.241568823382463,0,
0.384708110900637,0.731814198071867,0.230983671843887,0.309961425005673,0.291281538845866,0,
0.482348889271569,0.358282208588957,0.342891278375149,0.374177444973905,0.303772170871846,0,
0.329602204236267,0.483786152497809,0.715651135005974,0.235761288858634,0.32075943042718,0,
0.307559841570518,0.313935144609991,0.424532058940661,0.471068754254595,0.550836872345741,0,
0.38952987773377,0.76546888694128,0.235364396654719,0.298615838438847,0.273794654009493,0,
0.324091613569829,0.375284837861525,0.734767025089606,0.601542999773088,0.32075943042718,0,
0.344584122610642,0.531288343558282,0.609318996415771,0.786249149081007,0.161129153135149,0,
0.414327535732736,0.731288343558282,0.518120270808443,0.312911277513047,0.293030227329503,0,
0.518684346478388,0.472918492550394,0.303663878932696,0.32902201043794,0.33974519110667,0,
0.575856724642673,0.579666958808063,0.478295499800876,0.642840934876333,0.247564326754934,0,
0.564146719476494,0.514460999123576,0.302469135802469,0.331291127751305,0.347739195603298,0,
0.324436025486482,0.307099035933392,0.552568697729988,0.917177218062174,0.109667749188109,0,
0.492509040812812,0.449255039439088,0.315611310234966,0.337644656228727,0.306270297277042,0,
0.778715343550887,0.287992988606486,0.343687773795301,0.379396414794645,0.305271046714964,0,
0.664198381263992,0.615249780893953,0.291915571485464,0.332652598139324,0.302523107669248,0,
0.408989151024625,0.593865030674847,0.502588610115492,0.415021556614477,0.290532100924307,0,
0.331840881694507,0.34022787028922,0.690760653126244,0.0821420467438166,0.215838121408943,0,
0.336662648527639,0.421560035056968,0.927319792911191,0.182890855457227,0.32075943042718,0,
0.549853624935423,0.524276950043821,0.479091995221027,0.319037894259133,0.29477891581314,0,
0.376442224900982,0.855390008764242,0.249502190362405,0.29975039709553,0.281039220584562,0,
0.500086102979163,0.369149868536372,0.412783751493429,0.334921715452689,0.351236572570572,0,
0.460823144480799,0.382822085889571,0.781959378733572,0.523258452461992,0.412690482138396,0,
0.558463922851731,0.582120946538124,0.306650736758264,0.330156569094622,0.346490132400699,0,
0.332529705527811,0.541805433829974,0.649342891278375,0.597458588609031,0.19860104921309,0,
0.536421560185982,0.500613496932515,0.313620071684588,0.335829362378035,0.343742193354984,0,
0.338901325985879,0.586503067484663,0.604340900039825,0.501474926253687,0.32075943042718,0,
0.912174961253659,0.343032427695004,0.433094384707288,0.451100521896982,0.286535098675993,0,
0.498019631479249,0.724802804557406,0.548785344484269,0.294077603812117,0.356732450662003,0,
0.349750301360427,0.52182296231376,0.791716447630426,0.227138643067847,0.251311516362728,0,
0.383847081109006,0.81034180543383,0.248108323377141,0.560018152938507,0.252810392205846,0,
0.314792491820217,0.341454864154251,0.648347272003186,0.824370319945541,0.32075943042718,0,
0.251592905114517,0.0944785276073619,0.260055754679411,0.293623780349444,0.282787909068199,0,
0.316514551403479,0.295880806310254,0.467741935483871,0.801452235080554,0.154634024481639,0,
0.565696573101429,0.303943908851884,0.40900039824771,0.340367597004765,0.308518611041719,0,
0.66695367659721,0.459947414548641,0.442254082039028,0.389834354436124,0.295528353734699,0,
0.342345445152402,0.388781770376862,0.747710075667065,0.680962105740867,0.207344491631277,0,
0.310315136903737,0.329184925503944,0.466746316208682,0.21715452688904,1,0,
0.329946616152919,0.2965819456617,0.436877737953007,0.581347855684139,0.686485136147889,0,
0.620458067849147,0.372304995617879,0.405017921146953,0.391876560018153,0.301773669747689,0,
0.32271396590322,0.341104294478528,0.65531660692951,0.645110052189698,0.32075943042718,0,
0.404856208024798,0.697984224364593,0.560334528076464,0.489221692761516,0.263802148388708,0,
0.33166867573618,0.550920245398773,0.287136598964556,0.432947583390061,0.291031726205346,0,
0.359221629068366,0.495004382120947,0.604540023894863,0.470614930791922,0.384211841119161,0,
0.30704322369554,0.29307624890447,0.432497013142174,0.624461084638076,0.650761928553585,0,
0.308765283278801,0.301840490797546,0.415173237753883,0.254141139096891,0.573569822633025,0,
0.399517823316687,0.559509202453988,0.623855037833532,0.607669616519174,0.569073195103672,0,
0.123643878078181,0.5056967572305,0.297889287136599,0.327887451781257,0.299275543342493,0,
0.534527294644395,0.549868536371604,0.294902429311031,0.330383480825959,0.299525355983013,0,
0.342345445152402,0.571078001752848,0.744524093986459,0.218515997277059,0.32075943042718,0,
0.892543482004477,0.316564417177914,0.336320191158901,0.383253914227366,0.341244066949788,0,
0.338901325985879,0.469588080631025,0.569095977698128,0.283412752439301,0.374968773419935,0,
0.707938694678836,0.459246275197195,0.413978494623656,0.410029498525074,0.29502872845366,0,
0.521956259686585,0.483085013146363,0.494822779769016,0.726117540276832,0.204096927304522,0,
0.474427415188565,0.440315512708151,0.421346077260056,0.400045382346267,0.285535848113915,0,
0.376442224900982,0.663453111305872,0.272799681401832,0.312911277513047,0.32075943042718,0,
0.468744618563802,0.615775635407537,0.619076065312624,0.54095756750624,0.264051961029228,0,
0.353883244360255,0.527782646801052,0.61768219832736,0.466984343090538,0.26305271046715,0,
0.621319097640778,0.332515337423313,0.341497411389884,0.391649648286816,0.272545590806895,0,
0.353022214568624,0.432427695004382,0.612305854241338,0.53188109825278,0.268048963277542,0,
0.749956948510419,0.333742331288344,0.405017921146953,0.548218742909008,0.227329502872845,0,
0.880661270879972,0.190008764241893,0.400238948626045,0.340367597004765,0.341244066949788,0,
0.690545892887894,0.289570552147239,0.438669852648347,0.339459950079419,0.338496127904072,0,
0.314448079903565,0.290972830850131,0.481879729191557,0.843430905377808,0.123157631776168,0,
0.285173066988118,0.326029798422436,0.626642771804062,0.725209893351486,0.32075943042718,0,
0.356982951610126,0.497458369851008,0.469534050179211,0.432039936464715,0.32075943042718,0,
0.149819183743758,0.423312883435583,0.306451612903226,0.328114363512594,0.338496127904072,0,
0.351300154985362,0.449605609114812,0.584826762246117,0.460857726344452,0.184861353984512,0,
0.337351472360944,0.52760736196319,0.597570688968538,0.465169049239846,0.32075943042718,0,
0.547959359393835,0.623488168273444,0.253484667463162,0.311322895393692,0.291531351486385,0,
0.801963147924918,0.295705521472393,0.648944643568299,0.298388926707511,0.28878341244067,0,
0.312037196486998,0.337423312883436,0.62226204699323,0.857499432720672,0.114414189357982,0,
0.346650594110556,0.603505696757231,0.660493827160494,0.525300658044021,0.400199850112416,0,
0.319614258653349,0.331463628396144,0.631819992035046,0.776718856364874,0.32075943042718,0,
0.308248665403823,0.287642418930762,0.451612903225806,0.709099160426594,0.32075943042718,0,
0.386602376442225,0.322524101665206,0.662485065710872,0.790787383707738,0.138895828128903,0,
0.595315997933528,0.402979842243646,0.535444046196734,0.717041071023372,0.208593554833875,0,
0.313242638195282,0.338475021910605,0.52847471127041,0.916269571136828,0.111916062952785,0,
0.39262958498364,0.678001752848379,0.294902429311031,0.321307011572498,0.35898076442668,0,
0.370587222317892,0.657668711656442,0.626443647949024,0.514181983208532,0.32075943042718,0,
0.55398656793525,0.479754601226994,0.317403424930307,0.389153619242115,0.300774419185611,0,
0.678491475805063,0.191060473269062,0.445838311429709,0.71068754254595,0.207344491631277,0,
0.424143275357327,0.570727432077125,0.455794504181601,0.416609938733833,0.262303272545591,0,
0.523678319269847,0.438387379491674,0.306650736758264,0.336510097572044,0.33999500374719,0,
0.555192009643534,0.574057843996494,0.306849860613301,0.329929657363286,0.296527604296777,0,
0.915619080420182,0.184925503943909,0.430704898446834,0.409575675062401,0.302523107669248,0,
0.300154985362494,0.280981595092025,0.447232178414974,0.235080553664624,0.32075943042718,0,
0.3791975202342,0.612795793163891,0.53126244524094,0.301338779214885,0.281289033225081,0,
0.648355433097985,0.355828220858896,0.332536837913182,0.340821420467438,0.331001748688484,0,
0.416049595315998,0.444347063978966,0.319593787335723,0.33741774449739,0.308268798401199,0,
0.653004993972791,0.43908851884312,0.426324173636002,0.413660086226458,0.304021983512366,0,
0.62975718959876,0.465381244522349,0.526284348864994,0.460857726344452,0.25630776917312,0,
0.254864818322714,0.776161262050833,0.235563520509757,0.287724075334695,0.279540344741444,0,
0.84088169450663,0.186503067484663,0.343289526085225,0.343998184706149,0.334998750936797,0,
0.377647666609265,0.419456617002629,0.750696933492632,0.258225550260948,0.255058705970522,0,
0.430859307732047,0.562138475021911,0.763241736360016,0.247560698888133,0.32075943042718,0,
0.303771310487343,0.323225241016652,0.476702508960573,0.471749489448604,0.32075943042718,0,
0.327880144653005,0.508501314636284,0.593389088012744,0.499432720671659,0.32075943042718,0,
0.371276046151197,0.456091148115688,0.672441258462764,0.263898343544361,0.229827629278041,0,
0.395729292233511,0.603856266432954,0.563122262046993,0.248241434082142,0.709218086435174,0,
0.713621491303599,0.28045574057844,0.390681003584229,0.394145677331518,0.305271046714964,0,
0.313070432236955,0.330937773882559,0.610513739545998,0.860449285228046,0.32075943042718,0,
0.339934561735836,0.386853637160386,0.737953006770211,0.667574313592013,0.207594304271796,0,
0.724987084553125,0.284312007011393,0.398048586220629,0.407533469480372,0.303772170871846,0,
0.488031685896332,0.517966695880806,0.575069693349263,0.449512139777627,0.470896827379465,0,
0.479421387980024,0.463978965819457,0.433492632417364,0.333106421601997,0.33999500374719,0,
0.342689857069055,0.582296231375986,0.647550776583035,0.533923303834808,0.32075943042718,0,
0.476321680730153,0.725854513584575,0.277777777777778,0.312911277513047,0.384211841119161,0,
0.462372998105734,0.426117440841367,0.717443249701314,0.512820512820513,0.251561329003248,0,
0.686585155846392,0.191586327782647,0.405814416567105,0.398683911958248,0.299525355983013,0,
0.30704322369554,0.282033304119194,0.412385503783353,0.4499659632403,0.32075943042718,0,
0.439814017565008,0.608764241893076,0.290720828355237,0.429543907420014,0.271046714963777,0,
0.383158257275702,0.403330411919369,0.72520908004779,0.225777172679828,0.411191606295279,0,
0.612536593766144,0.421384750219106,0.578056551174831,0.293169956886771,0.369223082687984,0,
0.366626485276391,0.547063978965819,0.294902429311031,0.318130247333787,0.291031726205346,0,
0.336662648527639,0.407887817703769,0.782357626443648,0.141139096891309,0.229577816637522,0,
0.694162218012743,0.346888694127958,0.341696535244922,0.387792148854096,0.308018985760679,0,
0,0.00841367221735321,0.452807646356033,0.404583616972998,0.32075943042718,0,
0.325297055278113,0.326029798422436,0.484866587017125,0.802132970274563,0.567324506620035,0,
0.87136214913036,0.345311130587204,0.43110314615691,0.51690492398457,0.276292780414689,0,
0.393835026691924,0.412795793163891,0.71505376344086,0.485818016791468,0.240319760179865,0,
0.453762700189426,0.700788781770377,0.242532855436081,0.315407306557749,0.518860854359231,0,
0.360427070776649,0.548466257668712,0.308243727598566,0.330837304288632,0.30102423182613,0,
0.47063888410539,0.541454864154251,0.311628833134209,0.326979804855911,0.299775168623532,0,
0.727053556053039,0.31603856266433,0.401234567901235,0.391876560018153,0.308018985760679,0,
0.700361632512485,0.282208588957055,0.394464356829948,0.394145677331518,0.305770671996003,0,
0.340795591527467,0.336371603856266,0.508363201911589,0.639210347174949,0.32075943042718,0,
0.321508524194937,0.303067484662577,0.455993628036639,0.221012026321761,0.772170871846115,0,
0.375236783192698,0.586678352322524,0.293309438470729,0.408668028137055,0.295778166375219,0,
0.823661098674014,0.320420683610868,0.336121067303863,0.381892443839347,0.339245565825631,0,
0.376786636817634,0.614548641542507,0.686379928315412,0.490356251418198,0.26255308518611,0,
0.596865851558464,0.487992988606485,0.464356829948228,0.42001361470388,0.519860104921309,0,
0.451868434647839,0.641717791411043,0.267622461170848,0.319037894259133,0.293529852610542,0,
0.335801618736008,0.410692375109553,0.763042612504978,0.246879963694123,0.255308518611042,0,
0.479765799896676,0.436459246275197,0.30884109916368,0.331971862945314,0.305770671996003,0,
0.498708455312554,0.648553900087642,0.294902429311031,0.323576128885863,0.3974519110667,0,
0.338212502152574,0.436459246275197,0.727996814018319,0.242568640798729,0.26255308518611,0,
0.668159118305493,0.456091148115688,0.454400637196336,0.455638756523712,0.262303272545591,0,
0.41415532977441,0.548115687992989,0.286140979689367,0.324256864079873,0.299275543342493,0,
0.308593077320475,0.334092900964067,0.485862206292314,0.550487860222374,0.32075943042718,0,
0.475977268813501,0.0552147239263804,0.254281162883313,0.721579305650102,0.175118661004247,0,
0.370759428276218,0.529535495179667,0.659697331740342,0.510097572044475,0.32075943042718,0,
0.918202169795075,0.36091148115688,0.330545599362804,0.340140685273429,0.306769922558081,0,
0.602893060099879,0.324627519719544,0.395459976105137,0.412298615838439,0.289782663002748,0,
0.350094713277079,0.307449605609115,0.552568697729988,0.847061493079192,0.12190856857357,0,
0.722059583261581,0.289044697633655,0.44305057745918,0.336963921034717,0.303272545590807,0,
0.312553814361977,0.298334794040315,0.459776981282358,0.754027683231223,0.32075943042718,0,
0.403134148441536,0.758106923751096,0.25826363998407,0.312457454050374,0.284786410192356,0,
0.361976924401584,0.340753724802805,0.692751891676623,0.613569321533923,0.230077441918561,0,
0.316514551403479,0.292199824715162,0.452807646356033,0.655547991831178,0.32075943042718,0,
0.691234716721199,0.350744960560911,0.344882516925528,0.345359655094168,0.332750437172121,0,
0.314620285861891,0.371078001752848,0.788331342094783,0.164964828681643,0.32075943042718,0,
0.324780437403134,0.427519719544259,0.542214257268021,0.655774903562514,0.197102173369973,0,
0.574995694851042,0.665731814198072,0.27021107128634,0.31336510097572,0.293280039970022,0,
0.239882899948338,0.0304995617879053,0.243329350856233,0.295892897662809,0.283037721708718,0,
0.500947132770794,0.541279579316389,0.305256869772999,0.398683911958248,0.297277042218336,0,
0.842431548131565,0.350920245398773,0.524890481879729,0.312911277513047,0.300024981264052,0,
0.893576717754434,0.2988606485539,0.338709677419355,0.34331744951214,0.308518611041719,0,
0.32271396590322,0.312007011393514,0.556152927120669,0.744724302246426,0.170622033474894,0,
0.33976235577751,0.461524978089395,0.825169255276782,0.240072611754028,0.450412190856857,0,
0.341484415360771,0.409290096406661,0.800079649542015,0.155661447696846,0.32075943042718,0,
0.546065093852247,0.468185801928133,0.451413779370769,0.393918765600182,0.264301773669748,0,
0.388324436025486,0.680806310254163,0.63878932696137,0.489902427955525,0.32075943042718,0,
0.647322197348028,0.51954425942156,0.511549183592194,0.320399364647152,0.359980014988758,0,
0.347167211985535,0.44715162138475,0.570688968538431,0.470841842523259,0.18611041718711,0,
0.380230755984157,0.627344434706398,0.561728395061728,0.450192874971636,0.26904821383962,0,
0.482348889271569,0.702015775635408,0.269812823576264,0.431359201270706,0.411941044216837,0,
0.399690029275013,0.539176161262051,0.276184786937475,0.317222600408441,0.29502872845366,0,
0.545204064060617,0.530061349693252,0.45957785742732,0.423190378942591,0.27579315513365,0,
0.340795591527467,0.445223488168273,0.914376742333732,0.164057181756297,0.227829128153885,0,
0.799035646633373,0.319368974583699,0.540621266427718,0.435216700703426,0.280539595303522,0,
0.335112794902704,0.338299737072743,0.473118279569892,0.703199455411845,0.651761179115663,0,
0.692267952471155,0.451533742331288,0.428514536041418,0.395280235988201,0.302023482388209,0,
0.425520923023937,0.685714285714286,0.228395061728395,0.455411844792376,0.245815638271297,0,
0.697089719304288,0.282208588957055,0.391477499004381,0.395734059450874,0.304771421433925,0,
0.411055622524539,0.631726555652936,0.655515730784548,0.278420694349898,0.279040719460405,0,
0.401756500774927,0.528834355828221,0.455595380326563,0.31926480599047,0.294279290532101,0,
0.507663165145514,0.75863277826468,0.277379530067702,0.319945541184479,0.28878341244067,0,
0.522472877561564,0.41840490797546,0.609119872560733,0.610392557295212,0.491131651261554,0,
0.358188393318409,0.745661700262927,0.263042612504978,0.442024052643522,0.469148138895828,0,
0.450662992939556,0.624890446976337,0.274193548387097,0.41479464488314,0.287034723957032,0,
0.340795591527467,0.350043821209465,0.701911589008363,0.693896074427048,0.209093180114914,0,
0.369898398484588,0.598071866783523,0.282755874153724,0.320399364647152,0.298276292780415,0,
0.335629412777682,0.482033304119194,0.665272799681402,0.254594962559564,0.26255308518611,0,
0.337007060444291,0.435056967572305,0.826164874551971,0.22237349670978,0.32075943042718,0,
0.317892199070088,0.370376862401402,0.440661091198726,0.518039482641253,0.548088933300025,0,
0.332185293611159,0.311831726555653,0.467144563918757,0.692080780576356,0.582063452410692,0,
0.563457895643189,0.719719544259422,0.281561131023497,0.418879056047198,0.388458656007994,0,
0.351300154985362,0.611218229623138,0.265830346475508,0.440662582255503,0.32075943042718,0,
0.389874289650422,0.43908851884312,0.599960175228992,0.286362604946676,0.381214089432925,0,
0.576028930600999,0.407186678352323,0.462962962962963,0.327660540049921,0.30776917312016,0,
0.422765627690718,0.81262050832603,0.269613699721227,0.416383027002496,0.282787909068199,0,
0.389874289650422,0.818755477651183,0.242333731581043,0.529158157476742,0.253310017486885,0,
0.84759772688135,0.321998247151621,0.332935085623258,0.395053324256864,0.305770671996003,0,
0.677458240055106,0.357230499561788,0.441656710473915,0.309961425005673,0.430177366974769,0,
0.445324608231445,0.567922874671341,0.297889287136599,0.402995234853642,0.289283037721709,0,
0.517306698811779,0.422261174408414,0.423934687375548,0.389834354436124,0.346739945041219,0,
0.334423971069399,0.32988606485539,0.738749502190362,0.719537100068073,0.177866600049963,0,
0.394523850525228,0.65977212971078,0.566109119872561,0.270932607215793,0.277292030976767,0,
0.389357671775443,0.767747589833479,0.240939864595779,0.446789199001588,0.277042218336248,0,
0.400206647149991,0.684837861524978,0.243130227001195,0.30496936691627,0.287534349238071,0,
0.5167900809368,0.686765994741455,0.28036638789327,0.302927161334241,0.249313015238571,0,
0.788703289133804,0.29079754601227,0.402031063321386,0.377808032675289,0.347739195603298,0,
0.442052695023248,0.669062226117441,0.301075268817204,0.32312230542319,0.292530602048464,0,
0.638367487515068,0.582646801051709,0.267821585025886,0.321760835035171,0.295528353734699,0,
0.411744446357844,0.439263803680982,0.694544006371963,0.513501248014522,0.264801398950787,0,
0.715860168761839,0.36091148115688,0.397252090800478,0.379623326525981,0.309268048963278,0,
0.368692956776304,0.58510078878177,0.531660692951015,0.428636260494668,0.32075943042718,0,
0.650594110556225,0.393514460999124,0.394663480684986,0.387338325391423,0.341493879590307,0,
0.51592905114517,0.625416301489921,0.279968140183194,0.407306557749036,0.355983012740445,0,
0.335112794902704,0.316213847502191,0.728594185583433,0.568867710460631,0.440669497876593,0,
0.304115722403995,0.281682734443471,0.446037435284747,0.235307465395961,0.32075943042718,0,
0.706733252970553,0.346713409290096,0.339506172839506,0.375312003630588,0.332000999250562,0,
0.813673153091097,0.184750219106047,0.396853843090402,0.42001361470388,0.297027229577817,0,
0.360427070776649,0.539176161262051,0.671644763042613,0.260948491036987,0.257556832375718,0,
0.507490959187188,0.637510955302366,0.299084030266826,0.32312230542319,0.381963527354484,0,
0.329774410194593,0.33567046450482,0.482875348466746,0.513047424551849,0.32075943042718,0,
0.359566040985018,0.682559158632778,0.27757865392274,0.29975039709553,0.289033225081189,0,
0.581195109350783,0.541805433829974,0.635005973715651,0.304742455184933,0.291531351486385,0,
0.341140003444119,0.498685363716039,0.97610513739546,0.156115271159519,0.230327254559081,0,
0.547787153435509,0.511656441717791,0.297690163281561,0.271386430678466,0.665251061703722,0,
0.325641467194765,0.323575810692375,0.507168458781362,0.847969140004538,0.131401448913315,0,
0.315825727570174,0.319193689745837,0.259060135404221,0.212843203993646,0.517112165875593,0,
0.36128810056828,0.563365468886941,0.266427718040621,0.292489221692761,0.393954534099425,0,
0.311864990528672,0.336021034180543,0.501194743130227,0.936010891763104,0.32075943042718,0,
0.33976235577751,0.396844872918493,0.784747112704102,0.600181529385069,0.196102922807894,0,
0.392112967108662,0.848729184925504,0.232377538829152,0.43430905377808,0.279790157381964,0,
0.505080075770622,0.479228746713409,0.437275985663082,0.40049920580894,0.349987509367974,0,
0.323747201653177,0.344084136722174,0.508562325766627,0.758565917857953,0.139645266050462,0,
0.344756328568968,0.781069237510955,0.251294305057746,0.424324937599274,0.369722707969023,0,
0.317203375236783,0.291323400525854,0.471724412584628,0.611980939414568,0.738945790657007,0,
0.90184260375409,0.30464504820333,0.339705296694544,0.342182890855457,0.337247064701474,0,
0.419493714482521,0.705872042068361,0.266228594185583,0.416609938733833,0.265800649512865,0,
0.238333046323403,0.481156879929886,0.719832735961768,0.223508055366462,0.460904321758681,0,
0.335629412777682,0.329535495179667,0.739745121465551,0.734967097798956,0.178116412690482,0,
0.333562941277768,0.326555652936021,0.513341298287535,0.852734286362605,0.128653509867599,0,
0.336318236610987,0.704469763365469,0.259259259259259,0.420921261629226,0.362228328753435,0,
0.357843981401756,0.618755477651183,0.677021107128634,0.53641933287951,0.235823132650512,0,
0.31152057861202,0.299386503067485,0.493628036638789,0.29906966190152,0.201348988258806,0,
0.692440158429482,0.31726555652936,0.397650338510554,0.382800090764693,0.346989757681739,0,
0.393146202858619,0.762839614373357,0.559936280366388,0.290220104379396,0.282538096427679,0,
0.32047528844498,0.387554776511832,0.526483472720032,0.799863852961198,0.151886085435923,0,
0.36128810056828,0.503768624014023,0.60752688172043,0.464488314045836,0.253809642767924,0,
0.428792836232134,0.616827344434706,0.276184786937475,0.418652144315861,0.279290532100924,0,
0.490098157396246,0.674145486415425,0.277379530067702,0.317903335602451,0.351986010492131,0,
0.621663509557431,0.31954425942156,0.400438072481083,0.392784206943499,0.283537346989758,0,
0.457723437230928,0.517791411042945,0.302867383512545,0.402541411390969,0.298526105420934,0,
0.306182193903909,0.294478527607362,0.447431302270012,0.715906512366689,0.107669248063952,0,
0.378680902359222,0.610517090271692,0.69852648347272,0.225323349217155,0.32075943042718,0,
0.338901325985879,0.605609114811569,0.720230983671844,0.219423644202405,0.253559830127404,0,
0.588944377475461,0.533917616126205,0.439466348068499,0.442704787837531,0.53210092430677,0,
0.305837781987257,0.277125328659071,0.408602150537634,0.445654640344906,0.227079690232326,0,
0.343378680902359,0.312007011393514,0.711071286340103,0.573405945087361,0.605046215338496,0,
0.762011365593249,0.190709903593339,0.342891278375149,0.345132743362832,0.309517861603797,0,
0.336146030652661,0.432252410166521,0.982477100756671,0.169956886771046,0.32075943042718,0,
0.314964697778543,0.294829097283085,0.507168458781362,0.692080780576356,0.32075943042718,0,
0.333907353194421,0.38737949167397,0.892074870569494,0.191967324710688,0.456657506869848,0,
0.363698983984846,0.874145486415425,0.242333731581043,0.2809167233946,0.281039220584562,0,
0.33166867573618,0.455565293602103,0.686379928315412,0.254141139096891,0.32075943042718,0,
0.429826071982091,0.328133216476775,0.62863401035444,0.873383253914227,0.157631776167874,0,
0.546237299810573,0.360210341805434,0.337116686579052,0.384161561152712,0.350986759930052,0,
0.407267091441364,0.753549517966696,0.275786539227399,0.416836850465169,0.289283037721709,0,
0.33166867573618,0.356003505696757,0.506172839506173,0.753800771499887,0.32075943042718,0,
0.33976235577751,0.540753724802805,0.52568697729988,0.434082142046744,0.361229078191356,0,
0.85879111417255,0.352673093777388,0.41816009557945,0.556387565237123,0.270547089682738,0,
0.415016359566041,0.626993865030675,0.505973715651135,0.420467438166553,0.291531351486385,0,
0.408816945066299,0.438387379491674,0.705097570688969,0.499659632402995,0.269547839120659,0,
0.367487515068021,0.44715162138475,0.288530465949821,0.307011572498298,0.366475143642268,0,
0.700189426554159,0.440841367221735,0.439466348068499,0.587474472430225,0.252060954284287,0,
0.416049595315998,0.539351446099912,0.532656312226205,0.410029498525074,0.353734698975768,0,
0.406233855691407,0.488694127957932,0.710274790919952,0.509870660313138,0.253809642767924,0,
0.381608403650766,0.497107800175285,0.801075268817204,0.53641933287951,0.201348988258806,0,
0.559497158601687,0.687817703768624,0.271007566706491,0.477422282732017,0.398950786909818,0,
0.370759428276218,0.333742331288344,0.635802469135802,0.786022237349671,0.181613789657757,0,
0.412088858274496,0.532865907099036,0.267821585025886,0.308599954617654,0.28178865850612,0,
0.34871706561047,0.429272567922875,0.926722421346077,0.177671885636487,0.229328003997002,0,
0.363698983984846,0.374233128834356,0.779769016328156,0.798275470841842,0.176367724206845,0,
0.418977096607543,0.735144609991236,0.260254878534448,0.290900839573406,0.549337996502623,0,
0.387635612192182,0.637160385626643,0.260055754679411,0.315861130020422,0.290282288283787,0,
0.345617358360599,0.720245398773006,0.277976901632816,0.312003630587701,0.286285286035473,0,
0.649560874806268,0.279579316389132,0.341099163679809,0.37712729748128,0.300274793904572,0,
0.304632340278974,0.279754601226994,0.43010752688172,0.570002269117313,0.713215088683487,0,
0.620113655932495,0.320595968448729,0.400438072481083,0.393011118674835,0.282787909068199,0,
0.445496814189771,0.612445223488168,0.491636798088411,0.466530519627865,0.601798651011741,0,
0.3568107456518,0.316739702015776,0.742134607726005,0.65282505105514,0.522857856607544,0,
0.352333390735319,0.545661700262927,0.608920748705695,0.462899931926481,0.268548588558581,0,
0.35543309798519,0.615775635407537,0.25647152528873,0.407533469480372,0.357981513864602,0,
0.363698983984846,0.45749342681858,0.526284348864994,0.455184933061039,0.286535098675993,0,
0.330463234027897,0.41262050832603,0.840700915969733,0.204447469934196,0.32075943042718,0,
0.517134492853453,0.557230499561788,0.290521704500199,0.450873610165646,0.665251061703722,0,
0.377475460650939,0.544960560911481,0.609916367980884,0.460403902881779,0.368723457406945,0,
0.393318408816945,0.733917616126205,0.518319394663481,0.595870206489675,0.226080439670247,0,
0.32495264336146,0.323400525854514,0.504181600955794,0.181075561606535,0.789657756682488,0,
0.336834854485965,0.290446976336547,0.486459577857427,0.878375312003631,0.136897327004746,0,
0.315481315653522,0.33339176161262,0.527279968140183,0.475380077149989,0.32075943042718,0,
0.353538832443603,0.724627519719544,0.255276782158503,0.427501701837985,0.285785660754434,0,
0.332185293611159,0.675547765118317,0.247510951812027,0.414567733151804,0.361229078191356,0,
0.368176338901326,0.811568799298861,0.281162883313421,0.316541865214432,0.279290532100924,0,
0.731358705011193,0.366871165644172,0.421346077260056,0.528250510551395,0.262303272545591,0,
0.349233683485449,0.426643295354952,0.754082039028276,0.534830950760154,0.259055708218836,0,
0.627346306182194,0.409991235758107,0.400438072481083,0.393011118674835,0.354733949537847,0,
0.545892887893921,0.566170026292726,0.300876144962166,0.32834127524393,0.302273295028728,0,
0.308420871362149,0.282208588957055,0.43010752688172,0.462219196732471,0.32075943042718,0,
0.345961770277252,0.684662576687117,0.261449621664675,0.310415248468346,0.244566575068699,0,
0.417427242982607,0.829973707274321,0.273596176821983,0.309961425005673,0.362977766674994,0,
0.851730669881178,0.376862401402279,0.331342094782955,0.378261856137962,0.301773669747689,0,
0.330979851902876,0.410867659947415,0.845878136200717,0.602904470161107,0.229078191356483,0,
0.848803168589633,0.354250657318142,0.416766228594186,0.300204220558203,0.472395703222583,0,
0.517306698811779,0.658545135845749,0.522700119474313,0.504651690492399,0.272295778166375,0,
0.35991045290167,0.782120946538124,0.247112704101951,0.462219196732471,0.486635023732201,0,
0.486998450146375,0.37353198948291,0.331939466348068,0.383480825958702,0.32075943042718,0,
0.865851558463923,0.17703768624014,0.38968538430904,0.380304061719991,0.334499125655758,0,
0.419321508524195,0.737773882559159,0.564914376742334,0.278193782618561,0.374718960779415,0,
0.461511968314104,0.646976336546889,0.264237355635205,0.316541865214432,0.293529852610542,0,
0.819700361632512,0.334969325153374,0.407606531262445,0.432720671658725,0.298775918061454,0,
0.380402961942483,0.5977212971078,0.299681401831939,0.401633764465623,0.375468398700974,0,
0.759944894093336,0.349342681858019,0.574671445639188,0.296800544588155,0.294279290532101,0,
0.332874117444464,0.315512708150745,0.597570688968538,0.754027683231223,0.531351486385211,0,
0.679352505596694,0.427169149868536,0.333333333333333,0.383707737690039,0.306270297277042,0,
0.713104873428621,0.314460999123576,0.412783751493429,0.340594508736102,0.338496127904072,0,
0.369726192526261,0.412795793163891,0.752289924332935,0.185386884501929,0.219335498376218,0,
0.341484415360771,0.826117440841367,0.259259259259259,0.446562287270252,0.481139145640769,0,
0.394696056483554,0.628396143733567,0.274990043807248,0.425686407987293,0.26305271046715,0,
0.399345617358361,0.767572304995618,0.482676224611708,0.574540503744044,0.238571071696228,0,
0.479421387980024,0.530061349693252,0.303663878932696,0.400726117540277,0.295278541094179,0,
0.337868090235922,0.675021910604733,0.284348864994026,0.412752439301112,0.362727954034474,0,
0.348200447735492,0.540052585451358,0.48805256869773,0.419786702972544,0.296777416937297,0,
0.822800068882383,0.292024539877301,0.402628434886499,0.406625822555026,0.298526105420934,0,
0.472016531771999,0.688343558282209,0.286539227399442,0.32312230542319,0.294029477891581,0,
0.308937489237128,0.321647677475898,0.583432895260852,0.828681642840935,0.123657257057207,0,
0.616152918890994,0.388957055214724,0.514336917562724,0.723848422963467,0.209342992755433,0,
0.654554847597727,0.495880806310254,0.323974512146555,0.339459950079419,0.343242568073945,0,
0.465644911313931,0.58737949167397,0.483671843886898,0.632176083503517,0.221583812140894,0,
0.364043395901498,0.601928133216477,0.610513739545998,0.514408894939868,0.32075943042718,0,
0.718787670053384,0.291148115687993,0.404221425726802,0.405945087361017,0.305021234074444,0,
0.499913897020837,0.463803680981595,0.426921545201115,0.403222146584978,0.361478890831876,0,
0.338729120027553,0.429447852760736,0.712066905615293,0.248695257544815,0.258306270297277,0,
0.402273118649905,0.456792287467134,0.248904818797292,0.283639664170638,0.253559830127404,1,
0.35319442052695,0.370201577563541,0.568100358422939,0.765373269798049,0.32075943042718,1,
0.316342345445152,0.335495179666959,0.58821186778176,0.510324483775811,0.456657506869848,1,
0.337007060444291,0.337072743207713,0.681800079649542,0.181302473337872,0.89732700474644,1,
0.431031513690374,0.302015775635407,0.768219832735962,0.236215112321307,0.445665750686985,1,
0.310487342862063,0.308851884312007,0.486857825567503,0.777172679827547,0.12165875593305,1,
0.318408816945066,0.322524101665206,0.486857825567503,0.660993873383254,0.533349987509368,1,
0.400034441191665,0.340052585451358,0.644563918757467,0.499432720671659,0.447414439170622,1,
0.338212502152574,0.391411042944785,0.803663878932696,0.220558202859088,0.227829128153885,1,
0.387118994317203,0.339702015775635,0.752090800477897,0.220331291127751,0.2305770671996,1,
0.49216462889616,0.65170902716915,0.623257666268419,0.302473337871568,0.28853359980015,1,
0.310659548820389,0.331638913234005,0.592592592592593,0.567052416609939,0.199100674494129,1,
0.331152057861202,0.338299737072743,0.502986857825567,0.824597231676878,0.575318511116662,1,
0.439297399690029,0.587554776511832,0.542811628833134,0.477649194463354,0.479140644516613,1,
0.327880144653005,0.324978089395267,0.444046196734369,0.735420921261629,0.142393205096178,1,
0.312209402445325,0.31498685363716,0.533452807646356,0.494213750850919,0.123657257057207,1,
0.3271913208197,0.336196319018405,0.653325368379132,0.502155661447697,0.642018486135398,1,
0.389874289650422,0.304119193689746,0.741537236160892,0.231676877694577,0.428678491131651,1,
0.328741174444636,0.308501314636284,0.487056949422541,0.683004311322895,0.823382463152636,1,
0.404339590149819,0.364767747589833,0.746714456391876,0.645790787383708,0.188858356232825,1,
0.327363526778026,0.30692375109553,0.518717642373556,0.812797821647379,0.32075943042718,1,
0.391940761150336,0.329184925503944,0.753285543608124,0.622645790787384,0.71796152885336,1,
0.409333562941278,0.310254163014899,0.678414974113899,0.237122759246653,0.431426430177367,1,
0.378164284484243,0.366520595968449,0.789326961369972,0.221465849784434,0.500874344241819,1,
0.406750473566385,0.383698510078878,0.634010354440462,0.546403449058316,0.12190856857357,1,
0.356294127776821,0.462751971954426,0.642771804062127,0.228500113455866,0.242568073944542,1,
0.337007060444291,0.412971078001753,0.78952608522501,0.644656228727025,0.32075943042718,1,
0.313931462028586,0.310955302366345,0.510951812027081,0.818924438393465,0.112665500874344,1,
0.352161184776993,0.395793163891323,0.619275189167662,0.596097118221012,0.415938046465151,1,
0.391251937317031,0.665381244522349,0.59836718438869,0.547084184252326,0.228078940794404,1,
0.332874117444464,0.300087642418931,0.679410593389088,0.700022691173134,0.846864851361479,1,
0.31152057861202,0.354776511831727,0.427120669056153,0.490129339686862,0.32075943042718,1,
0.38952987773377,0.41489921121823,0.711469534050179,0.518266394372589,0.238321259055708,1,
0.399690029275013,0.308501314636284,0.673038630027877,0.521896982073973,0.500374718960779,1,
0.479249182021698,0.334268185801928,0.754679410593389,0.645563875652371,0.585810642018486,1,
0.594454968141898,0.490271691498685,0.614097968936679,0.259587020648968,0.482638021483887,1,
0.267435853280523,0.180543382997371,0.269812823576264,0.632176083503517,0.32075943042718,1,
0.32633029102807,0.306047326906223,0.741338112305854,0.641933287950987,0.687984011991007,1,
0.446357843981402,0.483085013146363,0.538231780167264,0.619922850011346,0.202847864101924,1,
0.350611331152058,0.374583698510079,0.521505376344086,0.578398003176764,0.550836872345741,1,
0.406578267608059,0.372480280455741,0.632815611310235,0.539369185386885,0.044216837371971,1,
0.364215601859824,0.529184925503944,0.667662285941856,0.563194917177218,0.603297526854859,1,
0.350266919235405,0.385276073619632,0.54320987654321,0.559337417744497,0.516862353235074,1,
0.495092130187704,0.444347063978966,0.823775388291517,0.252325845246199,0.24981264051961,1,
0.358016187360083,0.357756354075372,0.541816009557945,0.723394599500794,0.624031976017987,1,
0.36352677802652,0.361612620508326,0.78494623655914,0.549126389834354,0.208093929552835,1,
0.342173239194076,0.375284837861525,0.571883711668658,0.604265940549126,0.233574818885836,1,
0.3159979335285,0.367221735319895,0.427120669056153,0.482641252552757,0.32075943042718,1,
0.335801618736008,0.365293602103418,0.586818000796495,0.590424324937599,0.176117911566325,1,
0.327019114861374,0.344084136722174,0.512943050577459,0.644202405264352,0.32075943042718,1,
0.322541759944894,0.35056967572305,0.513341298287535,0.671204901293397,0.503622283287534,1,
0.313587050111934,0.327957931638913,0.46136997212266,0.464942137508509,0.700974269298026,1,
0.183915963492337,0.0781770376862401,0.170649143767423,0.161788064442932,0.199350487134649,1,
0.488376097812984,0.338299737072743,0.702309836718439,0.503063308373043,0.2560579565326,1,
0.34647838815223,0.326906222611744,0.614097968936679,0.535057862491491,0.32075943042718,1,
0.490098157396246,0.482559158632778,0.694544006371963,0.253460403902882,0.53210092430677,1,
0.32495264336146,0.306573181419807,0.441258462763839,0.676423871114137,0.133899575318511,1,
0.398828999483382,0.364592462751972,0.799880525686977,0.234853641933288,0.263302523107669,1,
0.345445152402273,0.336546888694128,0.597371565113501,0.541411390968913,0.571821134149388,1,
0.3159979335285,0.318667835232252,0.439466348068499,0.274790106648514,0.599550337247065,1,
0.341484415360771,0.431726555652936,0.899442453205894,0.208758792829589,0.51311516362728,1,
0.390735319442053,0.39193689745837,0.765033851055356,0.238257317903336,0.264301773669748,1,
0.316170139486826,0.358282208588957,0.59099960175229,0.789199001588382,0.32075943042718,1,
0.327880144653005,0.30464504820333,0.493229788928714,0.705695484456546,0.783912065950537,1,
0.330979851902876,0.350394390885188,0.236160892074871,0.90832766054005,0.0582063452410692,1,
0.322197348028242,0.180368098159509,0.261648745519713,0.112775130474245,0.0721958531101674,1,
0.453762700189426,0.528483786152498,0.481083233771406,0.501021102791014,0.26904821383962,1,
0.441363871189943,0.352673093777388,0.746913580246914,0.788972089857046,0.186859855108668,1,
0.360943688651627,0.351095530236635,0.969135802469136,0.233038348082596,0.449163127654259,1,
0.352677802651972,0.338124452234882,0.8584229390681,0.189017472203313,0.499125655758181,1,
0.525572584811434,0.692725679228747,0.556551174830745,0.312230542319038,0.290781913564826,1,
0.361632512484932,0.466432953549518,0.653126244524094,0.786022237349671,0.32075943042718,1,
0.504735663853969,0.548115687992989,0.537634408602151,0.711141366008623,0.227329502872845,1,
0.345272946443947,0.421910604732691,0.53126244524094,0.868164284093488,0.153384961279041,1,
0.366798691234717,0.415425065731814,0.600557546794106,0.879282958928977,0.590307269547839,1,
0.344756328568968,0.33444347063979,0.76742333731581,0.613342409802587,0.672495628278791,1,
0.420699156190804,0.470990359333918,0.208482676224612,0.617653732697981,0.24381713714714,1,
0.343895298777338,0.342331288343558,0.894066109119873,0.579759473564783,0.451161628778416,1,
0.323058377819873,0.315337423312883,0.746913580246914,0.226457907873837,0.32075943042718,1,
0.312381608403651,0.340403155127081,0.230784547988849,0.829362378034944,0.110666999750187,1,
0.412605476149475,0.370727432077125,0.701911589008363,0.850238257317903,0.32075943042718,1,
0.340623385569141,0.59649430324277,0.530465949820788,0.672566371681416,0.217336997252061,1,
0.264336146030653,0.312883435582822,0.494822779769016,0.769684592693442,0,1,
0.443774754606509,0.277300613496932,0.845280764635603,0.20739732244157,0.216837371971022,1,
0.332357499569485,0.359509202453988,0.887295898048586,0.638529611980939,0.48063952035973,1,
0.344584122610642,0.42296231375986,0.765432098765432,0.570456092579986,0.596802398201349,1,
0.317203375236783,0.409815950920245,0.487256073277579,0.651917404129794,0.32075943042718,1,
0.347339417943861,0.409290096406661,0.865392273994425,0.216927615157704,0.440169872595553,1,
0.452557258481143,0.672743207712533,0.277379530067702,0.578851826639437,0.24981264051961,1,
0.413810917857758,0.38387379491674,0.680605336519315,0.566371681415929,0.694479140644517,1,
0.329257792319614,0.363365468886941,0.54320987654321,0.269571136827774,0.623032725455908,1,
0.34423971069399,0.381419807186678,0.697331740342493,0.220558202859088,0.447414439170622,1,
0.382813845359049,0.408764241893076,0.658900836320191,0.561152711595189,0.233075193604796,1,
0.371792664026175,0.327432077125329,0.753086419753086,0.609711822101203,0.124656507619286,1,
0.341656621319098,0.403680981595092,0.909199522102748,0.180394826412526,0.222832875343492,1,
0.406578267608059,0.524452234881683,0.577857427319793,0.274563194917177,0.281039220584562,1,
0.365593249526434,0.339000876424189,0.716248506571087,0.584070796460177,0.764676492630527,1,
0.314792491820217,0.370727432077125,0.466547192353644,0.638075788518266,0.32075943042718,1,
0.450662992939556,0.527081507449606,0.4778972520908,0.502382573179033,0.270796902323258,1,
0.322886171861546,0.323049956178791,0.534647550776583,0.794417971409122,0.127154634024482,1,
0.509040812812123,0.648378615249781,0.588809239346874,0.285228046289993,0.28853359980015,1,
0.366626485276391,0.448378615249781,0.865392273994425,0.177671885636487,0.476392705470897,1,
0.315481315653522,0.327782646801052,0.584229390681004,0.721806217381439,0.183112665500874,1,
0.459273290855864,0.51726555652936,0.704699322978893,0.592012707056955,0.219335498376218,1,
0.276907180988462,0.164066608238387,0.256073277578654,0.203312911277513,0.32075943042718,1,
0.330979851902876,0.333742331288344,0.483870967741935,0.763557975947357,0.0352235823132651,1,
0.274840709488548,0.367046450482033,0.621067303863003,0.637621965055593,0.48688483637272,1,
0.337351472360944,0.452585451358457,0.762046993229789,0.246199228500113,0.254559080689483,1,
0.462200792147408,0.600175284837862,0.611708482676225,0.535965509416837,0.263302523107669,1,
0.449801963147925,0.371078001752848,0.540820390282756,0.680054458815521,0.46140394703972,1,
0.329774410194593,0.324276950043821,0.46594982078853,0.684365781710914,0.0874344241818636,1,
0.283795419321508,0.346713409290096,0.603345280764636,0.645336963921035,0.32075943042718,1,
0.340795591527467,0.355477651183173,0.549382716049383,0.620149761742682,0.32075943042718,1,
0.42672636473222,0.546538124452235,0.280167264038232,0.421601996823236,0.255058705970522,1,
0.388496641983813,0.339877300613497,0.857228195937873,0.578624914908101,0.439920059955034,1,
0.474944033063544,0.474320771253287,0.693548387096774,0.649875198547765,0.209842618036473,1,
0.319442052695023,0.353023663453111,0.622859418558343,0.743135920127071,0.32075943042718,1,
0.327535732736353,0.361086765994741,0.540223018717642,0.2809167233946,0.637022233325006,1,
0.468572412605476,0.319193689745837,0.707487056949422,0.560018152938507,0.259805146140395,1,
0.370759428276218,0.495530236634531,0.703504579848666,0.576355797594736,0.567824131901074,1,
0.314792491820217,0.337423312883436,0.441457586618877,0.495348309507602,0.649263052710467,1,
0.384363698983985,0.308676599474145,0.605137395459976,0.686181075561607,0.814639020734449,1,
0.358877217151713,0.381945661700263,0.514336917562724,0.641252552756978,0.32075943042718,1,
0.335629412777682,0.314636283961437,0.589207487056949,0.105513955071477,0.900074943792156,1,
0.33304632340279,0.359158632778265,0.61668657905217,0.524846834581348,0.650012490632026,1,
0.356466333735147,0.374583698510079,0.539824771007567,0.728159745858861,0.0612040969273045,1,
0.360599276734975,0.521121822962314,0.531859816806053,0.460403902881779,0.395453409942543,1,
0.374892371276046,0.416827344434706,0.670848267622461,0.742001361470388,0.197351986010492,1,
0.33166867573618,0.331989482909728,0.504181600955794,0.575901974132063,0.556832375718211,1,
0.389357671775443,0.437686240140228,0.654520111509359,0.588382119355571,0.648263802148389,1,
0.355949715860169,0.305521472392638,0.735563520509757,0.602223734967098,0.509867599300525,1,
0.331152057861202,0.339351446099912,0.664874551971326,0.498978897208986,0.32075943042718,1,
0.389874289650422,0.313234005258545,0.792512943050577,0.564329475833901,0.445915563327504,1,
0.345617358360599,0.382120946538124,0.825169255276782,0.538461538461539,0.162628028978266,1,
0.332357499569485,0.394916739702016,0.609119872560733,0.867710460630815,0.32075943042718,1,
0.52040640606165,0.457668711656442,0.769613699721227,0.258679373723621,0.276042967774169,1,
0.436369898398485,0.591235758106924,0.553166069295101,0.642840934876333,0.206844866350237,1,
0.311003960737042,0.260297984224365,0.383114297092792,0.482868164284094,0.152885335998002,1,
0.344411916652316,0.357931638913234,0.518518518518518,0.864987519854776,0.033974519110667,1,
0.358877217151713,0.784224364592463,0.70131421744325,0.265713637395053,0.277791656257807,1,
0.3159979335285,0.351796669588081,0.596575069693349,0.710914454277286,0.32075943042718,1,
0.484931978646461,0.619281332164768,0.661887694145759,0.266394372589063,0.284036972270797,1,
0.396590322025142,0.329184925503944,0.665272799681402,0.566144769684593,0.449912565575818,1,
0.357155157568452,0.468886941279579,0.665870171246515,0.713183571590651,0.196352735448414,1,
0.324436025486482,0.355652936021034,0.534050179211469,0.780349444066258,0.32075943042718,1,
0.371964869984501,0.44487291849255,0.460175228992433,0.245064669843431,0.32075943042718,1,
0.311348372653694,0.303067484662577,0.415571485463959,0.306557749035625,0.32075943042718,1,
0.331152057861202,0.364066608238387,0.821983273596177,0.589970501474926,0.638770921808644,1,
0.36214913035991,0.412445223488168,0.60294703305456,0.769230769230769,0.701723707219585,1,
0.332529705527811,0.327432077125329,0.501592990840303,0.717041071023372,0.32075943042718,1,
0.386430170483899,0.597546012269939,0.54320987654321,0.495575221238938,0.219585311016737,1,
0.314448079903565,0.351796669588081,0.444245320589407,0.529838892670751,0.630527104671496,1,
0.326846908903048,0.351270815074496,0.595778574273198,0.71976401179941,0.19260554584062,1,
0.337007060444291,0.301314636283961,0.516328156113102,0.577944179714091,0.517112165875593,1,
0.381952815567419,0.31148115687993,0.628833134209478,0.657590197413206,0.824131901074194,1,
0.356466333735147,0.323225241016652,0.725607327757865,0.919219423644202,0.129402947789158,1,
0.321852936111589,0.360385626643295,0.59378733572282,0.802132970274563,0.129902573070197,1,
0.313242638195282,0.347239263803681,0.414177618478694,0.450419786702973,0.538845865600799,1,
0.374031341484415,0.793865030674847,0.226403823178017,0.500340367597005,0.434923807144642,1,
