540,5,2,
0.354055450318581,0.329184925503944,0.719434488251693,0.605854322668482,0.567074693979515,0,
0.608575856724643,0.680806310254163,0.300677021107129,0.326299069661902,0.296027979015738,0,
0.45049078698123,0.687642418930763,0.280565511748307,0.254368050828228,0.565326005495878,0,
0.362321336318237,0.441717791411043,0.730983671843887,0.586793737236215,0.32075943042718,0,
0.464267263647322,0.644171779141104,0.281362007168459,0.312911277513047,0.32075943042718,0,
0.6951954537627,0.353549517966696,0.422540820390283,0.409348763331064,0.222583062702973,0,
0.53383847081109,0.453461875547765,0.421146953405018,0.394372589062855,0.279040719460405,0,
0.374375753401068,0.415074496056091,0.714655515730784,0.67097798956206,0.203347489382963,0,
0.351472360943689,0.371428571428571,0.852449223416965,0.13523939187656,0.206095428428678,0,
0.585500258308937,0.376862401402279,0.281561131023497,0.773995915588836,0.210592055958031,0,
0.427587394523851,0.771779141104295,0.278574273197929,0.427728613569322,0.420434673994504,0,
0.352161184776993,0.61034180543383,0.26742333731581,0.430905377808033,0.293529852610542,0,
0.64456690201481,0.487642418930762,0.463361210673039,0.448150669389607,0.288033974519111,0,
0.251420699156191,0.154425942156004,0.27299880525687,0.571817562968005,0.585061204096927,0,
0.395557086275185,0.682208588957055,0.262246117084827,0.299523485364193,0.280289782663003,0,
0.309626313070432,0.324802804557406,0.587216248506571,0.358747447243022,0.32075943042718,0,
0.313242638195282,0.31726555652936,0.488251692552768,0.842523258452462,0.156132900324756,0,
0.326846908903048,0.470289219982471,0.650139386698526,0.247333787156796,0.27554334249313,0,
0.626140864473911,0.330236634531113,0.341696535244922,0.390515089630134,0.26929802648014,0,
0.448940933356294,0.526380368098159,0.485862206292314,0.403449058316315,0.28828378715963,0,
0.314792491820217,0.291849255039439,0.426722421346077,0.535057862491491,0.773919560329753,0,
0.335801618736008,0.320245398773006,0.799880525686977,0.547311095983662,0.47464401698726,0,
0.447563285689685,0.566345311130587,0.281162883313421,0.442024052643522,0.618036472645516,0,
0.383847081109006,0.81034180543383,0.248108323377141,0.560018152938507,0.252810392205846,0,
0.478904770105046,0.546538124452235,0.309836718438869,0.33356024506467,0.346490132400699,0,
0.328224556569657,0.338650306748466,0.513739545997611,0.793964147946449,0.195353484886335,0,
0.270535560530394,0.424364592462752,0.874551971326165,0.167233945995008,0.216837371971022,0,
0.609436886516273,0.361437335670464,0.40442054958184,0.391195824824143,0.302023482388209,0,
0.333390735319442,0.313234005258545,0.769812823576264,0.56501021102791,0.482138396202848,0,
0.773721370759428,0.329184925503944,0.4778972520908,0.514408894939868,0.420684486635024,0,
0.355088686068538,0.523926380368098,0.830943847072879,0.214431586113002,0.32075943042718,0,
0.726881350094713,0.303242769500438,0.341696535244922,0.381438620376673,0.303772170871846,0,
0.390218701567074,0.751796669588081,0.238749502190362,0.446789199001588,0.27554334249313,0,
0.874978474255209,0.331814198071867,0.406810035842294,0.404583616972998,0.461903572320759,0,
0.324608231444808,0.395968448729185,0.820191158900836,0.219877467665078,0.25630776917312,0,
0.368004132943,0.484136722173532,0.462962962962963,0.427501701837985,0.32075943042718,0,
0.463406233855691,0.756003505696757,0.528872958980486,0.505786249149081,0.399200599550337,0,
0.898226278629241,0.169325153374233,0.397451214655516,0.377808032675289,0.337996502623033,0,
0.4200103323575,0.560385626643295,0.299283154121864,0.325164511005219,0.299775168623532,0,
0.404856208024798,0.430324276950044,0.737953006770211,0.243930111186748,0.424931301523857,0,
0.265541587738936,0.470289219982471,0.818797291915571,0.189698207397322,0.32075943042718,0,
0.809195798174617,0.315512708150745,0.338311429709279,0.342409802586794,0.308768423682238,0,
0.402273118649905,0.793163891323401,0.252688172043011,0.429090083957341,0.389208093929553,0,
0.440330635439986,0.712007011393514,0.273397052966945,0.316314953483095,0.271046714963777,0,
0.0180816256242466,0.351621384750219,0.325567502986858,0.329929657363286,0.297776667499375,0,
0.627862924057172,0.441191936897458,0.415770609318996,0.383934649421375,0.304521608793405,0,
0.259858791114173,0.0813321647677476,0.178414974113899,0.227819378261856,0.246565076192855,0,
0.556569657310143,0.479929886064855,0.45400238948626,0.422282732017245,0.28203847114664,0,
0.824349922507319,0.332515337423313,0.574870569494225,0.301111867483549,0.297277042218336,0,
0.332529705527811,0.405609114811569,0.470131421744325,0.457907873837077,0.32075943042718,0,
0.402789736524884,0.443120070113935,0.753882915173238,0.203993646471523,0.260304771421434,0,
0.327363526778026,0.472567922874671,0.639187574671446,0.473791695030633,0.276542593055209,0,
0.37248148785948,0.751971954425942,0.237554759060135,0.432266848196052,0.568323757182113,0,
0.358705011193387,0.408588957055215,0.808641975308642,0.580213297027456,0.456657506869848,0,
0.249526433614603,0.431551270815074,0.585225009956193,0.241434082142047,0.252310766924806,0,
0.795247115550198,0.406836108676599,0.511350059737157,0.325164511005219,0.30102423182613,0,
0.395901498191837,0.676073619631902,0.267224213460773,0.2809167233946,0.597302023482388,0,
0.638884105390046,0.420157756354075,0.434488251692553,0.339459950079419,0.308018985760679,0,
0.738074737385913,0.34022787028922,0.400836320191159,0.395507147719537,0.34599050711966,0,
0.856208024797658,0.357581069237511,0.336917562724014,0.339459950079419,0.30776917312016,0,
0.776132254175994,0.368624014022787,0.421146953405018,0.402087587928296,0.460904321758681,0,
0.401067676941622,0.7011393514461,0.563719633612107,0.450192874971636,0.276542593055209,0,
0.356121921818495,0.388431200701139,0.802270011947431,0.609484910369866,0.428678491131651,0,
0.317375581195109,0.404206836108677,0.750298685782557,0.219877467665078,0.255558331251561,0,
0.330463234027897,0.431200701139351,0.895858223815213,0.191740412979351,0.21134149387959,0,
0.499913897020837,0.713058720420684,0.550975706889685,0.42977081915135,0.285535848113915,0,
0.318925434820045,0.291498685363716,0.452608522500996,0.220785114590424,0.765425930552086,0,
0.458928878939211,0.463453111305872,0.30426125049781,0.331291127751305,0.304021983512366,0,
0.367831926984674,0.34022787028922,0.554958183990442,0.882459723167688,0.0789407944041969,0,
0.40520061994145,0.672743207712533,0.285742731979291,0.41479464488314,0.254309268048963,0,
0.338384708110901,0.462751971954426,0.911190760653126,0.181756296800545,0.32075943042718,0,
0.309109695195454,0.31954425942156,0.428514536041418,0.477422282732017,0.586310267299525,0,
0.766488720509729,0.2965819456617,0.341696535244922,0.379396414794645,0.341743692230827,0,
0.334079559152747,0.503768624014023,0.495221027479092,0.421148173360563,0.363727204596553,0,
0.431720337523678,0.466432953549518,0.463361210673039,0.396868618107556,0.300524606545091,0,
0.305148958153952,0.290972830850131,0.473715651135006,0.473791695030633,0.430177366974769,0,
0.600309970724987,0.498510078878177,0.441457586618877,0.400045382346267,0.289532850362228,0,
0.345961770277252,0.627870289219982,0.5073675826364,0.426594054912639,0.263552335748189,0,
0.342517651110728,0.534268185801928,0.563918757467144,0.822555026094849,0.180114913814639,0,
0.829860513173756,0.185801928133216,0.342891278375149,0.343090537780803,0.306020484636523,0,
0.433270191148614,0.763014899211218,0.272600557546794,0.313818924438393,0.287534349238071,0,
0.420699156190804,0.333567046450482,0.695937873357228,0.606535057862492,0.469148138895828,0,
0.712932667470294,0.431726555652936,0.314615690959777,0.341955979124121,0.32075943042718,0,
0.354916480110212,0.629623137598598,0.57905217045002,0.51236668935784,0.235573320009993,0,
0.429137248148786,0.603680981595092,0.298884906411788,0.411844792375766,0.360979265550837,0,
0.345272946443947,0.518667835232252,0.295698924731183,0.32902201043794,0.298775918061454,0,
0.275701739280179,0.431901840490798,0.876742333731581,0.194463353755389,0.32075943042718,0,
0.323747201653177,0.398071866783523,0.815013938669853,0.22237349670978,0.32075943042718,0,
0.338384708110901,0.376161262050833,0.864994026284349,0.216473791695031,0.235823132650512,0,
0.349233683485449,0.36669588080631,0.777379530067702,0.544361243476288,0.233325006245316,0,
0.733425176511107,0.418229623137599,0.657108721624851,0.286135693215339,0.290032475643268,0,
0.510418460478733,0.749868536371604,0.270808442851454,0.318130247333787,0.287534349238071,0,
0.307904253487171,0.339702015775635,0.50179211469534,0.853641933287951,0.32075943042718,0,
0.354055450318581,0.496056091148116,0.616089207487057,0.268890401633764,0.272545590806895,0,
0.927156879628035,0.296056091148116,0.343090402230187,0.342863626049467,0.333749687734199,0,
0.321852936111589,0.485188431200701,0.615292712066906,0.48241434082142,0.267299525355983,0,
0.365593249526434,0.54478527607362,0.224412584627638,0.470161107329249,0.597052210841869,0,
0.342345445152402,0.451183172655565,0.932696136997212,0.151350124801452,0.229328003997002,0,
0.358188393318409,0.675372480280456,0.570091596973317,0.253006580440209,0.32075943042718,0,
0.580161873600826,0.622787028921998,0.47152528872959,0.410710233719083,0.286035473394954,0,
0.333390735319442,0.43680981595092,0.782556750298686,0.15021556614477,0.1923557332001,0,
0.445324608231445,0.751270815074496,0.279171644763043,0.316995688677105,0.289782663002748,0,
0.382297227484071,0.551971954425942,0.519115890083632,0.423871114136601,0.388458656007994,0,
0.468055794730498,0.367572304995618,0.33910792512943,0.375765827093261,0.340994254309268,0,
0.630790425348717,0.526555652936021,0.29689366786141,0.334014068527343,0.34624031976018,0,
0.325469261236439,0.415775635407537,0.678813221823974,0.250737463126844,0.32075943042718,0,
0.367315309109695,0.336897458369851,0.558144165671047,0.884728840481053,0.130402198351237,0,
0.226450835198898,0.0929009640666082,0.304659498207885,0.335602450646698,0.303522358231327,0,
0.316858963320131,0.334268185801928,0.648944643568299,0.769684592693442,0.19260554584062,0,
0.385052522817289,0.434706397896582,0.616089207487057,0.28999319264806,0.383962028478641,0,
0.352161184776993,0.738299737072743,0.233373158104341,0.498978897208986,0.599800149887584,0,
0.475805062855175,0.531463628396144,0.305057745917961,0.295892897662809,0.765675743192606,0,
0.363698983984846,0.582997370727432,0.29689366786141,0.31926480599047,0.299025730701974,0,
0.306354399862235,0.292375109553024,0.465352449223417,0.496709779895621,0.32075943042718,0,
0.377131048734286,0.793865030674847,0.238749502190362,0.290447016110733,0.32075943042718,0,
0.313587050111934,0.279579316389132,0.455993628036639,0.220104379396415,0.0579565326005496,0,
0.350266919235405,0.54478527607362,0.501991238550378,0.423190378942591,0.289782663002748,0,
0.431375925607026,0.477651183172656,0.478096375945838,0.409121851599728,0.372220834374219,0,
0.316170139486826,0.351621384750219,0.454599761051374,0.509189925119129,0.503122658006495,0,
0.428620630273807,0.712708150744961,0.253484667463162,0.645790787383708,0.241319010741944,0,
0.689340451179611,0.454163014899211,0.498805256869773,0.319945541184479,0.368223832125906,0,
0.690201480971242,0.470464504820333,0.311429709279172,0.403902881778988,0.297027229577817,0,
0.338384708110901,0.58965819456617,0.560533651931501,0.500567279328341,0.32075943042718,0,
0.479938005855003,0.567046450482033,0.288729589804859,0.41547538007715,0.27579315513365,0,
0.678663681763389,0.369325153374233,0.430904022301872,0.337871567960064,0.30751936047964,0,
0.306182193903909,0.322348816827344,0.113102349661489,0.751531654186521,0.32075943042718,0,
0.338556914069227,0.377212971078002,0.857626443647949,0.239164964828682,0.241069198101424,0,
0.562252453934906,0.319368974583699,0.387495021903624,0.383707737690039,0.27579315513365,0,
0.344928534527295,0.737598597721297,0.267224213460773,0.408894939868391,0.359980014988758,0,
0.415016359566041,0.640315512708151,0.252090800477897,0.312684365781711,0.32075943042718,0,
0.355605303943516,0.308501314636284,0.541019514137794,0.807805763557976,0.187109667749188,0,
0.351127949027036,0.396143733567046,0.627240143369176,0.282958928976628,0.272295778166375,0,
0.337007060444291,0.423663453111306,0.744723217841497,0.258225550260948,0.26255308518611,0,
0.39176855519201,0.589307624890447,0.475706889685384,0.77762650329022,0.196852360729453,0,
0.4535904942311,0.761612620508326,0.266626841895659,0.411617880644429,0.465900574569073,0,
0.332529705527811,0.544609991235758,0.693150139386698,0.51690492398457,0.410941793654759,0,
0.31823661098674,0.290271691498685,0.454400637196336,0.192648059904697,0.69897576817387,0,
0.545376270018943,0.365819456617003,0.335125448028674,0.383027002496029,0.340744441668748,0,
0.342862063027381,0.436108676599474,0.82258064516129,0.557749035625142,0.228578566075443,0,
0.652660582056139,0.340929009640666,0.343488649940263,0.374177444973905,0.311016737446915,0,
0.400378853108318,0.732515337423313,0.25089605734767,0.293169956886771,0.276792405695728,0,
0.314792491820217,0.294127957931639,0.47889287136599,0.836396641706376,0.164376717461904,0,
0.615636301016015,0.615074496056091,0.512743926722421,0.308373042886317,0.35873095178616,0,
0.574479076976063,0.612269938650307,0.58084428514536,0.493533015656909,0.277791656257807,0,
0.48097124160496,0.515162138475022,0.290123456790123,0.4785568413887,0.4484136897327,0,
0.500602720854141,0.508851884312007,0.309637594583831,0.435216700703426,0.662003497376967,0,
0.361804718443258,0.0506573181419807,0.100756670649144,0.191740412979351,0.233325006245316,0,
0.416910625107629,0.551270815074496,0.450219036240542,0.418652144315861,0.245316012990257,0,
0.778198725675908,0.35863277826468,0.628434886499402,0.29975039709553,0.29477891581314,0,
0.316170139486826,0.39421560035057,0.805854241338112,0.191286589516678,0.240319760179865,0,
0.339245737902531,0.718667835232252,0.273795300677021,0.41479464488314,0.359730202348239,0,
0.392973996900293,0.802453987730061,0.261250497809638,0.518039482641253,0.258306270297277,0,
0.443774754606509,0.375109553023663,0.326363998407009,0.343998184706149,0.337496877341994,0,
0.389357671775443,0.777212971078002,0.257268020708881,0.427501701837985,0.431926055458406,0,
0.442569312898226,0.720946538124452,0.537037037037037,0.296119809394146,0.28228828378716,0,
0.570346133976236,0.63908851884312,0.286340103544405,0.408668028137055,0.361728703472396,0,
0.527466850353022,0.477300613496932,0.302469135802469,0.329929657363286,0.338995753185111,0,
0.347339417943861,0.37353198948291,0.751692552767822,0.157930565010211,0.226330252310767,0,
0.52040640606165,0.434706397896582,0.443249701314217,0.442931699568868,0.222083437421934,0,
0.883760978129843,0.177914110429448,0.390282755874154,0.341729067392784,0.30751936047964,0,
0.61270879972447,0.36546888694128,0.389884508164078,0.390288177898797,0.276542593055209,0,
0.413983123816084,0.401928133216477,0.310832337714058,0.391876560018153,0.296527604296777,0,
0.335801618736008,0.320245398773006,0.799880525686977,0.547311095983662,0.47464401698726,0,
0.636817633890133,0.469062226117441,0.326164874551971,0.340594508736102,0.346739945041219,0,
0.34423971069399,0.496056091148116,0.909398645957786,0.215339233038348,0.32075943042718,0,
0.394868262441881,0.636985100788782,0.488849064117881,0.444520081688223,0.32075943042718,0,
0.917685551920096,0.411042944785276,0.334328952608522,0.34785568413887,0.310267299525356,0,
0.513518167728603,0.35863277826468,0.337514934289128,0.385296119809394,0.349487884086935,0,
0.347856035818839,0.73794916739702,0.277777777777778,0.309734513274336,0.286035473394954,0,
0.426037540898915,0.401577563540754,0.312027080844285,0.330837304288632,0.32075943042718,0,
0.399173411400034,0.727256792287467,0.237753882915173,0.459950079419106,0.57082188358731,0,
0.412777682107801,0.496406660823839,0.562923138191955,0.26140231449966,0.724956282787909,0,
0.619941449974169,0.379141104294479,0.429311031461569,0.33877921488541,0.309018236322758,0,
0.330463234027897,0.456792287467134,0.87773795300677,0.222827320172453,0.43617287034724,0,
0.371276046151197,0.69535495179667,0.242731979291119,0.304742455184933,0.290032475643268,0,
0.350094713277079,0.520946538124452,0.668259657506969,0.503517131835716,0.32075943042718,0,
0.35991045290167,0.485889570552147,0.950219036240542,0.193555706830043,0.242568073944542,0,
0.344067504735664,0.559684487291849,0.553166069295101,0.856364874063989,0.173619785161129,0,
0.378164284484243,0.617703768624014,0.598964555953803,0.450646698434309,0.272045965525856,0,
0.318064405028414,0.370902716914987,0.441855834328953,0.511232130701157,0.0874344241818636,0,
0.41191665231617,0.439439088518843,0.694743130227001,0.513728159745859,0.264801398950787,0,
0.323058377819873,0.309377738825592,0.530665073675826,0.907873837077377,0.10866849862603,0,
0.323919407611503,0.47239263803681,0.735165272799681,0.205582028590878,0.215588308768424,0,
0.499052867229206,0.628396143733567,0.497013142174432,0.253914227365555,0.517112165875593,0,
0.341656621319098,0.47467134092901,0.302070888092393,0.325391422736555,0.349737696727454,0,
0.768038574134665,0.281507449605609,0.39984070091597,0.40639891082369,0.302023482388209,0,
0.718615464095058,0.291148115687993,0.404022301871764,0.405945087361017,0.305021234074444,0,
0.426209746857241,0.523575810692375,0.554559936280366,0.461311549807125,0.382213339995004,0,
0.935250559669365,0.341805433829974,0.329151732377539,0.339913773542092,0.306520109917562,0,
0.798519028758395,0.295179666958808,0.635603345280765,0.293623780349444,0.287784161878591,0,
0.396073704150164,0.37125328659071,0.762445240939865,0.525073746312684,0.407694229328004,0,
0.819528155674186,0.177563540753725,0.342293906810036,0.37644656228727,0.308018985760679,0,
0.359221629068366,0.567572304995618,0.492831541218638,0.439074200136147,0.282787909068199,0,
0.351816772860341,0.52182296231376,0.813620071684588,0.219877467665078,0.32075943042718,0,
0.871189943172034,0.31603856266433,0.581242532855436,0.298842750170184,0.296527604296777,0,
0.321508524194937,0.296406660823839,0.473715651135006,0.432266848196052,0.521608793404946,0,
0.745307387635612,0.380718667835232,0.44305057745918,0.426594054912639,0.496377716712466,0,
0.310659548820389,0.321647677475898,0.577459179609717,0.358747447243022,0.32075943042718,0,
0.283623213363182,0.989833479404032,0.266228594185583,0.303607896528251,0.280289782663003,0,
0.400551059066644,0.643295354951797,0.273596176821983,0.310642160199682,0.290781913564826,0,
0.361804718443258,0.639614373356705,0.293906810035842,0.321533923303835,0.297526854858856,0,
0.378336490442569,0.685889570552147,0.247311827956989,0.425005672793283,0.27579315513365,0,
0.395729292233511,0.510078878177038,0.29231381919554,0.324256864079873,0.302023482388209,0,
0.632512484931979,0.492375109553024,0.299482277976902,0.409121851599728,0.295528353734699,0,
0.55088686068538,0.353549517966696,0.345280764635603,0.346721125482187,0.330502123407444,0,
0.835371103840193,0.327256792287467,0.408203902827559,0.407760381211709,0.305520859355483,0,
0.473910797313587,0.681156879929886,0.293508562325767,0.325391422736555,0.363977017237072,0,
0.331496469777854,0.505170902716915,0.647351652727997,0.524846834581348,0.265800649512865,0,
0.527294644394696,0.480280455740578,0.479888490641179,0.744270478783753,0.212340744441669,0,
0.406750473566385,0.497984224364593,0.728395061728395,0.508736101656456,0.263552335748189,0,
0.850697434131221,0.307975460122699,0.522500995619275,0.315634218289086,0.298526105420934,0,
0.563113483726537,0.490622261174408,0.310234966148945,0.338325391422737,0.340744441668748,0,
0.42896504219046,0.474496056091148,0.315611310234966,0.331518039482641,0.32075943042718,0,
0.648011021181333,0.436108676599474,0.329749103942652,0.382119355570683,0.347489382962778,0,
0.307387635612192,0.300438212094654,0.494623655913978,0.494894486044929,0.206844866350237,0,
0.432753573273635,0.656792287467134,0.492035045798487,0.466757431359201,0.556082937796653,0,
0.333390735319442,0.313234005258545,0.769812823576264,0.56501021102791,0.482138396202848,0,
0.48097124160496,0.515162138475022,0.290123456790123,0.478783753120036,0.4484136897327,0,
0.329774410194593,0.328834355828221,0.569494225408204,0.751758565917858,0.32075943042718,0,
0.564835543309799,0.519894829097283,0.504181600955794,0.422282732017245,0.40994254309268,0,
0.350783537110384,0.56897458369851,0.478096375945838,0.420921261629226,0.348988258805896,0,
0.362321336318237,0.457668711656442,0.529669454400637,0.460403902881779,0.287034723957032,0,
0.549337007060444,0.484136722173532,0.31342094782955,0.337190832766054,0.343492380714464,0,
0.323574995694851,0.307274320771253,0.498207885304659,0.743589743589744,0.32075943042718,0,
0.506285517478905,0.66555652936021,0.273795300677021,0.411164057181756,0.360229827629278,0,
0.332013087652833,0.417353198948291,0.424532058940661,0.467438166553211,0.457157132150887,0,
0.380747373859135,0.720420683610868,0.258861011549184,0.437031994554118,0.28178865850612,0,
0.64680557947305,0.435056967572305,0.422939068100358,0.41025641025641,0.304521608793405,0,
0.318581022903392,0.432077125328659,0.682596575069693,0.255275697753574,0.32075943042718,0,
0.354916480110212,0.708676599474146,0.545201115093588,0.25096437485818,0.273295028728454,0,
0.30032719132082,0.285363716038563,0.425328554360812,0.462899931926481,0.213339995003747,0,
0.329085586361288,0.49079754601227,0.728992433293508,0.520762423417291,0.32075943042718,0,
0.536938178060961,0.540403155127081,0.287534846674632,0.328795098706603,0.32075943042718,0,
0.482004477354916,0.658194566170026,0.283751493428913,0.320399364647152,0.292780414688983,0,
0.741518856552437,0.449605609114812,0.437275985663082,0.55593374177445,0.268298775918061,0,
0.729120027552953,0.279404031551271,0.389486260454002,0.395053324256864,0.304521608793405,0,
0.339073531944205,0.428396143733567,0.89247311827957,0.206489675516224,0.238820884336747,0,
0.894782159462717,0.184750219106047,0.398845081640781,0.383707737690039,0.305770671996003,0,
0.607026003099707,0.653637160385627,0.296694544006372,0.326299069661902,0.296527604296777,0,
0.512140520061994,0.478702892199825,0.441457586618877,0.400726117540277,0.350487134649013,0,
0.446357843981402,0.501489921121823,0.420151334129829,0.385523031540731,0.337996502623033,0,
0.397623557775099,0.470815074496056,0.214257268020709,0.297254368050828,0.272545590806895,0,
0.363698983984846,0.425416301489921,0.757068896853843,0.237803494440663,0.260554584061954,0,
0.796452557258481,0.493602103418054,0.314416567104739,0.474245518493306,0.271546340244816,0,
0.500602720854141,0.418229623137599,0.321585025886101,0.339913773542092,0.307019735198601,0,
0.686585155846392,0.191586327782647,0.405814416567105,0.398683911958248,0.299525355983013,0,
0.397451351816773,0.851533742331288,0.225806451612903,0.42523258452462,0.283037721708718,0,
0.707594282762184,0.283435582822086,0.393468737554759,0.395507147719537,0.305520859355483,0,
0.430170483898743,0.531113058720421,0.29868578255675,0.43430905377808,0.226829877591806,0,
0.572068193559497,0.574583698510079,0.300677021107129,0.327887451781257,0.355983012740445,0,
0.768210780092991,0.348466257668712,0.333134209478295,0.377808032675289,0.311766175368474,0,
0.310659548820389,0.31954425942156,0.587216248506571,0.267755842977082,0.228078940794404,0,
0.367831926984674,0.376687116564417,0.85663082437276,0.672339459950079,0.202847864101924,0,
0.589288789392113,0.323225241016652,0.821983273596177,0.225777172679828,0.266300274793905,0,
0.318408816945066,0.384574934268186,0.701712465153325,0.81597458588609,0.152635523357482,0,
0.362837954193215,0.415074496056091,0.753086419753086,0.23734967097799,0.25655758181364,0,
0.487170656104701,0.448028045574058,0.318399044205496,0.338552303154073,0.306769922558081,0,
0.818322713965903,0.29535495179667,0.596575069693349,0.308373042886317,0.295278541094179,0,
0.359393835026692,0.390709903593339,0.822381521306252,0.211708645336964,0.235323507369473,0,
0.51902875839504,0.60578439964943,0.275189167662286,0.457227138643068,0.575318511116662,0,
0.65352161184777,0.384925503943909,0.336320191158901,0.381892443839347,0.346490132400699,0,
0.39848458756673,0.667659947414549,0.608721624850657,0.484229634672113,0.274793904571571,0,
0.319786464611676,0.351446099912358,0.674830744723218,0.615384615384615,0.32075943042718,0,
0.732908558636129,0.358457493426819,0.436678614097969,0.339459950079419,0.305021234074444,0,
0.476149474771827,0.628571428571429,0.266228594185583,0.415929203539823,0.406195353484886,0,
0.693473394179439,0.610517090271692,0.30884109916368,0.326525981393238,0.299775168623532,0,
0.35991045290167,0.45170902716915,0.684189565909996,0.51622418879056,0.207094678990757,0,
0.525400378853108,0.667484662576687,0.570888092393469,0.488540957567506,0.275043717212091,0,
0.368176338901326,0.664680105170903,0.285941855834329,0.312911277513047,0.272295778166375,0,
0.320130876528328,0.355477651183173,0.570888092393469,0.828227819378262,0.165126155383462,0,
0.38952987773377,0.742857142857143,0.276782158502589,0.307919219423644,0.367474394204347,0,
0.374031341484415,0.400175284837862,0.678215850258861,0.277966870887225,0.277541843617287,0,
0.327019114861374,0.482208588957055,0.736957387495022,0.210574086680281,0.236072945291032,0,
0.635095574306871,0.402629272567923,0.399641577060932,0.39074200136147,0.35273544841369,0,
0.359738246943344,0.547765118317266,0.280565511748307,0.324029952348536,0.294529103172621,0,
0.305837781987257,0.295004382120946,0.433691756272401,0.471522577717268,0.633774668998251,0,
0.622352333390735,0.683435582822086,0.280764635603345,0.443385523031541,0.279290532100924,0,
0.485104184604787,0.679579316389132,0.271804062126643,0.308373042886317,0.287034723957032,0,
0.365076631651455,0.775284837861525,0.242731979291119,0.453142727479011,0.26305271046715,0,
0.544515240227312,0.46555652936021,0.427120669056153,0.336283185840708,0.348738446165376,0,
0.758222834510074,0.191235758106924,0.400637196336121,0.385749943272067,0.285036222832875,0,
0.40743929739969,0.794916739702016,0.26284348864994,0.306557749035625,0.407944041968524,0,
0.45582917168934,0.719193689745837,0.511350059737157,0.552303154073066,0.264801398950787,0,
0.415877389357672,0.709728308501315,0.264834727200319,0.294985250737463,0.582812890332251,0,
0.476493886688479,0.619807186678352,0.296097172441258,0.326525981393238,0.347239570322258,0,
0.419149302565869,0.727081507449606,0.584826762246117,0.452915815747674,0.276042967774169,0,
0.317547787153435,0.382997370727432,0.821585025886101,0.195824824143408,0.187109667749188,0,
0.333735147236094,0.661349693251534,0.254480286738351,0.489448604492852,0.32075943042718,0,
0.36214913035991,0.548641542506573,0.59557945041816,0.475833900612662,0.263552335748189,0,
0.345100740485621,0.51954425942156,0.473516527279968,0.417971409121852,0.294029477891581,0,
0.672119855346995,0.167046450482033,0.337514934289128,0.337871567960064,0.304521608793405,0,
0.671258825555364,0.279929886064855,0.465153325368379,0.776718856364874,0.188608543592306,0,
0.627174100223868,0.339000876424189,0.390282755874154,0.404810528704334,0.286035473394954,0,
0.395212674358533,0.522348816827344,0.294305057745918,0.405264352167007,0.299775168623532,0,
0.339073531944205,0.430674846625767,0.802867383512545,0.180394826412526,0.240069947539345,0,
0.270018942655416,0.174233128834356,0.206690561529271,0.13592012707057,0.163877092180864,0,
0.568451868434648,0.618229623137599,0.580047789725209,0.489448604492852,0.278790906819885,0,
0.382986051317376,0.610867659947415,0.749303066507368,0.516451100521897,0.483887084686485,0,
0.628896159807129,0.320070113935145,0.400438072481083,0.393011118674835,0.283537346989758,0,
0.33166867573618,0.374057843996494,0.790521704500199,0.199228500113456,0.419435423432426,0,
0.389702083692096,0.660473269062226,0.667064914376742,0.248695257544815,0.32075943042718,0,
0.753401067676942,0.286765994741455,0.453006770211071,0.582028590878148,0.264551586310267,0,
0.328396762527983,0.432602979842244,0.748307447232178,0.234399818470615,0.263552335748189,0,
0.273979679696918,0.420333041191937,0.75089605734767,0.217381438620377,0.223082687984012,0,
0.365937661443086,0.484837861524978,0.447431302270012,0.421148173360563,0.32075943042718,0,
0.482865507146547,0.59649430324277,0.502588610115492,0.688223281143635,0.242318261304022,0,
0.402100912691579,0.780718667835232,0.251493428912784,0.296573632856819,0.222583062702973,0,
0.439125193731703,0.649255039439088,0.275786539227399,0.445200816882233,0.665001249063203,0,
0.314792491820217,0.337423312883436,0.635404221425727,0.50260948491037,0.32075943042718,0,
0.460823144480799,0.368273444347064,0.326762246117085,0.3380984796914,0.348488633524856,0,
0.308076459445497,0.340578439964943,0.651931501393867,0.714771953710007,0.32075943042718,0,
0.314275873945238,0.284312007011393,0.454400637196336,0.499432720671659,0.0809392955283537,0,
0.361804718443258,0.550394390885188,0.610911987256073,0.47333787156796,0.262303272545591,0,
0.920268641294989,0.181069237510955,0.394663480684986,0.342409802586794,0.309517861603797,0,
0.664370587222318,0.387204206836109,0.337514934289128,0.384161561152712,0.348238820884337,0,
0.494058894437747,0.684662576687117,0.257666268418957,0.523031540730656,0.442667999000749,0,
0.384535904942311,0.781419807186678,0.275388291517324,0.297481279782165,0.24381713714714,0,
0.507318753228862,0.410867659947415,0.432696136997212,0.405945087361017,0.353484886335249,0,
0.489409333562941,0.559859772129711,0.293110314615691,0.322214658497844,0.293280039970022,0,
0.678835887721715,0.426818580192813,0.333532457188371,0.383707737690039,0.306769922558081,0,
0.473738591355261,0.714285714285714,0.27937076861808,0.427047878375312,0.475393454908818,0,
0.340451179610815,0.514285714285714,0.574074074074074,0.457680962105741,0.400699475393455,0,
0.76734975030136,0.279228746713409,0.394464356829948,0.402768323122305,0.305021234074444,0,
0.485793008438092,0.512883435582822,0.464954201513341,0.433401406852734,0.252060954284287,0,
0.859996555880833,0.308851884312007,0.338510553564317,0.378942591331972,0.30751936047964,0,
0.408816945066299,0.704995617879054,0.545599362803664,0.428863172226004,0.366724956282788,0,
0.277251592905114,0.330587204206836,0.598765432098765,0.886771046063081,0.0709467899075693,0,
0.351472360943689,0.409114811568799,0.94205495818399,0.183571590651237,0.418436172870347,0,
0.306698811778888,0.286765994741455,0.451612903225806,0.200589970501475,0.776417686734949,0,
0.518684346478388,0.474496056091148,0.43010752688172,0.3238030406172,0.302023482388209,0,
0.402100912691579,0.838913234005258,0.258462763839108,0.292716133424098,0.40369722707969,0,
0.88841053900465,0.316389132340053,0.336121067303863,0.383253914227366,0.339245565825631,0,
0.724642672636473,0.484312007011393,0.45957785742732,0.394599500794191,0.395453409942543,0,
0.333390735319442,0.297107800175285,0.443448825169255,0.635579759473565,0.852860354733949,0,
0.42311003960737,0.513935144609991,0.469534050179211,0.412298615838439,0.296027979015738,0,
0.510762872395385,0.677300613496932,0.532258064516129,0.496482868164284,0.270547089682738,0,
0.314103667986912,0.293251533742331,0.482078853046595,0.857045609257999,0.159630277292031,0,
0.793697261925263,0.323926380368098,0.614496216646754,0.283866575901974,0.285286035473395,0,
0.340795591527467,0.444522348816827,0.870171246515333,0.183571590651237,0.226580064951287,0,
0.512140520061994,0.461700262927257,0.318199920350458,0.340821420467438,0.306020484636523,0,
0.353022214568624,0.44136722173532,0.48805256869773,0.295892897662809,0.290282288283787,0,
0.805235061133115,0.485363716038563,0.428514536041418,0.327206716587248,0.300024981264052,0,
0.458928878939211,0.699561787905346,0.278972520908005,0.613569321533923,0.225580814389208,0,
0.345789564318925,0.485188431200701,0.738749502190362,0.224188790560472,0.32075943042718,0,
0.282589977613225,0.29307624890447,0.478693747510952,0.211708645336964,0.0094928803397452,0,
0.841053900464956,0.317791411042945,0.341497411389884,0.344225096437486,0.311266550087434,0,
0.417255037024281,0.511305872042068,0.290521704500199,0.327206716587248,0.34599050711966,0,
0.337007060444291,0.434180543382997,0.728195937873357,0.188336737009303,0.245565825630777,0,
0.308765283278801,0.281858019281332,0.436877737953007,0.458815520762423,0.32075943042718,0,
0.27208541415533,0.435758106923751,0.635005973715651,0.494440662582255,0.249562827879091,0,
0.347683829860513,0.676950043821209,0.269215452011151,0.455865668255049,0.284286784911317,0,
0.320819700361632,0.382296231375986,0.448825169255277,0.522350805536646,0.566075443417437,0,
0.769071809884622,0.287817703768624,0.595181202708084,0.289766280916723,0.387959030726955,0,
0.358877217151713,0.530762489044698,0.814615690959777,0.213297027456319,0.32075943042718,0,
0.322369553986568,0.399649430324277,0.771405814416567,0.182437031994554,0.177866600049963,0,
0.55398656793525,0.440490797546012,0.451413779370769,0.415021556614477,0.27579315513365,0,
0.336318236610987,0.541454864154251,0.691955396256472,0.60403902881779,0.194104421683737,0,
0.31823661098674,0.308851884312007,0.546993229788929,0.862945314272748,0.140394703972021,0,
0.30704322369554,0.293952673093777,0.445440063719634,0.52212389380531,0.32075943042718,0,
0.751334596177028,0.188255915863278,0.339705296694544,0.383934649421375,0.336497626779915,0,
0.411744446357844,0.694653812445224,0.273397052966945,0.413886997957794,0.263302523107669,0,
0.297744101945927,0.199649430324277,0.439267224213461,0.495575221238938,0.32075943042718,0,
0.3271913208197,0.330937773882559,0.803464755077658,0.21261629226231,0.402448163877092,0,
0.633201308765283,0.473794916739702,0.302668259657507,0.412298615838439,0.297027229577817,0,
0.341312209402445,0.421910604732691,0.909398645957786,0.194009530292716,0.32075943042718,0,
0.334940588944377,0.547414548641542,0.783950617283951,0.188109825277967,0.25655758181364,0,
0.475977268813501,0.0553900087642419,0.254281162883313,0.721579305650102,0.175118661004247,0,
0.314448079903565,0.309027169149869,0.470728793309438,0.625822555026095,0.633025231076692,0,
0.711727225762011,0.340753724802805,0.412982875348467,0.594962559564329,0.24356732450662,0,
0.33976235577751,0.417879053461876,0.746515332536838,0.751531654186521,0.32075943042718,0,
0.407955915274668,0.591411042944785,0.539625647152529,0.302473337871568,0.289782663002748,0,
0.443085930773205,0.712883435582822,0.527678215850259,0.296346721125482,0.283537346989758,0,
0.851730669881178,0.176511831726556,0.335125448028674,0.383934649421375,0.305770671996003,0,
0.40296194248321,0.674496056091148,0.576662684189566,0.446562287270252,0.267049712715463,0,
0.761322541759945,0.346888694127958,0.343090402230187,0.344452008168822,0.334748938296278,0,
0.311348372653694,0.2988606485539,0.448227797690163,0.616065350578625,0.644766425181114,0,
0.732736352677803,0.190184049079755,0.40442054958184,0.401406852734286,0.297027229577817,0,
0.348544859652144,0.533917616126205,0.4926324173636,0.416383027002496,0.286535098675993,0,
0.329257792319614,0.347589833479404,0.543608124253286,0.694803721352394,0.32075943042718,0,
0.415705183399346,0.460473269062226,0.718239745121466,0.229180848649875,0.26929802648014,0,
0.303771310487343,0.281507449605609,0.43110314615691,0.221012026321761,0.85236072945291,0,
0.325985879111417,0.433654688869413,0.699123855037833,0.240072611754028,0.273794654009493,0,
0.399517823316687,0.43102541630149,0.782556750298686,0.75879282958929,0.32075943042718,1,
0.356466333735147,0.432953549517967,0.800079649542015,0.236215112321307,0.176617536847365,1,
0.366109867401412,0.410692375109553,0.522301871764237,0.587701384161561,0.231826130402198,1,
0.313414844153608,0.321647677475898,0.538829151732378,0.200363058770138,0.32075943042718,1,
0.445324608231445,0.505170902716915,0.823178016726404,0.231676877694577,0.263802148388708,1,
0.350266919235405,0.334268185801928,0.557745917960972,0.834581347855684,0.644766425181114,1,
0.314620285861891,0.32410166520596,0.538430904022302,0.754481506693896,0.32075943042718,1,
0.385569140692268,0.32988606485539,0.770609318996416,0.641706376219651,0.709967524356732,1,
0.328052350611331,0.36669588080631,0.221624850657109,0.849103698661221,0.085935548338746,1,
0.355605303943516,0.470289219982471,0.55515730784548,0.490583163149535,0.415938046465151,1,
0.354744274151886,0.33567046450482,0.519115890083632,0.699341955979124,0.599300524606545,1,
0.449629757189599,0.414022787028922,0.485065710872162,0.542092126162923,0.527354484136897,1,
0.305148958153952,0.298510078878177,0.493827160493827,0.796687088722487,0.176367724206845,1,
0.329946616152919,0.372129710780018,0.520708880923935,0.756296800544588,0.32075943042718,1,
0.313242638195282,0.37353198948291,0.437275985663082,0.648740639891082,0.32075943042718,1,
0.322541759944894,0.293777388255916,0.487256073277579,0.717041071023372,0.0422183362478141,1,
0.314964697778543,0.402453987730061,0.503783353245719,0.740639891082369,0.0686984761428929,1,
0.372825899776132,0.320070113935145,0.807248108323377,0.571817562968005,0.46789907569323,1,
0.329085586361288,0.288694127957932,0.481481481481482,0.722033129112775,0.617536847364477,1,
0.354399862235233,0.315162138475022,0.764635603345281,0.564556387565237,0.418186360229828,1,
0.338901325985879,0.378439964943032,0.507765830346475,0.877467665078285,0.130901823632276,1,
0.404684002066471,0.44943032427695,0.633014735165273,0.58384388472884,0.695978016487634,1,
0.463234027897365,0.69535495179667,0.506571087216248,0.54095756750624,0.253060204846365,1,
0.306698811778888,0.29079754601227,0.447431302270012,0.200136147038802,0.80114913814639,1,
0.324091613569829,0.360736196319018,0.654719235364397,0.655547991831178,0.186610042468149,1,
0.317892199070088,0.330236634531113,0.545798486658702,0.77762650329022,0.206095428428678,1,
0.347167211985535,0.369851007887818,0.535244922341696,0.669389607442705,0.619535348488633,1,
0.343723092819012,0.360560911481157,0.887096774193548,0.186067619695938,0.443917062203348,1,
0.386257964525573,0.317791411042945,0.519912385503783,0.711141366008623,0.15388458656008,1,
0.264508351988979,0.292550394390885,0.513938669852648,0.792375765827093,0.0347239570322258,1,
0.318753228861719,0.32182296231376,0.463560334528076,0.287950987066031,0.556582563077692,1,
0.385741346650594,0.524627519719544,0.748506571087216,0.683685046516905,0.213090182363228,1,
0.373514723609437,0.328659070990359,0.700318598168061,0.658044020875879,0.717212090931801,1,
0.38591355260892,0.608588957055215,0.251095181202708,0.307011572498298,0.285535848113915,1,
0.330291028069571,0.348115687992989,0.57168458781362,0.856591785795326,0.0949288033974519,1,
0.435336662648528,0.655039439088519,0.614097968936679,0.468572725209893,0.28203847114664,1,
0.405545031858102,0.417353198948291,0.636200716845878,0.194463353755389,0.76292780414689,1,
0.41415532977441,0.517090271691499,0.716248506571087,0.523485364193329,0.620284786410192,1,
0.347167211985535,0.341279579316389,0.609119872560733,0.24120717041071,0.32075943042718,1,
0.403134148441536,0.457668711656442,0.814217443249701,0.70093033809848,0.215588308768424,1,
0.332185293611159,0.373181419807187,0.658701712465153,0.179260267755843,0.710217336997252,1,
0.332529705527811,0.348466257668712,0.854241338112306,0.620376673474019,0.618286285286035,1,
0.350783537110384,0.352147239263804,0.5221027479092,0.848649875198548,0.787159630277292,1,
0.325297055278113,0.339526730937774,0.466148944643568,0.538234626730202,0.644766425181114,1,
0.445841226106423,0.421209465381245,0.818797291915571,0.537100068073519,0.226080439670247,1,
0.366970897193043,0.315863277826468,0.70868180007965,0.66258225550261,0.755933050212341,1,
0.408644739107973,0.337072743207713,0.492433293508562,0.840481052870433,0.182613040219835,1,
0.436714310315137,0.708851884312007,0.665870171246515,0.276151577036533,0.277541843617287,1,
0.345272946443947,0.416301489921122,0.600358422939068,0.660086226457908,0.0786909817636773,1,
0.319097640778371,0.331288343558282,0.45499800876145,0.518266394372589,0.32075943042718,1,
0.415877389357672,0.381069237510955,0.72242134607726,0.833900612661675,0.165625780664502,1,
0.385396934733942,0.378790534618756,0.835125448028674,0.195371000680735,0.503122658006495,1,
0.328741174444636,0.340753724802805,0.538829151732378,0.662355343771273,0.496877341993505,1,
0.309626313070432,0.311656441717791,0.515730784547989,0.929203539823009,0.32075943042718,1,
0.399173411400034,0.331989482909728,0.760454002389486,0.641706376219651,0.630776917312016,1,
0.274840709488548,0.299737072743208,0.274193548387097,0.511459042432494,0.53185111166625,1,
0.322369553986568,0.30464504820333,0.752887295898048,0.576355797594736,0.0696977267049713,1,
0.344928534527295,0.466257668711656,0.740342493030665,0.231223054231904,0.32075943042718,1,
0.365076631651455,0.342857142857143,0.825169255276782,0.195597912412072,0.549837621783662,1,
0.394523850525228,0.429097283085013,0.660095579450418,0.209666439754935,0.746689982513115,1,
0.312381608403651,0.320420683610868,0.549980087614496,0.558883594281824,0.190856857356982,1,
0.310831754778715,0.323225241016652,0.429111907606531,0.546857272520989,0.32075943042718,1,
0.45272946443947,0.292725679228747,0.615890083632019,0.718175629680054,0.636272795403447,1,
0.356638539693473,0.452410166520596,0.673636001592991,0.517131835715906,0.232075943042718,1,
0.491992422937834,0.627519719544259,0.630227001194743,0.255048786022237,0.281289033225081,1,
0.411400034441192,0.458545135845749,0.805854241338112,0.628999319264806,0.216337746689983,1,
0.349750301360427,0.360385626643295,0.495619275189168,0.662355343771273,0.655258556082938,1,
0.360082658859997,0.391235758106924,0.500199123855038,0.582709326072158,0.32075943042718,1,
0.461167556397451,0.375635407537248,0.746714456391876,0.224642614023145,0.567824131901074,1,
0.335801618736008,0.388781770376862,0.54042214257268,0.88359428182437,0.32075943042718,1,
0.355605303943516,0.324802804557406,0.845679012345679,0.567052416609939,0.559830127404447,1,
0.428448424315481,0.691323400525855,0.574273197929112,0.506920807805764,0.456157881588808,1,
0.323402789736525,0.28501314636284,0.465750696933493,0.613569321533923,0.579815138646015,1,
0.408472533149647,0.338124452234882,0.499601752289924,0.842296346721126,0.178616037971521,1,
0.336146030652661,0.353023663453111,0.526881720430108,0.777399591558884,0.32075943042718,1,
0.395729292233511,0.512708150744961,0.787136598964556,0.519400953029272,0.257057207094679,1,
0.421904597899087,0.472217353198948,0.662485065710872,0.258906285454958,0.280289782663003,1,
0.341828827277424,0.370376862401402,0.552767821585026,0.268209666439755,0.32075943042718,1,
0.379541932150852,0.625591586327783,0.491437674233373,0.513955071477195,0.53185111166625,1,
0.523333907353194,0.541980718667835,0.714058144165671,0.278193782618561,0.284786410192356,1,
0.454623729981057,0.489219982471516,0.628833134209478,0.482641252552757,0.656007994004497,1,
0.332013087652833,0.380543382997371,0.563520509757069,0.930565010211028,0.0774419185610792,1,
0.367831926984674,0.733917616126205,0.547590601354042,0.60403902881779,0.240569572820385,1,
0.353711038401929,0.415249780893953,0.884109916367981,0.193555706830043,0.22458156382713,1,
0.473049767521956,0.595092024539877,0.668060533651932,0.291354663036079,0.286285286035473,1,
0.378336490442569,0.38159509202454,0.77757865392274,0.590424324937599,0.493130152385711,1,
0.334940588944377,0.294829097283085,0.511150935882119,0.797594735647833,0.667749188108918,1,
0.358877217151713,0.307099035933392,0.741338112305854,0.587474472430225,0.218835873095179,1,
0.313587050111934,0.350219106047327,0.636798088410992,0.358747447243022,0.32075943042718,1,
0.350266919235405,0.702366345311131,0.256272401433692,0.624687996369412,0.228578566075443,1,
0.306009987945583,0.217177914110429,0.402230187176424,0.28477422282732,0.32075943042718,1,
0.353366626485276,0.42874671340929,0.690362405416169,0.214885409575675,0.239820134898826,1,
0.332874117444464,0.327782646801052,0.486857825567503,0.65736328568187,0.32075943042718,1,
0.369209574651283,0.466257668711656,0.813022700119474,0.644883140458362,0.1796152885336,1,
0.372825899776132,0.441717791411043,0.648347272003186,0.710460630814613,0.148888333749688,1,
0.366970897193043,0.69307624890447,0.74173636001593,0.252325845246199,0.272295778166375,1,
0.32047528844498,0.352673093777388,0.544603743528475,0.829135466303608,0.32075943042718,1,
0.539865679352506,0.67239263803681,0.579450418160096,0.310642160199682,0.293030227329503,1,
0.375753401067677,0.393339176161262,0.648745519713262,0.169276151577037,0.130402198351237,1,
0.33166867573618,0.339351446099912,0.478494623655914,0.664397549353302,0.32075943042718,1,
0.330463234027897,0.317440841367222,0.248904818797292,0.109825277966871,0.163627279540345,1,
0.31152057861202,0.309903593339176,0.537435284747113,0.530519627864761,0.32075943042718,1,
0.336834854485965,0.448729184925504,0.769215452011151,0.234626730201951,0.247814139395453,1,
0.322541759944894,0.343032427695004,0.688769414575866,0.566825504878602,0.214589058206345,1,
0.374375753401068,0.42418930762489,0.629032258064516,0.51690492398457,0.226829877591806,1,
0.354744274151886,0.372304995617879,0.481282357626444,0.626276378488768,0.654758930801899,1,
0.339934561735836,0.365819456617003,0.54958183990442,0.267075107783072,0.32075943042718,1,
0.389874289650422,0.437335670464505,0.711867781760255,0.246653051962786,0.263552335748189,1,
0.370587222317892,0.365644171779141,0.467144563918757,0.603131381892444,0.566075443417437,1,
0.316858963320131,0.287291849255039,0.42552767821585,0.438393464942137,0.55108668498626,1,
0.318581022903392,0.3011393514461,0.517921146953405,0.86022237349671,0.14763927054709,1,
0.385224728775616,0.303593339176161,0.68379131819992,0.513274336283186,0.494129402947789,1,
0.425004305148958,0.497633654688869,0.547988849064118,0.465169049239846,0.478141393954534,1,
0.34647838815223,0.381069237510955,0.673835125448029,0.990696619015203,0.144141893579815,1,
0.357499569485104,0.446099912357581,0.661091198725607,0.553664624461085,0.227829128153885,1,
0.47287756156363,0.430850131463628,0.847869374751095,0.245972316768777,0.266300274793905,1,
0.331840881694507,0.386503067484663,0.472122660294703,0.789425913319719,0.616537596802398,1,
0.237816428448424,0.343908851884312,0.538430904022302,0.645110052189698,0.574069447914064,1,
0.365248837609781,0.333041191936897,0.716447630426125,0.663036078965282,0.595303522358231,1,
0.402273118649905,0.350920245398773,0.744324970131422,0.706376219650556,0.502123407444417,1,
0.344756328568968,0.346538124452235,0.621465551573078,0.788291354663036,0.196102922807894,1,
0.541243327019115,0.574934268185802,0.502389486260454,0.485591105060132,0.32075943042718,1,
0.311003960737042,0.343908851884312,0.413181999203505,0.461538461538462,0.556582563077692,1,
0.504907869812295,0.457843996494303,0.595380326563122,0.457454050374404,0.380464651511366,1,
0.331496469777854,0.296231375985977,0.509956192751892,0.728613569321534,0.0784411691231576,1,
0.311003960737042,0.300438212094654,0.529271206690561,0.503744043567052,0.32075943042718,1,
0.353538832443603,0.334794040315513,0.750497809637595,0.571363739505332,0.491131651261554,1,
0.362837954193215,0.690622261174408,0.765232974910394,0.266621284320399,0.274294279290532,1,
0.334423971069399,0.359333917616126,0.578853046594982,0.820966643975493,0.32075943042718,1,
0.476493886688479,0.320420683610868,0.729589804858622,0.536192421148173,0.258556082937797,1,
0.316686757361805,0.343908851884312,0.466148944643568,0.475380077149989,0.684486635023732,1,
0.32633029102807,0.310254163014899,0.513341298287535,0.506240072611754,0.510117411941044,1,
0.334423971069399,0.372304995617879,0.620868180007965,0.739959155888359,0.32075943042718,1,
0.382297227484071,0.299211218229623,0.469534050179211,0.730882686634899,0.570072445665751,1,
0.354055450318581,0.374057843996494,0.663281561131023,0.710914454277286,0.0694479140644517,1,
0.402789736524884,0.340753724802805,0.676224611708483,0.502382573179033,0.443917062203348,1,
0.483037713104873,0.716739702015776,0.571883711668658,0.302019514408895,0.283537346989758,1,
0.456345789564319,0.32988606485539,0.62405416168857,0.694803721352394,0.694229328003997,1,
0.369037368692957,0.468361086765995,0.696535244922342,0.533242568640799,0.497626779915064,1,
0.445152402273119,0.546187554776512,0.617084826762246,0.677785341502156,0.196852360729453,1,
0.421387980024109,0.336546888694128,0.637992831541219,0.798048559110506,0.62178366225331,1,
0.356638539693473,0.32638036809816,0.722023098367184,0.603585205355117,0.159380464651511,1,
0.47511623902187,0.619807186678352,0.555555555555556,0.276832312230542,0.284536597551836,1,
0.474083003271913,0.333041191936897,0.746714456391876,0.697980485591105,0.161878591056707,1,
0.470983296022042,0.502191060473269,0.578255675029869,0.234172906739278,0.270297277042218,1,
0.324436025486482,0.330061349693252,0.469334926324174,0.616519174041298,0.32075943042718,1,
0.356638539693473,0.665907099035933,0.795898048586221,0.26140231449966,0.273295028728454,1,
0.316170139486826,0.27011393514461,0.410195141377937,0.460857726344452,0.53235073694729,1,
0.33304632340279,0.333567046450482,0.505973715651135,0.573179033356024,0.0686984761428929,1,
0.339934561735836,0.364066608238387,0.55057745917961,0.448831404583617,0.515613290032476,1,
0.381091785775788,0.328133216476775,0.751891676622859,0.580894032221466,0.184111916062953,1,
0.412777682107801,0.419807186678352,0.723616089207487,0.475606988881325,0.246315263552336,1,
0.375236783192698,0.295179666958808,0.739545997610514,0.90764692534604,0.151636272795403,1,
0.478388152230067,0.390359333917616,0.864197530864197,0.211481733605627,0.41643767174619,1,
0.318581022903392,0.377563540753725,0.551573078454799,0.773315180394826,0.32075943042718,1,
0.311348372653694,0.302191060473269,0.452608522500996,0.454277286135693,0.23082687984012,1,
0.360082658859997,0.479579316389132,0.64058144165671,0.740639891082369,0.200599550337247,1,
0.392973996900293,0.302892199824715,0.737753882915173,0.589516678012253,0.32075943042718,1,
