540,5,2,
0.332185293611159,0.43908851884312,0.754281162883313,0.22691173133651,0.32075943042718,0,
0.278629240571724,0.334092900964067,0.63878932696137,0.778080326752893,0.092930302273295,0,
0.359393835026692,0.452234881682734,0.826563122262047,0.183571590651237,0.32075943042718,0,
0.303254692612364,0.271866783523225,0.389088012743927,0.311776718856365,0.32075943042718,0,
0.856380230755984,0.312357581069238,0.460175228992433,0.489448604492852,0.3974519110667,0,
0.349233683485449,0.390534618755478,0.884707287933094,0.629680054458815,0.182113414938796,0,
0.649905286722921,0.434005258545136,0.461170848267622,0.435670524166099,0.287284536597552,0,
0.323919407611503,0.316739702015776,0.193349263241736,0.654867256637168,0.185111166625031,0,
0.338729120027553,0.574057843996494,0.565909996017523,0.486498751985478,0.32075943042718,0,
0.427415188565524,0.544259421560035,0.277379530067702,0.322895393691854,0.347739195603298,0,
0.371103840192871,0.680981595092024,0.232377538829152,0.488767869298843,0.605545840619535,0,
0.341140003444119,0.333567046450482,0.48805256869773,0.28023598820059,0.568073944541594,0,
0.420526950232478,0.765293602103418,0.269215452011151,0.315407306557749,0.367974019485386,0,
0.395729292233511,0.651358457493427,0.521704500199124,0.427955525300658,0.368223832125906,0,
0.341484415360771,0.453637160385627,0.912982875348467,0.18402541411391,0.32075943042718,0,
0.534871706561047,0.627519719544259,0.25647152528873,0.313138189244384,0.345740694479141,0,
0.413638711899432,0.75863277826468,0.258462763839108,0.305650102110279,0.28853359980015,0,
0.913897020836921,0.332865907099036,0.429908403026683,0.432947583390061,0.292280789407944,0,
0.318753228861719,0.305346187554776,0.462763839107925,0.84592693442251,0.0741943542343243,0,
0.320819700361632,0.327957931638913,0.463759458383114,0.181302473337872,0.848363727204597,0,
0.854830377131049,0.178965819456617,0.336121067303863,0.38166553210801,0.334748938296278,0,
0.753056655760289,0.378264680105171,0.593986459577857,0.288858633991377,0.289782663002748,0,
0.52264508351989,0.330587204206836,0.392672242134608,0.390288177898797,0.267299525355983,0,
0.237644222490098,0.129710780017528,0.631222620469932,0.214204674381666,0.203347489382963,0,
0.417427242982607,0.65977212971078,0.499402628434886,0.449058316314954,0.227579315513365,0,
0.361632512484932,0.832778264680105,0.25089605734767,0.299977308826866,0.282787909068199,0,
0.510590666437059,0.620333041191937,0.295300677021107,0.320853188109825,0.404946290282288,0,
0.529705527811262,0.490622261174408,0.305256869772999,0.413206262763785,0.277791656257807,0,
0.318064405028414,0.3056967572305,0.465551573078455,0.19310188336737,0.32075943042718,0,
0.365421043568107,0.561262050832603,0.675826363998407,0.254141139096891,0.388708468648514,0,
0.494575512312726,0.575635407537248,0.299283154121864,0.325618334467892,0.35273544841369,0,
0.312553814361977,0.310429447852761,0.276782158502589,0.852961198093941,0.32075943042718,0,
0.334079559152747,0.419807186678352,0.838311429709279,0.189244383934649,0.246565076192855,0,
0.473566385396935,0.580017528483786,0.485065710872162,0.708418425232584,0.23107669248064,0,
0.345789564318925,0.430148992112182,0.929311031461569,0.180848649875199,0.226580064951287,0,
0.306698811778888,0.299386503067485,0.473118279569892,0.569775357385977,0.32075943042718,0,
0.305837781987257,0.277475898334794,0.409199522102748,0.447016110732925,0.235323507369473,0,
0.342517651110728,0.435758106923751,0.517722023098367,0.44474699341956,0.40394703972021,0,
0.363354572068193,0.548641542506573,0.6194743130227,0.468345813478557,0.251311516362728,0,
0.344067504735664,0.450131463628396,0.573078454798885,0.287497163603358,0.164876342742943,0,
0.691751334596177,0.282033304119194,0.699123855037833,0.268663489902428,0.387959030726955,0,
0.330291028069571,0.375635407537248,0.625248904818797,0.838211935557068,0.157132150886835,0,
0.443602548648183,0.800701139351446,0.247510951812027,0.48377581120944,0.402448163877092,0,
0.464956087480627,0.547239263803681,0.432696136997212,0.413660086226458,0.279790157381964,0,
0.781126226967453,0.334618755477651,0.336718438868976,0.399137735420921,0.347239570322258,0,
0.568279662476322,0.324452234881683,0.389884508164078,0.388019060585432,0.270796902323258,0,
0.319614258653349,0.466432953549518,0.593588211867782,0.484910369866122,0.267299525355983,0,
0.306354399862235,0.300788781770377,0.427518916766229,0.455638756523712,0.32075943042718,0,
0.568279662476322,0.334092900964067,0.344882516925528,0.377354209212616,0.338995753185111,0,
0.659721026347512,0.450832602979842,0.45221027479092,0.460857726344452,0.484636522608044,0,
0.372137075942828,0.335144609991236,0.623058542413381,0.761061946902655,0.194604046964776,0,
0.349922507318753,0.432252410166521,0.614297092791716,0.545949625595643,0.32075943042718,0,
0.304287928362321,0.28273444347064,0.448227797690163,0.255729521216247,0.32075943042718,0,
0.430170483898743,0.782471516213848,0.242931103146157,0.48241434082142,0.382962777916563,0,
0.3159979335285,0.338825591586328,0.630426125049781,0.876106194690266,0.32075943042718,0,
0.343723092819012,0.432077125328659,0.864396654719235,0.137735420921262,0.32075943042718,0,
0.320130876528328,0.2988606485539,0.454599761051374,0.22237349670978,0.768923307519361,0,
0.654727053556053,0.294829097283085,0.34468339307049,0.380304061719991,0.309018236322758,0,
0.514379197520234,0.590008764241893,0.278375149342891,0.250737463126844,0.626030477142143,0,
0.348544859652144,0.456266432953549,0.472520908004779,0.444520081688223,0.41693729702723,0,
0.403478560358188,0.519018404907975,0.309637594583831,0.326752893124575,0.32075943042718,0,
0.32942999827794,0.486415425065732,0.560533651931501,0.435443612434763,0.32075943042718,0,
0.441536077148269,0.496406660823839,0.315013938669853,0.329248922169276,0.344991256557582,0,
0.313242638195282,0.284837861524978,0.487853444842692,0.704107102337191,0.554084436672496,0,
0.360427070776649,0.569500438212095,0.726602947033055,0.234853641933288,0.250562078441169,0,
0.334251765111073,0.562839614373357,0.460573476702509,0.420467438166553,0.29502872845366,0,
0.339245737902531,0.349517966695881,0.726802070888092,0.59428182437032,0.206844866350237,0,
0.357843981401756,0.537072743207713,0.577658303464755,0.257771726798275,0.32075943042718,0,
0.385741346650594,0.391060473269062,0.83273596176822,0.176537326979805,0.242318261304022,0,
0.318064405028414,0.332340052585451,0.508761449621665,0.863399137735421,0.161129153135149,0,
0.52040640606165,0.338299737072743,0.394066109119873,0.391649648286816,0.280039970022483,0,
0.319786464611676,0.330236634531113,0.503584229390681,0.82119355570683,0.164626530102423,0,
0.447391079731359,0.711656441717792,0.287136598964556,0.322214658497844,0.294279290532101,0,
0.385741346650594,0.721121822962314,0.230187176423736,0.303834808259587,0.281538845865601,0,
0.325813673153091,0.512708150744961,0.515929908403027,0.431132289539369,0.363227579315513,0,
0.270018942655416,0.397370727432077,0.808641975308642,0.627184025414114,0.217586809892581,0,
0.507318753228862,0.430499561787905,0.754082039028276,0.487860222373497,0.393454908818386,0,
0.83416566213191,0.185626643295355,0.395659099960175,0.385976855003404,0.292280789407944,0,
0.433270191148614,0.487817703768624,0.463958582238152,0.315861130020422,0.32075943042718,0,
0.409333562941278,0.480280455740578,0.425925925925926,0.402768323122305,0.285535848113915,0,
0.361115894609953,0.401928133216477,0.787335722819594,0.627184025414114,0.454409193105171,0,
0.825210952298949,0.167747589833479,0.336917562724014,0.341275243930111,0.308018985760679,0,
0.390563113483726,0.669938650306748,0.662883313420948,0.248695257544815,0.32075943042718,0,
0.680902359221629,0.493952673093777,0.541218637992832,0.500340367597005,0.274544091931052,0,
0.466678147063888,0.405609114811569,0.31521306252489,0.336963921034717,0.32075943042718,0,
0.247976579989668,0.0879929886064855,0.0362405416168857,0.0197413206262764,0.32075943042718,0,
0.3159979335285,0.309027169149869,0.225408203902828,0.72952121624688,0.760679490382213,0,
0.729636645427932,0.453637160385627,0.56152927120669,0.477422282732017,0.28228828378716,0,
0.53383847081109,0.409640666082384,0.421943448825169,0.394826412525528,0.279290532100924,0,
0.54417082831066,0.372129710780018,0.452409398645958,0.33287950987066,0.304271796152885,0,
0.311348372653694,0.294829097283085,0.446236559139785,0.493079192194236,0.833624781413939,0,
0.332185293611159,0.539000876424189,0.489247311827957,0.417517585659179,0.32075943042718,0,
0.32633029102807,0.44364592462752,0.661091198725607,0.26072157930565,0.32075943042718,0,
0.337695884277596,0.336546888694128,0.603942652329749,0.631722260040844,0.32075943042718,0,
0.320991906319959,0.330061349693252,0.22700119474313,0.817562968005446,0.32075943042718,0,
0.488031685896332,0.387204206836109,0.334727200318598,0.374631268436578,0.340244816387709,0,
0.345617358360599,0.455565293602103,0.891875746714456,0.144088949398684,0.204096927304522,0,
0.579817461684174,0.455565293602103,0.31521306252489,0.405037440435671,0.361478890831876,0,
0.267435853280523,0.411919368974584,0.753285543608124,0.563194917177218,0.32075943042718,0,
0.795074909591872,0.409290096406661,0.46136997212266,0.456773315180395,0.41693729702723,0,
0.404511796108145,0.541454864154251,0.661091198725607,0.257090991604266,0.200349737696727,0,
0.607026003099707,0.33567046450482,0.392074870569494,0.40571817562968,0.290032475643268,0,
0.318064405028414,0.283260297984224,0.439466348068499,0.569321533923304,0.719210592055958,0,
0.675219562596866,0.289921121822962,0.436678614097969,0.339686861810756,0.336497626779915,0,
0.490098157396246,0.748466257668712,0.273197929111908,0.465849784433855,0.267549337996503,0,
0.419321508524195,0.784750219106047,0.215651135005974,0.467211254821874,0.368223832125906,0,
0.60375408989151,0.523575810692375,0.292911190760653,0.33356024506467,0.348238820884337,0,
0.618219390390907,0.409465381244522,0.458582238152131,0.441797140912185,0.276042967774169,0,
0.439641811606682,0.370376862401402,0.324173636001593,0.343998184706149,0.336247814139395,0,
0.811090063716205,0.350043821209465,0.398845081640781,0.386430678466077,0.337496877341994,0,
0.506629929395557,0.542681858019281,0.307048984468339,0.276605400499206,0.643017736697477,0,
0.181677286034097,0.543032427695004,0.284747112704102,0.314499659632403,0.289782663002748,0,
0.354916480110212,0.546538124452235,0.46694544006372,0.418652144315861,0.353734698975768,0,
0.463406233855691,0.414373356704645,0.52568697729988,0.428636260494668,0.382463152635523,0,
0.559497158601687,0.648028045574058,0.291119076065313,0.407533469480372,0.469647764176867,0,
0.473910797313587,0.630850131463628,0.276782158502589,0.316541865214432,0.50662003497377,0,
0.768210780092991,0.429798422436459,0.621266427718041,0.309961425005673,0.296527604296777,0,
0.412949888066127,0.754951796669588,0.527479091995221,0.289085545722714,0.281289033225081,0,
0.327535732736353,0.495880806310254,0.769215452011151,0.562287270251872,0.32075943042718,0,
0.846908903048045,0.168799298860649,0.336917562724014,0.380077149988654,0.302772920309768,0,
0.390907525400379,0.473093777388256,0.629032258064516,0.495802132970275,0.647764176867349,0,
0.335973824694334,0.32760736196319,0.484468339307049,0.219196732471069,0.32075943042718,0,
0.315825727570174,0.346713409290096,0.668857029072083,0.839800317676424,0.32075943042718,0,
0.341140003444119,0.626292725679229,0.492035045798487,0.416609938733833,0.39095678241319,0,
0.704494575512313,0.344609991235758,0.341696535244922,0.388245972316769,0.30751936047964,0,
0.356638539693473,0.658194566170026,0.524093986459578,0.439754935330157,0.37172120909318,0,
0.402273118649905,0.693602103418054,0.672242134607726,0.465169049239846,0.269797651761179,0,
0.343206474944033,0.636459246275197,0.565909996017523,0.47333787156796,0.2560579565326,0,
0.387118994317203,0.68501314636284,0.553564317005177,0.467438166553211,0.270547089682738,0,
0.447563285689685,0.751446099912358,0.268618080446037,0.312684365781711,0.284786410192356,0,
0.809368004132943,0.309377738825592,0.390083632019116,0.384161561152712,0.348738446165376,0,
0.816428448424315,0.310780017528484,0.338709677419355,0.378942591331972,0.33999500374719,0,
0.838987428965042,0.368273444347064,0.321784149741139,0.337871567960064,0.306769922558081,0,
0.325124849319786,0.364066608238387,0.521704500199124,0.650782845473111,0.169372970272296,0,
0.462372998105734,0.614723926380368,0.4852648347272,0.71000680735194,0.212340744441669,0,
0.379025314275874,0.700438212094654,0.242931103146157,0.428636260494668,0.284286784911317,0,
0.341656621319098,0.433829973707274,0.778176025487853,0.750397095529839,0.32075943042718,0,
0.37695884277596,0.82418930762489,0.253484667463162,0.49739051508963,0.273544841368973,0,
0.485620802479766,0.512883435582822,0.464954201513341,0.433401406852734,0.252060954284287,0,
0.325641467194765,0.339351446099912,0.722620469932298,0.542545949625596,0.598051461403947,0,
0.782331668675736,0.293251533742331,0.417363600159299,0.393691853868845,0.300774419185611,0,
0.325813673153091,0.323575810692375,0.880326563122262,0.204901293396869,0.420434673994504,0,
0.140003444119167,0.401402278702892,0.277180406212664,0.3238030406172,0.301773669747689,0,
0.325641467194765,0.328308501314636,0.539028275587415,0.804628999319265,0.16662503122658,0,
0.576028930600999,0.332515337423313,0.815810434090004,0.227138643067847,0.265550836872346,0,
0.325985879111417,0.599298860648554,0.572082835523696,0.253914227365555,0.32075943042718,0,
0.340623385569141,0.343382997370727,0.582636399840701,0.686181075561607,0.164876342742943,0,
0.392285173066988,0.570727432077125,0.275985663082437,0.314953483095076,0.32075943042718,0,
0.578095402100913,0.629272567922875,0.288530465949821,0.410029498525074,0.360979265550837,0,
0.302738074737386,0.275547765118317,0.436280366387893,0.261856137962333,0.32075943042718,0,
0.32495264336146,0.430499561787905,0.665870171246515,0.230542319037894,0.268298775918061,0,
0.742896504219046,0.301314636283961,0.419553962564715,0.405491263898344,0.256807394454159,0,
0.710177372137076,0.188606485539001,0.465153325368379,0.639891082368958,0.240819385460904,0,
0.375925607026003,0.615950920245399,0.662485065710872,0.496255956432948,0.257057207094679,0,
0.462545204064061,0.620157756354075,0.745320589406611,0.248695257544815,0.32075943042718,0,
0.6096090924746,0.188080631025416,0.41178813221824,0.393464942137508,0.295528353734699,0,
0.678319269846737,0.191060473269062,0.445838311429709,0.710233719083277,0.207594304271796,0,
0.353366626485276,0.584925503943909,0.484667463162087,0.429997730882687,0.287034723957032,0,
0.308420871362149,0.336371603856266,0.485065710872162,0.553437712729748,0.537596802398201,0,
0.338556914069227,0.559333917616126,0.527080844285145,0.449739051508963,0.277292030976767,0,
0.373342517651111,0.686765994741455,0.272401433691756,0.304742455184933,0.290532100924307,0,
0.716204580678491,0.28396143733567,0.388689765033851,0.375765827093261,0.335998001498876,0,
0.717582228345101,0.449605609114812,0.308243727598566,0.392557295212162,0.390706969772671,0,
0.657137936972619,0.318141980718668,0.383910792512943,0.380077149988654,0.308268798401199,0,
0.403306354399862,0.560560911481157,0.299880525686977,0.326752893124575,0.32075943042718,0,
0.471844325813673,0.695004382120947,0.243130227001195,0.565917857953256,0.259305520859355,0,
0.347856035818839,0.418755477651183,0.947232178414974,0.140912185159973,0.195353484886335,0,
0.325985879111417,0.435933391761613,0.694942254082039,0.223961878829135,0.32075943042718,0,
0.329257792319614,0.297107800175285,0.481879729191557,0.592239618788291,0.32075943042718,0,
0.380230755984157,0.583698510078878,0.496415770609319,0.42069434989789,0.379965026230327,0,
0.337007060444291,0.288168273444347,0.484468339307049,0.863399137735421,0.122408193854609,0,
0.364215601859824,0.499211218229623,0.906013540422142,0.207624234172907,0.240069947539345,0,
0.426381952815567,0.621735319894829,0.2536837913182,0.314726571363739,0.356982263302523,0,
0.313587050111934,0.289570552147239,0.42831541218638,0.557068300431132,0.813639770172371,0,
0.793869467883589,0.295530236634531,0.419753086419753,0.392557295212162,0.300524606545091,0,
0.35457206819356,0.331814198071867,0.633412982875348,0.521896982073973,0.530102423182613,0,
0.477182710521784,0.397020157756354,0.516129032258065,0.437258906285455,0.375718211341494,0,
0.764766660926468,0.395092024539877,0.567901234567901,0.296800544588155,0.291531351486385,0,
0.515756845186844,0.424890446976337,0.207885304659498,0.223508055366462,0.241818636022983,0,
0.359393835026692,0.620157756354075,0.491039426523298,0.431359201270706,0.286784911316513,0,
0.330291028069571,0.483610867659947,0.634010354440462,0.266167460857726,0.404946290282288,0,
0.336834854485965,0.336722173531989,0.537634408602151,0.828227819378262,0.144391706220335,0,
0.417599448940933,0.682383873794917,0.259856630824373,0.314499659632403,0.32075943042718,0,
0.612019975891166,0.391411042944785,0.430505774591796,0.404129793510324,0.240819385460904,0,
0.668503530222146,0.405609114811569,0.330346475507766,0.389380530973451,0.347239570322258,0,
0.375236783192698,0.671165644171779,0.243727598566308,0.432039936464715,0.283287534349238,0,
0.465128293438953,0.493952673093777,0.318199920350458,0.33741774449739,0.344491631276543,0,
0.39262958498364,0.827344434706398,0.220430107526882,0.451781257090992,0.278291281538846,0,
0.373686929567763,0.755652936021034,0.25647152528873,0.588382119355571,0.233075193604796,0,
0.332013087652833,0.380718667835232,0.740740740740741,0.231676877694577,0.247314514114414,0,
0.453934906147753,0.614373356704645,0.710872162485066,0.275243930111187,0.284536597551836,0,
0.327535732736353,0.350394390885188,0.518916766228594,0.810301792602678,0.143642268298776,0,
0.345100740485621,0.562138475021911,0.274392672242135,0.431813024733379,0.291281538845866,0,
0.641122782848287,0.503067484662577,0.287335722819594,0.403902881778988,0.28878341244067,0,
0.478388152230067,0.682559158632778,0.283552369573875,0.316088041751759,0.290282288283787,0,
0.334596177027725,0.454338299737073,0.818797291915571,0.239845700022691,0.32075943042718,0,
0.315136903736869,0.330762489044698,0.637196336121067,0.6619015203086,0.213339995003747,0,
0.452557258481143,0.559684487291849,0.567702110712863,0.294758339006127,0.286784911316513,0,
0.415532977441019,0.589132340052585,0.562126642771804,0.631495348309508,0.226080439670247,0,
0.85345272946444,0.432602979842244,0.433890880127439,0.422055820285909,0.353734698975768,0,
0.308248665403823,0.295880806310254,0.488450816407806,0.161334240980259,0.32075943042718,0,
0.417771654899259,0.706047326906223,0.58821186778176,0.453142727479011,0.274793904571571,0,
0.404856208024798,0.646275197195443,0.26284348864994,0.424778761061947,0.357731701224082,0,
0.399517823316687,0.529710780017528,0.247710075667065,0.306103925572952,0.280039970022483,0,
0.355088686068538,0.731814198071867,0.243329350856233,0.468345813478557,0.494129402947789,0,
0.395557086275185,0.829447852760736,0.242134607726006,0.505559337417744,0.272795403447414,0,
0.489237127604615,0.716739702015776,0.539227399442453,0.44020875879283,0.32075943042718,0,
0.388668847942139,0.669763365468887,0.278773397052967,0.428863172226004,0.616787409442918,0,
0.325297055278113,0.462927256792287,0.593189964157706,0.252325845246199,0.32075943042718,0,
0.574995694851042,0.547414548641542,0.294305057745918,0.450873610165646,0.577317012240819,0,
0.408989151024625,0.771779141104295,0.542612504978096,0.439981847061493,0.374968773419935,0,
0.670053383847081,0.309377738825592,0.392672242134608,0.38688450192875,0.28203847114664,0,
0.341828827277424,0.489745836985101,0.27299880525687,0.413886997957794,0.294279290532101,0,
0.786120199758912,0.195267309377739,0.396057347670251,0.381211708645337,0.297526854858856,0,
0.33304632340279,0.382296231375986,0.8805256869773,0.194236442024053,0.457906570072446,0,
0.403478560358188,0.67589833479404,0.553166069295101,0.454731109598366,0.375218586060455,0,
0.586533494058894,0.574233128834356,0.311429709279172,0.338325391422737,0.302023482388209,0,
0.513862579645256,0.532340052585451,0.299084030266826,0.415248468345813,0.27554334249313,0,
0.643361460306527,0.464855390008764,0.465153325368379,0.443385523031541,0.287034723957032,0,
0.368004132943,0.740929009640666,0.247909199522103,0.624234172906739,0.22458156382713,0,
0.3791975202342,0.612795793163891,0.53126244524094,0.301338779214885,0.281289033225081,0,
0.323402789736525,0.425942156003506,0.67283950617284,0.254821874290901,0.32075943042718,0,
0.320130876528328,0.295004382120946,0.48068498606133,0.75879282958929,0.676492630527105,0,
0.798691234716721,0.295179666958808,0.635603345280765,0.293623780349444,0.288033974519111,0,
0.399517823316687,0.634355828220859,0.257068896853843,0.310642160199682,0.293030227329503,0,
0.516962286895126,0.651358457493427,0.292114695340502,0.322668481960517,0.376967274544092,0,
0.361632512484932,0.398247151621385,0.80147351652728,0.232357612888586,0.244316762428179,0,
0.396934733941794,0.662401402278703,0.256670649143767,0.427728613569322,0.32075943042718,0,
0.349061477527122,0.707800175284838,0.509956192751892,0.428409348763331,0.368473644766425,0,
0.344584122610642,0.571603856266433,0.694743130227001,0.516451100521897,0.242068448663502,0,
0.375753401067677,0.605258545135846,0.749900438072481,0.248922169276152,0.259305520859355,0,
0.565868779059755,0.628045574057844,0.292911190760653,0.403222146584978,0.264801398950787,0,
0.467194764938867,0.543207712532866,0.298486658701712,0.405491263898344,0.354983762178366,0,
0.714654727053556,0.445048203330412,0.330744723217841,0.340367597004765,0.341244066949788,0,
0.315309109695195,0.317090271691499,0.458980485862206,0.566598593147266,0.545340994254309,0,
0.306354399862235,0.297808939526731,0.428912783751493,0.467665078284547,0.470147389457907,0,
0.376442224900982,0.64364592462752,0.663281561131023,0.51168595416383,0.32075943042718,0,
0.562252453934906,0.646099912357581,0.290720828355237,0.323349217154527,0.356982263302523,0,
0.372653693817806,0.765644171779141,0.254082039028276,0.303834808259587,0.283287534349238,0,
0.256414671947649,0.14250657318142,0.482078853046595,0.600408441116406,0.32075943042718,0,
0.640433959014982,0.388080631025416,0.434488251692553,0.429543907420014,0.575318511116662,0,
0.378680902359222,0.419456617002629,0.700517722023098,0.513501248014522,0.421184111916063,0,
0.345961770277252,0.489219982471516,0.739944245320589,0.233719083276605,0.32075943042718,0,
0.334423971069399,0.523751095530237,0.582437275985663,0.449512139777627,0.279790157381964,0,
0.275185121405201,0.353900087642419,0.678614097968937,0.630360789652825,0.32075943042718,0,
0.496297571895988,0.643470639789658,0.280565511748307,0.318357159065124,0.291031726205346,0,
0.806096090924746,0.325679228746713,0.336320191158901,0.337644656228727,0.306270297277042,0,
0.575856724642673,0.522524101665206,0.462962962962963,0.675289312457454,0.223582313265051,0,
0.732736352677803,0.190184049079755,0.404619673436878,0.401406852734286,0.297027229577817,0,
0.430687101773721,0.736371603856267,0.578255675029869,0.277286135693215,0.32075943042718,0,
0.61494747718271,0.370727432077125,0.394862604540024,0.388926707510778,0.281039220584562,0,
0.336146030652661,0.431200701139351,0.841298287534847,0.199682323576129,0.32075943042718,0,
0.749612536593766,0.311130587204207,0.410991636798088,0.378942591331972,0.343742193354984,0,
0.315825727570174,0.290271691498685,0.451214655515731,0.707510778307238,0.708218835873095,0,
0.374892371276046,0.399649430324277,0.68478693747511,0.282051282051282,0.279290532100924,0,
0.460823144480799,0.703943908851884,0.511748307447232,0.552303154073066,0.255058705970522,0,
0.639572929223351,0.328133216476775,0.341696535244922,0.345132743362832,0.311266550087434,0,
0.421732391940761,0.4965819456617,0.299084030266826,0.332652598139324,0.340494629028229,0,
0.431720337523678,0.62296231375986,0.252289924332935,0.307692307692308,0.360979265550837,0,
0.340278973652488,0.426643295354952,0.806849860613301,0.626503290220104,0.32075943042718,0,
0.569485104184605,0.637861524978089,0.287136598964556,0.409121851599728,0.361478890831876,0,
0.65352161184777,0.34829097283085,0.345081640780565,0.374177444973905,0.310766924806395,0,
0.425865334940589,0.609815950920245,0.235762644364795,0.303380984796914,0.366974768923308,0,
0.688651627346306,0.404382120946538,0.518916766228594,0.309507601543,0.375968023982014,0,
0.367831926984674,0.681507449605609,0.581441656710474,0.540730655774904,0.32075943042718,0,
0.619252626140864,0.346187554776512,0.404221425726802,0.390061266167461,0.302772920309768,0,
0.85879111417255,0.308326029798422,0.464755077658303,0.517585659178579,0.259555333499875,0,
0.402100912691579,0.771603856266433,0.232178414974114,0.469707283866576,0.273295028728454,0,
0.768555192009644,0.341980718667835,0.39426523297491,0.382800090764693,0.305770671996003,0,
0.348544859652144,0.425591586327783,0.867980884109916,0.629226230996142,0.219335498376218,0,
0.359738246943344,0.625766871165644,0.285941855834329,0.422282732017245,0.292280789407944,0,
0.653004993972791,0.43908851884312,0.426324173636002,0.413660086226458,0.304021983512366,0,
0.862063027380747,0.347063978965819,0.425328554360812,0.510551395507148,0.266300274793905,0,
0.353711038401929,0.596669588080631,0.596575069693349,0.220558202859088,0.649013240069948,0,
0.419838126399173,0.563540753724803,0.452807646356033,0.417971409121852,0.255558331251561,0,
0.819011537799208,0.332865907099036,0.573078454798885,0.309053778080327,0.297526854858856,0,
0.488720509729637,0.611744084136722,0.28673835125448,0.417971409121852,0.273544841368973,0,
0.302738074737386,0.268886941279579,0.337913181999204,0.279782164737917,0.598551086684986,0,
0.578095402100913,0.629272567922875,0.288530465949821,0.410029498525074,0.360979265550837,0,
0.317203375236783,0.333041191936897,0.662485065710872,0.742909008395734,0.32075943042718,0,
0.273635267780265,0.350394390885188,0.653126244524094,0.584070796460177,0.32075943042718,0,
0.334079559152747,0.411919368974584,0.631023496614894,0.232357612888586,0.187359480389708,0,
0.391424143275357,0.68045574057844,0.666268418956591,0.461311549807125,0.273295028728454,0,
0.643189254348201,0.448553900087642,0.322381521306252,0.382119355570683,0.305021234074444,0,
0.399345617358361,0.624890446976337,0.279968140183194,0.316995688677105,0.289532850362228,0,
0.452040640606165,0.636283961437336,0.281760254878534,0.326072157930565,0.299775168623532,0,
0.581539521267436,0.454513584574934,0.46694544006372,0.448150669389607,0.26929802648014,0,
0.415188565524367,0.661700262927257,0.269414575866189,0.416609938733833,0.362228328753435,0,
0.61856380230756,0.501665205959684,0.287534846674632,0.400953029271613,0.289283037721709,0,
0.355777509901843,0.494478527607362,0.611509358821187,0.265032902201044,0.275293529852611,0,
0.690373686929568,0.549693251533742,0.290720828355237,0.566825504878602,0.255808143892081,0,
0.424659893232306,0.739526730937774,0.253882915173238,0.304515543453597,0.286784911316513,0,
0.336834854485965,0.290446976336547,0.486459577857427,0.878375312003631,0.136897327004746,0,
0.743929739969003,0.422261174408414,0.648745519713262,0.304515543453597,0.294029477891581,0,
0.319958670570002,0.281858019281332,0.440461967343688,0.601996823235761,0.686485136147889,0,
0.343723092819012,0.408588957055215,0.717443249701314,0.541865214431586,0.2305770671996,0,
0.777509901842604,0.405959684487292,0.45957785742732,0.480599046970728,0.422682987759181,0,
0.309626313070432,0.291323400525854,0.46415770609319,0.694122986158384,0.32075943042718,0,
0.816772860340968,0.17703768624014,0.392871365989646,0.342409802586794,0.30751936047964,0,
0.306354399862235,0.280631025416301,0.443249701314217,0.621284320399365,0.729952535598301,0,
0.445152402273119,0.73567046450482,0.280565511748307,0.319491717721806,0.291531351486385,0,
0.389702083692096,0.853812445223488,0.222222222222222,0.462219196732471,0.441668748438671,0,
0.877044945755123,0.298685363716039,0.340900039824771,0.341275243930111,0.307019735198601,0,
0.571551575684519,0.504294478527607,0.307248108323377,0.336056274109371,0.32075943042718,0,
0.339073531944205,0.499386503067485,0.590800477897252,0.252325845246199,0.405196102922808,0,
0.377992078525917,0.618580192813322,0.287335722819594,0.323349217154527,0.298775918061454,0,
0.366454279318064,0.372129710780018,0.62226204699323,0.761061946902655,0.168873344991257,0,
0.355260892026864,0.354250657318142,0.747311827956989,0.539823008849557,0.229078191356483,0,
0.820561391424143,0.294829097283085,0.340501792114695,0.342182890855457,0.336497626779915,0,
0.569485104184605,0.637686240140228,0.287136598964556,0.409121851599728,0.361478890831876,0,
0.416910625107629,0.320595968448729,0.536439665471923,0.817562968005446,0.180114913814639,0,
0.929567763044601,0.30920245398773,0.341298287534847,0.340140685273429,0.310267299525356,0,
0.395040468400207,0.776336546888694,0.263042612504978,0.314272747901066,0.286535098675993,0,
0.33304632340279,0.426818580192813,0.738152130625249,0.233492171545269,0.32075943042718,0,
0.496814189770966,0.809114811568799,0.249303066507368,0.476060812343998,0.251311516362728,0,
0.789392112967109,0.413146362839614,0.432497013142174,0.408441116405718,0.261803647264552,0,
0.557947304976752,0.6045574057844,0.29131819992035,0.270705695484457,0.524356732450662,0,
0.336146030652661,0.636459246275197,0.560732775786539,0.486044928522805,0.383462403197602,0,
0.388496641983813,0.837510955302366,0.244125846276384,0.303154073065577,0.282538096427679,0,
0.358532805235061,0.662751971954426,0.544802867383512,0.229407760381212,0.32075943042718,0,
0.312726020320303,0.302541630148992,0.460573476702509,0.617199909235307,0.32075943042718,0,
0.339245737902531,0.448203330411919,0.921943448825169,0.174495121397776,0.222333250062453,0,
0.340795591527467,0.536722173531989,0.563321385902031,0.459269344225096,0.273544841368973,0,
0.465644911313931,0.616827344434706,0.617084826762246,0.547764919446335,0.263802148388708,0,
0.35457206819356,0.33794916739702,0.703902827558742,0.569321533923304,0.551836122907819,0,
0.87583950404684,0.179842243645925,0.390083632019116,0.341048332198775,0.307019735198601,0,
0.317719993111762,0.290622261174408,0.454201513341298,0.190605854322668,0.32075943042718,0,
0.365076631651455,0.652234881682734,0.633412982875348,0.511912865895167,0.32075943042718,0,
0.6208024797658,0.317966695880806,0.337714058144166,0.376673474018607,0.338745940544592,0,
0.726881350094713,0.31603856266433,0.401234567901235,0.392103471749489,0.308268798401199,0,
0.40967797485793,0.588957055214724,0.566507367582636,0.622418879056047,0.212840369722708,0,
0.644911313931462,0.325679228746713,0.776981282357626,0.257771726798275,0.280539595303522,0,
0.433097985190288,0.548115687992989,0.305256869772999,0.407987292943045,0.244816387709218,0,
0.311003960737042,0.339176161262051,0.527678215850259,0.93691853868845,0.0459655258556083,0,
0.671258825555364,0.322348816827344,0.384707287933094,0.380304061719991,0.308768423682238,0,
0.364560013776477,0.535845749342682,0.290521704500199,0.3238030406172,0.32075943042718,0,
0.360771482693301,0.392813321647678,0.866786140979689,0.17426820966644,0.242318261304022,0,
0.460134320647494,0.575284837861525,0.273596176821983,0.425686407987293,0.388458656007994,0,
0.471327707938695,0.544609991235758,0.312027080844285,0.334467891990016,0.344991256557582,0,
0.337351472360944,0.359684487291849,0.534249303066507,0.606535057862492,0.32075943042718,0,
0.742379886344067,0.348466257668712,0.395659099960175,0.38234626730202,0.30751936047964,0,
0.350611331152058,0.437686240140228,0.68657905217045,0.53641933287951,0.223332500624532,0,
0.343034268985707,0.615950920245399,0.772202309836718,0.514408894939868,0.32075943042718,0,
0.11296710866196,0.508150744960561,0.17921146953405,0.266621284320399,0.32075943042718,0,
0.403306354399862,0.584925503943909,0.683990442054958,0.269117313365101,0.32075943042718,0,
0.593938350266919,0.367747589833479,0.333134209478295,0.385069208078058,0.341743692230827,0,
0.361115894609953,0.744609991235758,0.236160892074871,0.477422282732017,0.32075943042718,0,
0.643878078181505,0.358983347940403,0.413978494623656,0.410483321987747,0.447414439170622,0,
0.320647494403306,0.434706397896582,0.678016726403823,0.20285908781484,0.32075943042718,0,
0.402789736524884,0.775985977212971,0.271007566706491,0.316541865214432,0.289033225081189,0,
0.305321164112278,0.295179666958808,0.427518916766229,0.466984343090538,0.32075943042718,0,
0.335629412777682,0.463102541630149,0.596973317403425,0.488540957567506,0.32075943042718,0,
0.602204236266575,0.628921998247152,0.262445240939865,0.41093714545042,0.373220084936298,0,
0.685896332013088,0.197546012269939,0.381322182397451,0.374858180167915,0.304021983512366,0,
0.78887549509213,0.38965819456617,0.461569095977698,0.466530519627865,0.292530602048464,0,
0.318581022903392,0.396143733567046,0.833532457188371,0.190378942591332,0.16662503122658,0,
0.489237127604615,0.745836985100789,0.272401433691756,0.311776718856365,0.286285286035473,0,
0.387463406233856,0.62646801051709,0.511150935882119,0.472884048105287,0.230077441918561,0,
0.849319786464612,0.391411042944785,0.460772600557547,0.444973905150896,0.290532100924307,0,
0.552436714310315,0.539176161262051,0.476304261250498,0.31926480599047,0.32075943042718,0,
0.351472360943689,0.499561787905346,0.259657506969335,0.443385523031541,0.28828378715963,0,
0.399517823316687,0.557756354075373,0.303863002787734,0.413433174495121,0.385960529602798,0,
0.461167556397451,0.502366345311131,0.475906013540422,0.318357159065124,0.355983012740445,0,
0.303254692612364,0.279228746713409,0.443249701314217,0.478783753120036,0.619035723207594,0,
0.357155157568452,0.44592462751972,0.665272799681402,0.515997277059224,0.195353484886335,0,
0.471155501980368,0.589833479404032,0.29410593389088,0.329929657363286,0.345490881838621,0,
0.271224384363699,0.454163014899211,0.652329749103943,0.489221692761516,0.32075943042718,0,
0.602376442224901,0.544609991235758,0.29689366786141,0.326979804855911,0.29502872845366,0,
0.423971069399001,0.761787905346188,0.267025089605735,0.314726571363739,0.367474394204347,0,
0.252626140864474,0.353549517966696,0.634607726005575,0.182210120263218,0.187859105670747,0,
0.33752367831927,0.332340052585451,0.493827160493827,0.633083730428863,0.32075943042718,0,
0.307387635612192,0.293251533742331,0.482875348466746,0.461765373269798,0.32075943042718,0,
0.35904942311004,0.602629272567923,0.280565511748307,0.407306557749036,0.28878341244067,0,
0.35904942311004,0.670289219982471,0.499203504579849,0.479464488314046,0.219335498376218,0,
0.942311003960737,0.184574934268186,0.393866985264835,0.340594508736102,0.30152385710717,0,
0.403306354399862,0.714636283961437,0.532656312226205,0.431813024733379,0.367724206844866,0,
0.36214913035991,0.888694127957932,0.206889685384309,0.276832312230542,0.32075943042718,0,
0.355605303943516,0.573707274320771,0.307447232178415,0.327660540049921,0.298026480139895,0,
0.336834854485965,0.536371603856266,0.633612106730386,0.533469480372135,0.32075943042718,0,
0.338556914069227,0.561262050832603,0.584229390681004,0.548672566371681,0.225830627029728,0,
0.50111933872912,0.437160385626643,0.817801672640382,0.255048786022237,0.274544091931052,0,
0.835887721715171,0.339526730937774,0.333333333333333,0.340594508736102,0.308518611041719,0,
0.458240055105907,0.476599474145486,0.604938271604938,0.466757431359201,0.639770172370722,1,
0.309626313070432,0.353900087642419,0.423337315810434,0.520308599954618,0.32075943042718,1,
0.501808162562425,0.549342681858019,0.757268020708881,0.268436578171091,0.280789407944042,1,
0.464783881522301,0.731638913234005,0.54778972520908,0.458134785568414,0.284786410192356,1,
0.322369553986568,0.315687992988606,0.774591796097172,0.528931245745405,0.145390956782413,1,
0.3271913208197,0.366520595968449,0.540621266427718,0.640344905831632,0.12790407194604,1,
0.32271396590322,0.356879929886065,0.83731581043409,0.159745858860903,0.751186610042468,1,
0.312898226278629,0.32182296231376,0.527877339705297,0.528704334014069,0.32075943042718,1,
0.331496469777854,0.340929009640666,0.660493827160494,0.502382573179033,0.683237571821134,1,
0.346133976235578,0.31954425942156,0.641975308641975,0.743589743589744,0.761928553584811,1,
0.333562941277768,0.370902716914987,0.566706491437674,0.836623553437713,0.106669997501874,1,
0.488892715687963,0.348641542506573,0.914575866188769,0.221012026321761,0.260304771421434,1,
0.375408989151025,0.347589833479404,0.751095181202708,0.698207397322442,0.659755183612291,1,
0.310142930945411,0.342857142857143,0.421346077260056,0.52666212843204,0.710966774918811,1,
0.384019287067333,0.455740578439965,0.56252489048188,0.525073746312684,0.147889083187609,1,
0.465644911313931,0.324978089395267,0.683193946634807,0.790787383707738,0.50012490632026,1,
0.320647494403306,0.343382997370727,0.511549183592194,0.659859314726571,0.161378965775668,1,
0.318925434820045,0.334618755477651,0.478693747510952,0.60857726344452,0.200349737696727,1,
0.336146030652661,0.341805433829974,0.697530864197531,0.206489675516224,0.855608293779665,1,
0.467366970897193,0.347063978965819,0.72700119474313,0.601542999773088,0.644766425181114,1,
0.491648011021181,0.621384750219106,0.695937873357228,0.287724075334695,0.279290532100924,1,
0.344756328568968,0.354776511831727,0.504181600955794,0.63716814159292,0.136647514364227,1,
0.330463234027897,0.45398773006135,0.529470330545599,0.579078738370774,0.462653010242318,1,
0.313070432236955,0.319719544259422,0.522301871764237,0.75425459496256,0.514614039470397,1,
0.375408989151025,0.495880806310254,0.859816806053365,0.201724529158157,0.421184111916063,1,
0.359738246943344,0.329009640666082,0.541616885702907,0.615157703653279,0.32075943042718,1,
0.322369553986568,0.357756354075372,0.468538430904022,0.438847288404811,0.545590806894829,1,
0.252281728947822,0.108326029798422,0.112504978096376,0.101202632176084,0.175868098925806,1,
0.500258308937489,0.358983347940403,0.902230187176424,0.22169276151577,0.261803647264552,1,
0.383158257275702,0.503067484662577,0.727399442453206,0.749943272067166,0.201099175618286,1,
0.446185638023076,0.39193689745837,0.570290720828355,0.551168595416383,0.263302523107669,1,
0.460650938522473,0.420157756354075,0.809239346873755,0.220331291127751,0.247314514114414,1,
0.310831754778715,0.333567046450482,0.43110314615691,0.547084184252326,0.32075943042718,1,
0.457034613397624,0.485714285714286,0.683193946634807,0.521216246879964,0.492880339745191,1,
0.328913380402962,0.338825591586328,0.406810035842294,0.623780349444066,0.678990756932301,1,
0.364732219734803,0.367046450482033,0.436280366387893,0.700703426367143,0.159130652010992,1,
0.347511623902187,0.37475898334794,0.525886101154918,0.545041978670297,0.535598301274045,1,
0.458240055105907,0.526730937773883,0.658900836320191,0.57022918084865,0.502123407444417,1,
0.400895470983296,0.411919368974584,0.787136598964556,0.655321080099841,0.144391706220335,1,
0.324091613569829,0.372129710780018,0.63878932696137,0.750397095529839,0.161129153135149,1,
0.377647666609265,0.622261174408414,0.603743528474711,0.672793283412752,0.210342243317512,1,
0.337179266402618,0.2988606485539,0.58641975308642,0.668255048786022,0.124906320259805,1,
0.32633029102807,0.382296231375986,0.69573874950219,0.535511685954164,0.439920059955034,1,
0.311692784570346,0.327957931638913,0.431302270011947,0.55525300658044,0.32075943042718,1,
0.337179266402618,0.35512708150745,0.529470330545599,0.842750170183799,0.32075943042718,1,
0.316858963320131,0.370026292725679,0.431700517722023,0.487179487179487,0.32075943042718,1,
0.274840709488548,0.155828220858896,0.200517722023098,0.157703653278875,0.32075943042718,1,
0.38952987773377,0.452234881682734,0.828554360812425,0.207170410710234,0.250811891081689,1,
0.318408816945066,0.322524101665206,0.486857825567503,0.660993873383254,0.533349987509368,1,
0.448424315481316,0.431551270815074,0.680804460374353,0.244157022918085,0.535348488633525,1,
0.323230583778199,0.277475898334794,0.330346475507766,0.560925799863853,0.581563827129653,1,
0.384880316858963,0.52182296231376,0.629032258064516,0.768323122305423,0.206345241069198,1,
0.323747201653177,0.351621384750219,0.546794105933891,0.77240753346948,0.125405945540844,1,
0.502841398312382,0.674846625766871,0.516726403823178,0.554572271386431,0.260804396702473,1,
0.643705872223179,0.624539877300613,0.27299880525687,0.328795098706603,0.300024981264052,1,
0.490270363354572,0.337423312883436,0.704898446833931,0.503063308373043,0.259055708218836,1,
0.391596349233683,0.402629272567923,0.587017124651533,0.621965055593374,0.770921808643517,1,
0.331496469777854,0.381945661700263,0.469334926324174,0.769684592693442,0.0564576567574319,1,
0.377819872567591,0.62646801051709,0.55973715651135,0.625822555026095,0.21808643517362,1,
0.40072326502497,0.752673093777388,0.254082039028276,0.604265940549126,0.251061703722208,1,
0.474083003271913,0.333041191936897,0.746515332536838,0.697980485591105,0.161878591056707,1,
0.329774410194593,0.298510078878177,0.48984468339307,0.781030179260268,0.632025980514614,1,
0.478560358188393,0.711831726555653,0.496017522899243,0.453142727479011,0.373969522857857,1,
0.446357843981402,0.469588080631025,0.693349263241736,0.554118447923758,0.534099425430927,1,
0.383158257275702,0.502892199824715,0.727399442453206,0.749716360335829,0.201348988258806,1,
0.38143619769244,0.43453111305872,0.554958183990442,0.648286816428409,0.753434923807145,1,
0.369209574651283,0.354951796669588,0.80426125049781,0.526889040163376,0.482388208843367,1,
0.357499569485104,0.465731814198072,0.769812823576264,0.544361243476288,0.562827879090682,1,
0.336318236610987,0.385451358457493,0.833532457188371,0.226004084411164,0.239070696977267,1,
0.332701911486137,0.368624014022787,0.518916766228594,0.732244157022918,0.32075943042718,1,
0.318581022903392,0.343908851884312,0.646555157307845,0.611980939414568,0.1541343992006,1,
0.252281728947822,0.359859772129711,0.535444046196734,0.687315634218289,0.32075943042718,1,
0.389874289650422,0.702366345311131,0.551573078454799,0.53188109825278,0.501124156882338,1,
0.426898570690546,0.6022787028922,0.71963361210673,0.263671431813025,0.281039220584562,1,
0.38815223006716,0.270990359333918,0.67921146953405,0.556841388699796,0.170372220834374,1,
0.495608748062683,0.342156003505697,0.68837116686579,0.498978897208986,0.388958281289033,1,
0.40072326502497,0.385276073619632,0.759657506969335,0.236215112321307,0.224831376467649,1,
0.320647494403306,0.311656441717791,0.46594982078853,0.538007714998865,0.32075943042718,1,
0.384363698983985,0.41840490797546,0.548187972919156,0.911277513047425,0.143892080939296,1,
0.422765627690718,0.440666082383874,0.528076463560335,0.613342409802587,0.471646265301024,1,
0.355949715860169,0.321998247151621,0.551373954599761,0.55979124120717,0.48063952035973,1,
0.381608403650766,0.441191936897458,0.549183592194345,0.532561833446789,0.143642268298776,1,
0.373686929567763,0.308851884312007,0.71326164874552,0.527342863626049,0.426180364726455,1,
0.513690373686929,0.649956178790535,0.606531262445241,0.279782164737917,0.375968023982014,1,
0.568968486309626,0.406310254163015,0.68478693747511,0.55593374177445,0.511866100424682,1,
0.449285345272946,0.603155127081507,0.535045798486659,0.306557749035625,0.294279290532101,1,
0.371620458067849,0.394566170026293,0.755276782158503,0.216927615157704,0.718461154134399,1,
0.408472533149647,0.338124452234882,0.499601752289924,0.842296346721126,0.178616037971521,1,
0.424143275357327,0.48045574057844,0.658502588610115,0.290900839573406,0.242568073944542,1,
0.342173239194076,0.38737949167397,0.539625647152529,0.549807125028364,0.32075943042718,1,
0.310487342862063,0.30464504820333,0.505973715651135,0.215339233038348,0.648263802148389,1,
0.473221973480282,0.535144609991236,0.710872162485066,0.516678012253234,0.26929802648014,1,
0.414844153607715,0.648203330411919,0.627041019514138,0.495348309507602,0.535598301274045,1,
0.323230583778199,0.328308501314636,0.473715651135006,0.736555479918312,0.616537596802398,1,
0.626140864473911,0.640666082383874,0.278972520908005,0.325164511005219,0.297526854858856,1,
0.418288272774238,0.436985100788782,0.748307447232178,0.525754481506694,0.641768673494879,1,
0.378164284484243,0.437861524978089,0.856829948227798,0.573632856818698,0.232825380964277,1,
0.312381608403651,0.314110429447853,0.512146555157308,0.502836396641706,0.32075943042718,1,
0.315481315653522,0.323225241016652,0.524492234169654,0.866348990242796,0.32075943042718,1,
0.461339762355777,0.5034180543383,0.659697331740342,0.489448604492852,0.606545091181614,1,
0.39262958498364,0.32760736196319,0.66726403823178,0.547991831177672,0.440169872595553,1,
0.404856208024798,0.70692375109553,0.541019514137794,0.563648740639891,0.240819385460904,1,
0.392973996900293,0.456266432953549,0.711270410195141,0.694122986158384,0.220834374219335,1,
0.321680730153263,0.356003505696757,0.513938669852648,0.646471522577717,0.714963777167125,1,
0.386430170483899,0.597370727432077,0.543010752688172,0.495575221238938,0.219835123657257,1,
0.309626313070432,0.291323400525854,0.475308641975309,0.560018152938507,0.785910567074694,1,
0.429998277940417,0.451533742331288,0.652927120669056,0.256410256410256,0.277541843617287,1,
0.3903909075254,0.655390008764242,0.575268817204301,0.650555933741774,0.230327254559081,1,
0.373686929567763,0.331814198071867,0.773795300677021,0.631268436578171,0.496627529352985,1,
0.336146030652661,0.341104294478528,0.881720430107527,0.667347401860676,0.585560829377967,1,
0.259169967280868,0.395968448729185,0.639386698526483,0.19832085318811,0.567574319260555,1,
0.336490442569313,0.306573181419807,0.73436877737953,0.655321080099841,0.779915063702223,1,
0.309454107112106,0.308676599474145,0.511549183592194,0.358747447243022,0.32075943042718,1,
0.398656793525056,0.405258545135846,0.721425726802071,0.230996142500567,0.420934299275543,1,
0.329602204236267,0.321647677475898,0.488649940262843,0.569094622191967,0.32075943042718,1,
0.346650594110556,0.445398773006135,0.522301871764237,0.603131381892444,0.507619285535848,1,
0.364043395901498,0.662576687116564,0.793906810035842,0.267982754708418,0.267799150637022,1,
0.329602204236267,0.363014899211218,0.544603743528475,0.862718402541411,0.0494629028228828,1,
0.349061477527122,0.321998247151621,0.656909597769813,0.130928068981166,0.805645765675743,1,
0.32942999827794,0.401226993865031,0.850258861011549,0.181756296800545,0.666999750187359,1,
0.372653693817806,0.653286590709904,0.796495420151334,0.270932607215793,0.26904821383962,1,
0.361460306526606,0.34829097283085,0.953604141776185,0.201951440889494,0.43617287034724,1,
0.347511623902187,0.392287467134093,0.581242532855436,0.809167233945995,0.32075943042718,1,
0.334596177027725,0.393339176161262,0.231780167264038,0.865441343317449,0.0514614039470397,1,
0.369553986567935,0.336021034180543,0.770808442851454,0.559337417744497,0.48713464901324,1,
0.277768210780093,0.173882559158633,0.199721226602947,0.0683004311322895,0.124156882338246,1,
0.464439469605648,0.50920245398773,0.611509358821187,0.278647606081234,0.565326005495878,1,
0.387635612192182,0.305872042068361,0.787136598964556,0.565237122759247,0.441918561079191,1,
0.309970724987085,0.304119193689746,0.51652727996814,0.528931245745405,0.32075943042718,1,
0.329774410194593,0.339702015775635,0.643170051772202,0.257544815066939,0.439920059955034,1,
0.419493714482521,0.643470639789658,0.561728395061728,0.498978897208986,0.503872095928054,1,
0.437058722231789,0.277826468010517,0.725408203902827,0.533242568640799,0.427679240569573,1,
0.339417943860858,0.337072743207713,0.688968538430904,0.598366235534377,0.32075943042718,1,
0.398140175650077,0.336546888694128,0.746117084826762,0.677785341502156,0.63477391956033,1,
0.412261064232822,0.34250657318142,0.505575467941059,0.830496936691627,0.179865101174119,1,
0.373859135526089,0.490446976336547,0.684388689765034,0.699795779441797,0.19210592055958,1,
0.314275873945238,0.407887817703769,0.492433293508562,0.682777399591559,0.32075943042718,1,
0.400206647149991,0.417002629272568,0.651732377538829,0.650782845473111,0.653260054958781,1,
0.360254864818323,0.396844872918493,0.618876941457587,0.643748581801679,0.516112915313515,1,
0.411055622524539,0.560560911481157,0.48984468339307,0.444520081688223,0.249313015238571,1,
0.268296883072154,0.340052585451358,0.480286738351254,0.631722260040844,0.10891831126655,1,
0.426037540898915,0.415249780893953,0.774392672242134,0.210800998411618,0.519860104921309,1,
0.345100740485621,0.43453111305872,0.874352847471127,0.212162468799637,0.161378965775668,1,
0.276390563113484,0.164241893076249,0.236360015929908,0.769911504424779,0.32075943042718,1,
0.400378853108318,0.667309377738826,0.703902827558742,0.507374631268437,0.270547089682738,1,
0.313931462028586,0.392988606485539,0.517722023098367,0.808940322214659,0.119410442168374,1,
0.428104012398829,0.328308501314636,0.671246515332537,0.752893124574541,0.131651261553835,1,
0.308593077320475,0.304995617879053,0.499800876144962,0.358747447243022,0.32075943042718,1,
0.395040468400207,0.330236634531113,0.819195539625647,0.61311549807125,0.459905071196603,1,
0.519545376270019,0.376336546888694,0.673636001592991,0.731109598366236,0.195103672245816,1,
0.334596177027725,0.319368974583699,0.453604141776185,0.646471522577717,0.587309517861604,1,
0.36214913035991,0.119018404907975,0.776583034647551,0.201497617426821,0.528603547339495,1,
0.355605303943516,0.324802804557406,0.845878136200717,0.567052416609939,0.560079940044966,1,
0.329257792319614,0.363365468886941,0.54320987654321,0.447923757658271,0.623032725455908,1,
0.333390735319442,0.367922874671341,0.797889287136599,0.220785114590424,0.411941044216837,1,
0.358705011193387,0.301665205959684,0.722819593787336,0.610165645563876,0.14089432925306,1,
0.35457206819356,0.426292725679229,0.838908801274393,0.209439528023599,0.557332000999251,1,
0.330635439986223,0.32638036809816,0.49542015133413,0.664624461084638,0.32075943042718,1,
