541,5,2,
0.829171689340451,0.332690622261174,0.409796893667861,0.341955979124121,0.310017486884836,0,
0.33166867573618,0.356003505696757,0.506172839506173,0.753800771499887,0.32075943042718,0,
0.336318236610987,0.541454864154251,0.691955396256472,0.60403902881779,0.194104421683737,0,
0.325297055278113,0.328659070990359,0.545798486658702,0.808940322214659,0.167374469148139,0,
0.343206474944033,0.418054338299737,0.887495021903624,0.187202178352621,0.32075943042718,0,
0.37248148785948,0.601752848378615,0.281561131023497,0.316314953483095,0.296277791656258,0,
0.311003960737042,0.312357581069238,0.559936280366388,0.755389153619242,0.32075943042718,0,
0.334940588944377,0.341980718667835,0.835921943448825,0.603131381892444,0.434923807144642,0,
0.359738246943344,0.79193689745837,0.263639984070092,0.312457454050374,0.286784911316513,0,
0.361632512484932,0.412269938650307,0.842094782954998,0.179714091218516,0.427929053210092,0,
0.39262958498364,0.54022787028922,0.579450418160096,0.434535965509417,0.32075943042718,0,
0.434475632856897,0.721647677475898,0.280565511748307,0.426594054912639,0.264551586310267,0,
0.76734975030136,0.279228746713409,0.394464356829948,0.402768323122305,0.305021234074444,0,
0.358532805235061,0.662751971954426,0.544802867383512,0.229407760381212,0.32075943042718,0,
0.449801963147925,0.633128834355828,0.273596176821983,0.322668481960517,0.296027979015738,0,
0.352505596693646,0.317966695880806,0.741138988450816,0.653278874517813,0.49387959030727,0,
0.400206647149991,0.735495179666959,0.530665073675826,0.27115951894713,0.286285286035473,0,
0.633201308765283,0.473794916739702,0.302668259657507,0.412298615838439,0.297277042218336,0,
0.772343723092819,0.33444347063979,0.418558343289526,0.342182890855457,0.340994254309268,0,
0.322025142069916,0.470289219982471,0.526284348864994,0.43430905377808,0.32075943042718,0,
0.338729120027553,0.468185801928133,0.557745917960972,0.470388019060585,0.280789407944042,0,
0.627346306182194,0.409991235758107,0.400438072481083,0.393011118674835,0.354733949537847,0,
0.473221973480282,0.571428571428571,0.296694544006372,0.329929657363286,0.350237322008494,0,
0.458928878939211,0.699561787905346,0.278972520908005,0.613569321533923,0.225580814389208,0,
0.317031169278457,0.29307624890447,0.434687375547591,0.578624914908101,0.784161878591057,0,
0.384535904942311,0.781419807186678,0.275388291517324,0.297481279782165,0.24381713714714,0,
0.417255037024281,0.511305872042068,0.290521704500199,0.327206716587248,0.34599050711966,0,
0.308420871362149,0.282208588957055,0.43010752688172,0.462219196732471,0.32075943042718,0,
0.402100912691579,0.564767747589834,0.265830346475508,0.405037440435671,0.291781164126905,0,
0.324436025486482,0.443470639789658,0.852648347272003,0.201951440889494,0.224831376467649,0,
0.612536593766144,0.430674846625767,0.325169255276782,0.34331744951214,0.336747439420435,0,
0.348200447735492,0.540052585451358,0.48805256869773,0.419786702972544,0.296777416937297,0,
0.472016531771999,0.688343558282209,0.286539227399442,0.32312230542319,0.294029477891581,0,
0.475977268813501,0.0553900087642419,0.254281162883313,0.721579305650102,0.175118661004247,0,
0.397451351816773,0.499035933391762,0.294504181600956,0.329475833900613,0.302273295028728,0,
0.357155157568452,0.44592462751972,0.665272799681402,0.515997277059224,0.195353484886335,0,
0.556053039435164,0.421560035056968,0.332337714058144,0.342409802586794,0.337247064701474,0,
0.700189426554159,0.440841367221735,0.439466348068499,0.587474472430225,0.252060954284287,0,
0.822972274840709,0.318667835232252,0.338311429709279,0.339686861810756,0.338496127904072,0,
0.837437575340107,0.18615249780894,0.384309040223019,0.380530973451327,0.299275543342493,0,
0.416910625107629,0.320595968448729,0.536439665471923,0.817562968005446,0.180114913814639,0,
0.506113311520579,0.564241893076249,0.479490242931103,0.520989335148627,0.505870597052211,0,
0.362493542276563,0.618930762489045,0.535045798486659,0.46811890174722,0.588558581064202,0,
0.40072326502497,0.826643295354952,0.268418956591,0.301792602677558,0.413689732700475,0,
0.330635439986223,0.410166520595968,0.824970131421744,0.608804175175857,0.23107669248064,0,
0.347167211985535,0.409290096406661,0.730187176423736,0.236215112321307,0.244566575068699,0,
0.238677458240055,0.1056967572305,0.270808442851454,0.321760835035171,0.295528353734699,0,
0.742379886344067,0.348466257668712,0.395659099960175,0.38234626730202,0.30751936047964,0,
0.696056483554331,0.548992112182296,0.297291915571485,0.601089176310415,0.251811141643767,0,
0.366798691234717,0.814548641542507,0.247710075667065,0.30428863172226,0.283037721708718,0,
0.547959359393835,0.508326029798422,0.521306252489048,0.437939641479464,0.400199850112416,0,
0.42534871706561,0.514285714285714,0.448028673835125,0.400272294077604,0.30102423182613,0,
0.710521784053728,0.399824715162138,0.336121067303863,0.385069208078058,0.341493879590307,0,
0.500947132770794,0.541279579316389,0.305256869772999,0.398683911958248,0.297277042218336,0,
0.383330463234028,0.612971078001753,0.252090800477897,0.437712729748128,0.32075943042718,0,
0.776132254175994,0.368624014022787,0.421146953405018,0.402087587928296,0.460904321758681,0,
0.572584811434476,0.519368974583699,0.440461967343688,0.32834127524393,0.351986010492131,0,
0.468744618563802,0.514285714285714,0.313620071684588,0.334014068527343,0.348238820884337,0,
0.407611503358016,0.768098159509202,0.262046993229789,0.307465395960971,0.28878341244067,0,
0.807818150508008,0.30464504820333,0.34010354440462,0.383480825958702,0.346739945041219,0,
0.332874117444464,0.383347940403155,0.858821186778176,0.1976401179941,0.457406944791406,0,
0.368004132943,0.475723049956179,0.823178016726404,0.209439528023599,0.445415938046465,0,
0.336318236610987,0.303768624014023,0.456192751891677,0.71454504197867,0.738695978016488,0,
0.577578784225934,0.498685363716039,0.498407009159697,0.521216246879964,0.527104671496378,0,
0.564146719476494,0.514460999123576,0.302469135802469,0.331291127751305,0.347739195603298,0,
0.795247115550198,0.406836108676599,0.511350059737157,0.325164511005219,0.30102423182613,0,
0.403306354399862,0.596143733567046,0.279569892473118,0.317676423871114,0.29477891581314,0,
0.386085758567246,0.780543382997371,0.252090800477897,0.586566825504879,0.253310017486885,0,
0.321336318236611,0.295179666958808,0.469334926324174,0.286135693215339,0.32075943042718,0,
0.374031341484415,0.639439088518843,0.70589406610912,0.521216246879964,0.245815638271297,0,
0.338556914069227,0.417528483786152,0.921943448825169,0.172906739278421,0.32075943042718,0,
0.360427070776649,0.569500438212095,0.726602947033055,0.234853641933288,0.250562078441169,0,
0.33080764594455,0.339351446099912,0.489446435682995,0.519854776491945,0.32075943042718,0,
0.627690718098846,0.446625766871166,0.599761051373955,0.601769911504425,0.249562827879091,0,
0.575856724642673,0.579666958808063,0.478295499800876,0.642840934876333,0.247564326754934,0,
0.468572412605476,0.631200701139351,0.259458383114297,0.315634218289086,0.290781913564826,0,
0.335801618736008,0.410692375109553,0.991238550378335,0.189698207397322,0.230077441918561,0,
0.315481315653522,0.309027169149869,0.462763839107925,0.576809621057409,0.540844366724956,0,
0.691751334596177,0.282033304119194,0.699123855037833,0.268663489902428,0.387959030726955,0,
0.402273118649905,0.793163891323401,0.252688172043011,0.429090083957341,0.389208093929553,0,
0.507318753228862,0.653637160385627,0.261648745519713,0.317903335602451,0.32075943042718,0,
0.377992078525917,0.691673970201578,0.500597371565113,0.440889493986839,0.28203847114664,0,
0.693645600137765,0.334618755477651,0.341696535244922,0.376219650555934,0.311266550087434,0,
0.662992939555708,0.298510078878177,0.414974113898845,0.343998184706149,0.32075943042718,0,
0.385052522817289,0.738299737072743,0.563719633612107,0.461084638075789,0.32075943042718,0,
0.358705011193387,0.753724802804557,0.257666268418957,0.304061719990924,0.282538096427679,0,
0.259169967280868,0.0757230499561788,0.739944245320589,0.13455865668255,0.32075943042718,0,
0.469605648355433,0.708676599474146,0.277379530067702,0.587701384161561,0.22408193854609,0,
0.345789564318925,0.552497808939527,0.271804062126643,0.438166553210801,0.290282288283787,0,
0.360599276734975,0.4022787028922,0.823178016726404,0.612434762877241,0.465650761928554,0,
0.336490442569313,0.787028921998247,0.263440860215054,0.642160199682324,0.226829877591806,0,
0.318753228861719,0.305346187554776,0.462763839107925,0.84592693442251,0.0741943542343243,0,
0.352677802651972,0.315863277826468,0.556750298685783,0.879282958928977,0.0804396702473145,0,
0.317719993111762,0.357931638913234,0.718239745121466,0.538461538461539,0.32075943042718,0,
0.312381608403651,0.296757230499562,0.457984866587017,0.190832766054005,0.888583562328254,0,
0.895470983296022,0.181419807186678,0.395061728395062,0.339233038348083,0.299525355983013,0,
0.315825727570174,0.289745836985101,0.458183990442055,0.179941002949852,0.720209842618036,0,
0.417427242982607,0.65977212971078,0.499402628434886,0.449058316314954,0.227579315513365,0,
0.237644222490098,0.129710780017528,0.631222620469932,0.214204674381666,0.203347489382963,0,
0.368004132943,0.57125328659071,0.594583831142971,0.49217154526889,0.248313764676493,0,
0.326674702944722,0.480806310254163,0.773397052966945,0.166326299069662,0.246065450911816,0,
0.365421043568107,0.561262050832603,0.675826363998407,0.254141139096891,0.388708468648514,0,
0.379025314275874,0.571603856266433,0.285344484269215,0.310869071931019,0.295778166375219,0,
0.311348372653694,0.286064855390009,0.439864595778574,0.20807805763558,0.0669497876592556,0,
0.317892199070088,0.303067484662577,0.461569095977698,0.205128205128205,0.764176867349488,0,
0.667125882555536,0.423838737949167,0.337514934289128,0.382573179033356,0.33974519110667,0,
0.486654038229723,0.676599474145486,0.295499800876145,0.400272294077604,0.293280039970022,0,
0.856380230755984,0.312357581069238,0.460175228992433,0.489448604492852,0.3974519110667,0,
0.602893060099879,0.324627519719544,0.395459976105137,0.412298615838439,0.289782663002748,0,
0.303426898570691,0.287116564417178,0.446236559139785,0.237576582709326,0.32075943042718,0,
0.759772688135009,0.299912357581069,0.682397451214655,0.278647606081234,0.28853359980015,0,
0.354055450318581,0.329184925503944,0.719434488251693,0.605854322668482,0.567074693979515,0,
0.443258136731531,0.450131463628396,0.306849860613301,0.398457000226912,0.293779665251062,0,
0.45049078698123,0.687642418930763,0.280565511748307,0.254368050828228,0.565326005495878,0,
0.374375753401068,0.415074496056091,0.714655515730784,0.67097798956206,0.203347489382963,0,
0.436025486481832,0.716213847502191,0.27299880525687,0.316995688677105,0.28828378715963,0,
0.330291028069571,0.420508326029798,0.749900438072481,0.221919673247107,0.264301773669748,0,
0.315481315653522,0.511130587204207,0.564516129032258,0.514181983208532,0.32075943042718,0,
0.326502496986396,0.324627519719544,0.4926324173636,0.605400499205809,0.958281289033225,0,
0.327880144653005,0.475372480280456,0.720430107526882,0.219877467665078,0.25006245316013,0,
0.341140003444119,0.333567046450482,0.48805256869773,0.28023598820059,0.568073944541594,0,
0.349922507318753,0.479053461875548,0.719434488251693,0.257998638529612,0.257057207094679,0,
0.338729120027553,0.574057843996494,0.565909996017523,0.486498751985478,0.32075943042718,0,
0.469950060272085,0.56441717791411,0.494026284348865,0.26072157930565,0.60929303022733,0,
0.260892026864129,0.117616126205083,0.203305455993628,0.213523939187656,0.240819385460904,0,
0.311003960737042,0.288343558282209,0.469733174034249,0.314499659632403,0.212090931801149,0,
0.321852936111589,0.485188431200701,0.615292712066906,0.48241434082142,0.267299525355983,0,
0.345789564318925,0.44364592462752,0.661688570290721,0.487860222373497,0.240819385460904,0,
0.838298605131738,0.359158632778265,0.41816009557945,0.312230542319038,0.46789907569323,0,
0.707938694678836,0.459246275197195,0.413978494623656,0.410029498525074,0.29502872845366,0,
0.474427415188565,0.440315512708151,0.421346077260056,0.400045382346267,0.285535848113915,0,
0.358188393318409,0.675372480280456,0.570091596973317,0.253006580440209,0.32075943042718,0,
0.783192698467367,0.364592462751972,0.618876941457587,0.288404810528704,0.289532850362228,0,
0.534527294644395,0.549868536371604,0.294902429311031,0.330383480825959,0.299525355983013,0,
0.359221629068366,0.495004382120947,0.604540023894863,0.470614930791922,0.384211841119161,0,
0.525055966936456,0.686415425065732,0.275388291517324,0.415702291808486,0.430926804896328,0,
0.338556914069227,0.442944785276074,0.307447232178415,0.326525981393238,0.298526105420934,0,
0.345272946443947,0.518667835232252,0.295698924731183,0.32902201043794,0.298775918061454,0,
0.308765283278801,0.301840490797546,0.415173237753883,0.254141139096891,0.573569822633025,0,
0.371276046151197,0.497808939526731,0.802270011947431,0.235080553664624,0.32075943042718,0,
0.54417082831066,0.372129710780018,0.452409398645958,0.33287950987066,0.304271796152885,0,
0.349233683485449,0.36669588080631,0.777379530067702,0.544361243476288,0.233325006245316,0,
0.420699156190804,0.333567046450482,0.695937873357228,0.606535057862492,0.469148138895828,0,
0.514895815395213,0.721647677475898,0.27479091995221,0.298388926707511,0.278291281538846,0,
0.354916480110212,0.629623137598598,0.57905217045002,0.51236668935784,0.235573320009993,0,
0.273118649905287,0.455565293602103,0.796495420151334,0.21261629226231,0.23082687984012,0,
0.372998105734458,0.707099035933392,0.227996814018319,0.498751985477649,0.572070946789908,0,
0.418288272774238,0.626292725679229,0.29410593389088,0.318810982527797,0.292530602048464,0,
0.602548648183227,0.610517090271692,0.521306252489048,0.31404583616973,0.370971771171621,0,
0.251592905114517,0.0944785276073619,0.260055754679411,0.293623780349444,0.282787909068199,0,
0.394351644566902,0.571428571428571,0.277379530067702,0.469253460403903,0.514114414189358,0,
0.678835887721715,0.459596844872918,0.50278773397053,0.320399364647152,0.371221583812141,0,
0.918202169795075,0.36091148115688,0.330545599362804,0.340140685273429,0.306769922558081,0,
0.403650766316514,0.423312883435583,0.731381919553963,0.243022464261402,0.42967774169373,0,
0.395384880316859,0.735495179666959,0.275587415372362,0.413660086226458,0.369722707969023,0,
0.459617702772516,0.622787028921998,0.276184786937475,0.318357159065124,0.289782663002748,0,
0.34647838815223,0.381069237510955,0.475308641975309,0.792375765827093,0.150387209592805,0,
0.322886171861546,0.451183172655565,0.650139386698526,0.46811890174722,0.274793904571571,0,
0.387463406233856,0.571078001752848,0.267025089605735,0.311776718856365,0.28878341244067,0,
0.558463922851731,0.582120946538124,0.306650736758264,0.330156569094622,0.346490132400699,0,
0.318925434820045,0.291498685363716,0.452608522500996,0.220785114590424,0.765425930552086,0,
0.334940588944377,0.58615249780894,0.698924731182796,0.583390061266167,0.32075943042718,0,
0.547959359393835,0.623488168273444,0.253484667463162,0.311322895393692,0.291531351486385,0,
0.258481143447563,0.534618755477651,0.162485065710872,0.213297027456319,0.242068448663502,0,
0.432925779231961,0.669588080631025,0.525487853444843,0.427047878375312,0.281039220584562,0,
0.606509385224729,0.367046450482033,0.401831939466348,0.392557295212162,0.345490881838621,0,
0.385569140692268,0.676248904469763,0.578056551174831,0.477649194463354,0.272545590806895,0,
0.352161184776993,0.738299737072743,0.233373158104341,0.498978897208986,0.599800149887584,0,
0.356982951610126,0.497458369851008,0.469534050179211,0.432039936464715,0.32075943042718,0,
0.672464267263647,0.327957931638913,0.395260852250099,0.380530973451327,0.302772920309768,0,
0.60151541243327,0.543382997370727,0.510752688172043,0.595416383027002,0.239820134898826,0,
0.552608920268641,0.569500438212095,0.470330545599363,0.654413433174495,0.237571821134149,0,
0.811090063716205,0.350043821209465,0.398845081640781,0.386430678466077,0.337496877341994,0,
0.54055450318581,0.421735319894829,0.425925925925926,0.407760381211709,0.296027979015738,0,
0.316858963320131,0.334268185801928,0.648944643568299,0.769684592693442,0.19260554584062,0,
0.514895815395213,0.569149868536372,0.29410593389088,0.42001361470388,0.277292030976767,0,
0.585500258308937,0.617002629272568,0.465352449223417,0.409121851599728,0.287784161878591,0,
0.479938005855003,0.567046450482033,0.288729589804859,0.41547538007715,0.27579315513365,0,
0.915619080420182,0.184925503943909,0.430704898446834,0.409575675062401,0.302523107669248,0,
0.481660065438264,0.598422436459246,0.2536837913182,0.404129793510324,0.381963527354484,0,
0.340795591527467,0.497458369851008,0.599561927518917,0.253006580440209,0.402448163877092,0,
0.344928534527295,0.737598597721297,0.267224213460773,0.408894939868391,0.359980014988758,0,
0.424143275357327,0.570727432077125,0.455794504181601,0.416609938733833,0.262303272545591,0,
0.331840881694507,0.45521472392638,0.678016726403823,0.224642614023145,0.242068448663502,0,
0.419665920440847,0.78965819456617,0.215452011150936,0.457907873837077,0.367224581563827,0,
0.355777509901843,0.305170902716915,0.540023894862604,0.797594735647833,0.174868848363727,0,
0.82607198209058,0.33339176161262,0.408403026682597,0.421148173360563,0.30152385710717,0,
0.358532805235061,0.539702015775635,0.520708880923935,0.442931699568868,0.275043717212091,0,
0.355260892026864,0.406836108676599,0.850059737156511,0.201724529158157,0.224831376467649,0,
0.412949888066127,0.754951796669588,0.527479091995221,0.289085545722714,0.281289033225081,0,
0.417943860857586,0.506222611744084,0.475308641975309,0.412298615838439,0.374219335498376,0,
0.327535732736353,0.350394390885188,0.518916766228594,0.810301792602678,0.143642268298776,0,
0.396073704150164,0.37125328659071,0.762445240939865,0.525073746312684,0.407694229328004,0,
0.606337179266403,0.483610867659947,0.466148944643568,0.436578171091445,0.483387459405446,0,
0.610642328224557,0.314460999123576,0.393866985264835,0.384615384615385,0.347489382962778,0,
0.410366798691235,0.847852760736196,0.251095181202708,0.431132289539369,0.389457906570072,0,
0.641122782848287,0.503067484662577,0.287335722819594,0.403902881778988,0.28878341244067,0,
0.735491648011021,0.191411042944785,0.402827558741537,0.389834354436124,0.287784161878591,0,
0.321508524194937,0.296406660823839,0.473715651135006,0.432266848196052,0.521608793404946,0,
0.541587738935767,0.472217353198948,0.306252489048188,0.331064216019968,0.347489382962778,0,
0.33080764594455,0.464154250657318,0.706690561529271,0.244610846380758,0.263552335748189,0,
0.323919407611503,0.47239263803681,0.735165272799681,0.205582028590878,0.215588308768424,0,
0.768038574134665,0.281507449605609,0.39984070091597,0.40639891082369,0.302023482388209,0,
0.668159118305493,0.456091148115688,0.454400637196336,0.455638756523712,0.262303272545591,0,
0.850525228172895,0.346538124452235,0.335324571883712,0.343544361243476,0.335248563577317,0,
0.311864990528672,0.29079754601227,0.453205894066109,0.242114817336056,0.0976767424431676,0,
0.345789564318925,0.397896581945662,0.632218239745121,0.270932607215793,0.262303272545591,0,
0.321164112278285,0.461700262927257,0.594782954998009,0.48377581120944,0.268048963277542,0,
0.505768899603926,0.398773006134969,0.313022700119474,0.382119355570683,0.305770671996003,0,
0.762011365593249,0.284662576687117,0.401234567901235,0.409121851599728,0.299775168623532,0,
0.646633373514724,0.435056967572305,0.422739944245321,0.41025641025641,0.304521608793405,0,
0.471844325813673,0.695004382120947,0.243130227001195,0.565917857953256,0.259305520859355,0,
0.831754778715344,0.330236634531113,0.336320191158901,0.399818470614931,0.304521608793405,0,
0.813845359049423,0.184750219106047,0.396853843090402,0.42001361470388,0.297027229577817,0,
0.254864818322714,0.776161262050833,0.235563520509757,0.287724075334695,0.279540344741444,0,
0.332529705527811,0.544609991235758,0.693150139386698,0.51690492398457,0.410941793654759,0,
0.321164112278285,0.399824715162138,0.705097570688969,0.813251645110052,0.32075943042718,0,
0.416910625107629,0.551270815074496,0.450219036240542,0.418652144315861,0.245316012990257,0,
0.552608920268641,0.505521472392638,0.458980485862206,0.422963467211255,0.278541094179365,0,
0.325985879111417,0.599298860648554,0.572082835523696,0.253914227365555,0.32075943042718,0,
0.303771310487343,0.323225241016652,0.476702508960573,0.471749489448604,0.32075943042718,0,
0.593421732391941,0.514460999123576,0.311827956989247,0.330837304288632,0.303022732950287,0,
0.140003444119167,0.401402278702892,0.277180406212664,0.3238030406172,0.301773669747689,0,
0.646633373514724,0.437510955302366,0.422939068100358,0.411844792375766,0.304271796152885,0,
0.652660582056139,0.340929009640666,0.343488649940263,0.374177444973905,0.311016737446915,0,
0.717582228345101,0.449605609114812,0.308243727598566,0.392557295212162,0.390706969772671,0,
0.420182538315826,0.79421560035057,0.209677419354839,0.445654640344906,0.366475143642268,0,
0.404339590149819,0.704820333041192,0.267025089605735,0.30428863172226,0.285785660754434,0,
0.336662648527639,0.407887817703769,0.782357626443648,0.141139096891309,0.229577816637522,0,
0.686585155846392,0.191586327782647,0.405814416567105,0.398683911958248,0.299525355983013,0,
0.308420871362149,0.336371603856266,0.485065710872162,0.553437712729748,0.537596802398201,0,
0.737385913552609,0.31498685363716,0.336718438868976,0.341502155661448,0.350487134649013,0,
0.347339417943861,0.36319018404908,0.662285941855834,0.724075334694804,0.612290781913565,0,
0.316514551403479,0.364592462751972,0.596973317403425,0.788518266394373,0.32075943042718,0,
0.424315481315654,0.717440841367222,0.273795300677021,0.309280689811663,0.287784161878591,0,
0.943172033752368,0.336371603856266,0.335921943448825,0.335375538915362,0.306769922558081,0,
0.316170139486826,0.39421560035057,0.805854241338112,0.191286589516678,0.240319760179865,0,
0.408989151024625,0.496406660823839,0.62962962962963,0.509643748581802,0.540094928803397,0,
0.742896504219046,0.301314636283961,0.419553962564715,0.405491263898344,0.256807394454159,0,
0.423626657482349,0.680631025416301,0.230187176423736,0.308599954617654,0.358231326505121,0,
0.403478560358188,0.503768624014023,0.303066507367583,0.394145677331518,0.304521608793405,0,
0.318064405028414,0.370902716914987,0.441855834328953,0.511232130701157,0.0874344241818636,0,
0.764766660926468,0.395092024539877,0.567901234567901,0.296800544588155,0.291531351486385,0,
0.310315136903737,0.331463628396144,0.478295499800876,0.13977762650329,0.32075943042718,0,
0.3568107456518,0.553198948290973,0.594583831142971,0.258906285454958,0.32075943042718,0,
0.388324436025486,0.617703768624014,0.295898048586221,0.403902881778988,0.284286784911317,0,
0.380230755984157,0.583698510078878,0.496415770609319,0.42069434989789,0.379965026230327,0,
0.84088169450663,0.343558282208589,0.425726802070888,0.469480372135239,0.27554334249313,0,
0.313931462028586,0.359859772129711,0.503783353245719,0.716133424098026,0.32075943042718,0,
0.354744274151886,0.637686240140228,0.268418956591,0.293169956886771,0.284036972270797,0,
0.34871706561047,0.373882559158633,0.853046594982079,0.645110052189698,0.206345241069198,0,
0.426381952815567,0.620858895705521,0.24910394265233,0.312230542319038,0.359730202348239,0,
0.264163940072326,0.0958808063102542,0.141975308641975,0.246879963694123,0.32075943042718,0,
0.448252109522989,0.623312883435583,0.267224213460773,0.314726571363739,0.292280789407944,0,
0.35095574306871,0.445749342681858,0.771604938271605,0.524166099387338,0.261304021983512,0,
0.471155501980368,0.545135845749343,0.437674233373158,0.415248468345813,0.283287534349238,0,
0.549681418977097,0.371954425942156,0.334727200318598,0.383253914227366,0.341244066949788,0,
0.574995694851042,0.547414548641542,0.294305057745918,0.450873610165646,0.577317012240819,0,
0.472016531771999,0.577563540753725,0.299084030266826,0.403222146584978,0.2178366225331,0,
0.714999138970208,0.195617879053462,0.40720828355237,0.396414794644883,0.305520859355483,0,
0.545204064060617,0.530061349693252,0.45957785742732,0.423190378942591,0.27579315513365,0,
0.363182366109867,0.791235758106924,0.236559139784946,0.455638756523712,0.274044466650012,0,
0.392112967108662,0.848729184925504,0.232377538829152,0.43430905377808,0.279790157381964,0,
0.329774410194593,0.442243645924627,0.544802867383512,0.61311549807125,0.203347489382963,0,
0.83864301704839,0.32532865907099,0.33452807646356,0.397776265032902,0.304771421433925,0,
0.66919235405545,0.481682734443471,0.289924332935086,0.331291127751305,0.299525355983013,0,
0.39848458756673,0.667659947414549,0.608721624850657,0.484229634672113,0.274793904571571,0,
0.516101257103496,0.49079754601227,0.311230585424134,0.431813024733379,0.32075943042718,0,
0.51902875839504,0.60578439964943,0.275189167662286,0.457227138643068,0.575318511116662,0,
0.382469433442397,0.789307624890447,0.262246117084827,0.432266848196052,0.468898326255309,0,
0.471499913897021,0.522874671340929,0.551971326164874,0.442931699568868,0.478641019235573,0,
0.304115722403995,0.281682734443471,0.446037435284747,0.235307465395961,0.32075943042718,0,
0.486137420354744,0.632427695004382,0.297092791716448,0.423871114136601,0.277292030976767,0,
0.40743929739969,0.558282208588957,0.62863401035444,0.26072157930565,0.195353484886335,0,
0.341140003444119,0.498685363716039,0.97610513739546,0.156115271159519,0.230327254559081,0,
0.36128810056828,0.563365468886941,0.266427718040621,0.292489221692761,0.393954534099425,0,
0.80144653004994,0.399298860648554,0.508164078056551,0.432720671658725,0.289283037721709,0,
0.315825727570174,0.319193689745837,0.259060135404221,0.212843203993646,0.517112165875593,0,
0.35991045290167,0.45170902716915,0.684189565909996,0.51622418879056,0.207094678990757,0,
0.496125365937661,0.461349693251534,0.502389486260454,0.769230769230769,0.196352735448414,0,
0.517306698811779,0.422261174408414,0.423934687375548,0.389834354436124,0.346739945041219,0,
0.376442224900982,0.510254163014899,0.70131421744325,0.249829816201498,0.26255308518611,0,
0.462717410022387,0.579141104294479,0.276782158502589,0.716814159292035,0.200349737696727,0,
0.384191493025659,0.834706397896582,0.245121465551573,0.304515543453597,0.279540344741444,0,
0.624763216807302,0.617353198948291,0.306451612903226,0.327433628318584,0.296527604296777,0,
0.389357671775443,0.767747589833479,0.240939864595779,0.446789199001588,0.277042218336248,0,
0.677458240055106,0.357230499561788,0.441656710473915,0.309961425005673,0.430177366974769,0,
0.84759772688135,0.321998247151621,0.332935085623258,0.395053324256864,0.305770671996003,0,
0.376442224900982,0.64364592462752,0.663281561131023,0.51168595416383,0.32075943042718,0,
0.485620802479766,0.528834355828221,0.579450418160096,0.487860222373497,0.41693729702723,0,
0.670914413638712,0.279754601226994,0.465153325368379,0.776491944633537,0.188858356232825,0,
0.318581022903392,0.304119193689746,0.469733174034249,0.838665759019741,0.112665500874344,0,
0.368692956776304,0.58510078878177,0.531660692951015,0.428636260494668,0.32075943042718,0,
0.336146030652661,0.431200701139351,0.841298287534847,0.199682323576129,0.32075943042718,0,
0.367659721026347,0.681858019281332,0.570888092393469,0.526889040163376,0.32075943042718,0,
0.430170483898743,0.531113058720421,0.29868578255675,0.43430905377808,0.226829877591806,0,
0.319958670570002,0.377212971078002,0.7463162086818,0.156342182890855,0.220834374219335,0,
0.349405889443775,0.308326029798422,0.682994822779769,0.685500340367597,0.124906320259805,0,
0.345789564318925,0.445398773006135,0.471724412584628,0.428409348763331,0.32075943042718,0,
0.329946616152919,0.51375985977213,0.764834727200319,0.534150215566145,0.499375468398701,0,
0.757534010676769,0.186327782646801,0.342094782954998,0.380077149988654,0.308518611041719,0,
0.632512484931979,0.492375109553024,0.299482277976902,0.409121851599728,0.295528353734699,0,
0.670053383847081,0.309377738825592,0.392672242134608,0.38688450192875,0.28203847114664,0,
0.346822800068882,0.319719544259422,0.719832735961768,0.55525300658044,0.610292280789408,0,
0.425520923023937,0.70920245398773,0.280963759458383,0.320626276378489,0.289782663002748,0,
0.324436025486482,0.451007887817704,0.711668657905217,0.245518493306104,0.268298775918061,0,
0.341484415360771,0.409290096406661,0.800079649542015,0.155661447696846,0.32075943042718,0,
0.325297055278113,0.296231375985977,0.468140183193947,0.179714091218516,0.704721458905821,0,
0.329085586361288,0.509553023663453,0.582238152130625,0.471749489448604,0.32075943042718,0,
0.507663165145514,0.75863277826468,0.277379530067702,0.319945541184479,0.28878341244067,0,
0.781815050800758,0.469412795793164,0.434687375547591,0.512820512820513,0.280789407944042,0,
0.554158773893577,0.479929886064855,0.317204301075269,0.389380530973451,0.300774419185611,0,
0.528672292061305,0.590534618755478,0.292114695340502,0.407306557749036,0.37821633774669,0,
0.399517823316687,0.634355828220859,0.257068896853843,0.310642160199682,0.293030227329503,0,
0.389874289650422,0.43908851884312,0.599960175228992,0.286362604946676,0.381214089432925,0,
0.355777509901843,0.535319894829097,0.527877339705297,0.446335375538915,0.270297277042218,0,
0.522472877561564,0.41840490797546,0.609119872560733,0.610392557295212,0.491131651261554,0,
0.364387807818151,0.415249780893953,0.824970131421744,0.230769230769231,0.404946290282288,0,
0.330291028069571,0.489044697633655,0.667861409796894,0.240072611754028,0.32075943042718,0,
0.463578439814018,0.606485539000876,0.304460374352847,0.324256864079873,0.293280039970022,0,
0.504563457895643,0.507624890446976,0.469534050179211,0.434082142046744,0.391956032975269,0,
0.344584122610642,0.571603856266433,0.694743130227001,0.516451100521897,0.242068448663502,0,
0.368865162734631,0.660122699386503,0.272799681401832,0.307465395960971,0.291531351486385,0,
0.64680557947305,0.435056967572305,0.422939068100358,0.41025641025641,0.304521608793405,0,
0.350094713277079,0.304119193689746,0.642572680207089,0.690038574994327,0.133150137396952,0,
0.322197348028242,0.429272567922875,0.677618478693747,0.252098933514863,0.269797651761179,0,
0.381091785775788,0.624715162138475,0.766825965750697,0.246199228500113,0.258556082937797,0,
0.436025486481832,0.707800175284838,0.235762644364795,0.445200816882233,0.32075943042718,0,
0.356294127776821,0.766871165644172,0.527877339705297,0.517585659178579,0.32075943042718,0,
0.671258825555364,0.322348816827344,0.384707287933094,0.380304061719991,0.308768423682238,0,
0.331840881694507,0.495705521472393,0.745519713261649,0.584070796460177,0.608543592305771,0,
0.317719993111762,0.290622261174408,0.454201513341298,0.190605854322668,0.32075943042718,0,
0.713104873428621,0.423663453111306,0.310035842293907,0.405037440435671,0.366225331001749,0,
0.399173411400034,0.699211218229623,0.568299482277977,0.442024052643522,0.32075943042718,0,
0.33166867573618,0.455565293602103,0.686379928315412,0.254141139096891,0.32075943042718,0,
0.341484415360771,0.422787028921998,0.900637196336121,0.18788291354663,0.219585311016737,0,
0.801790941966592,0.295705521472393,0.648944643568299,0.298388926707511,0.28878341244067,0,
0.385052522817289,0.371954425942156,0.831740342493031,0.599273882459723,0.234074444166875,0,
0.328396762527983,0.432602979842244,0.748307447232178,0.234399818470615,0.263552335748189,0,
0.862235233339073,0.320771253286591,0.328952608522501,0.323349217154527,0.470147389457907,0,
0.70415016359566,0.344609991235758,0.341696535244922,0.388245972316769,0.30751936047964,0,
0.816772860340968,0.17703768624014,0.392871365989646,0.342409802586794,0.30751936047964,0,
0.628896159807129,0.320070113935145,0.400438072481083,0.393011118674835,0.283537346989758,0,
0.322541759944894,0.298334794040315,0.467941059338909,0.285228046289993,0.32075943042718,0,
0.674358532805235,0.320946538124452,0.394663480684986,0.381211708645337,0.298526105420934,0,
0.608059238849664,0.714811568799299,0.288928713659896,0.320399364647152,0.296027979015738,0,
0.689168245221285,0.294127957931639,0.345081640780565,0.346948037213524,0.332000999250562,0,
0.305837781987257,0.277125328659071,0.408602150537634,0.445654640344906,0.227079690232326,0,
0.416566213190976,0.693251533742331,0.266029470330546,0.41615611527116,0.26255308518611,0,
0.690373686929568,0.549693251533742,0.290720828355237,0.566825504878602,0.255808143892081,0,
0.355777509901843,0.494478527607362,0.611509358821187,0.265032902201044,0.275293529852611,0,
0.317547787153435,0.357581069237511,0.712066905615293,0.630360789652825,0.32075943042718,0,
0.41639400723265,0.634005258545136,0.300079649542015,0.323576128885863,0.350736947289533,0,
0.399345617358361,0.624890446976337,0.279968140183194,0.316995688677105,0.289532850362228,0,
0.313414844153608,0.35863277826468,0.151135005973716,0.819832085318811,0.0662003497376968,0,
0.712416049595316,0.411042944785276,0.307048984468339,0.400045382346267,0.370721958531102,0,
0.719648699845015,0.340578439964943,0.343090402230187,0.344225096437486,0.309767674244317,0,
0.359738246943344,0.665030674846626,0.521306252489048,0.514862718402541,0.620534599050712,0,
0.498536249354228,0.502015775635408,0.294504181600956,0.332652598139324,0.300024981264052,0,
0.34871706561047,0.369149868536372,0.553166069295101,0.0515089630133878,0.32075943042718,0,
0.410366798691235,0.510429447852761,0.537833532457188,0.269117313365101,0.750437172120909,0,
0.413638711899432,0.633654688869413,0.709876543209876,0.262536873156342,0.381463902073445,0,
0.363871189943172,0.398247151621385,0.935284747112704,0.585205355116859,0.228578566075443,0,
0.615980712932667,0.619106047326906,0.266626841895659,0.402087587928296,0.291781164126905,0,
0.375408989151025,0.601402278702892,0.48068498606133,0.476060812343998,0.292780414688983,0,
0.897020836920957,0.329535495179667,0.416766228594186,0.496482868164284,0.280539595303522,0,
0.399517823316687,0.557756354075373,0.303863002787734,0.413433174495121,0.385960529602798,0,
0.351472360943689,0.499561787905346,0.259657506969335,0.443385523031541,0.28828378715963,0,
0.751334596177028,0.188255915863278,0.339705296694544,0.383934649421375,0.336497626779915,0,
0.39262958498364,0.75407537248028,0.237355635205098,0.300884955752212,0.278541094179365,0,
0.33976235577751,0.580017528483786,0.570290720828355,0.487406398910824,0.21808643517362,0,
0.257964525572585,0.640666082383874,0.560334528076464,0.493079192194236,0.32075943042718,0,
0.314448079903565,0.309027169149869,0.470728793309438,0.625822555026095,0.633025231076692,0,
0.334940588944377,0.407887817703769,0.982078853046595,0.184706149307919,0.23082687984012,0,
0.835887721715171,0.339526730937774,0.333333333333333,0.340594508736102,0.308518611041719,0,
0.603065266058206,0.382471516213848,0.632417363600159,0.551849330610393,0.451911066699975,0,
0.363698983984846,0.538650306748466,0.289326961369972,0.317222600408441,0.29502872845366,0,
0.415705183399346,0.460473269062226,0.718239745121466,0.229180848649875,0.26929802648014,0,
0.365076631651455,0.775284837861525,0.242731979291119,0.453142727479011,0.26305271046715,0,
0.45582917168934,0.719193689745837,0.511350059737157,0.552303154073066,0.264801398950787,0,
0.40743929739969,0.794916739702016,0.26284348864994,0.306557749035625,0.407944041968524,0,
0.758222834510074,0.191235758106924,0.400637196336121,0.385749943272067,0.285036222832875,0,
0.396590322025142,0.665381244522349,0.554360812425329,0.648967551622419,0.2305770671996,1,
0.484759772688135,0.290622261174408,0.609916367980884,0.821420467438167,0.581813639770172,1,
0.400034441191665,0.340052585451358,0.644563918757467,0.499432720671659,0.447414439170622,1,
0.31152057861202,0.315337423312883,0.516726403823178,0.514181983208532,0.480139895078691,1,
0.314620285861891,0.32410166520596,0.538430904022302,0.754481506693896,0.32075943042718,1,
0.398312381608404,0.72410166520596,0.496415770609319,0.569094622191967,0.460654509118161,1,
0.434647838815223,0.468536371603856,0.518120270808443,0.441570229180849,0.530352235823133,1,
0.397106939900121,0.61840490797546,0.656909597769813,0.64692534604039,0.251811141643767,1,
0.311176166695368,0.341630148992112,0.607925129430506,0.572952121624688,0.32075943042718,1,
0.342173239194076,0.406134969325153,0.674830744723218,0.563875652371228,0.32075943042718,1,
0.32856896848631,0.303768624014023,0.487455197132616,0.745405037440436,0.713464901324007,1,
0.454451524022731,0.478001752848379,0.679012345679012,0.654413433174495,0.207094678990757,1,
0.272946443946961,0.341104294478528,0.542612504978096,0.747674154753801,0.113914564076942,1,
0.491648011021181,0.621384750219106,0.695937873357228,0.287724075334695,0.279290532100924,1,
0.354399862235233,0.315162138475022,0.764635603345281,0.564556387565237,0.418186360229828,1,
0.395384880316859,0.265381244522349,0.676821983273596,0.554572271386431,0.178616037971521,1,
0.371620458067849,0.367572304995618,0.467941059338909,0.617880644429317,0.569822633025231,1,
0.45135181677286,0.526730937773883,0.474313022700119,0.510324483775811,0.32075943042718,1,
0.341656621319098,0.394390885188431,0.496814018319395,0.510324483775811,0.539095678241319,1,
0.465644911313931,0.324978089395267,0.683193946634807,0.790787383707738,0.50012490632026,1,
0.346650594110556,0.347239263803681,0.694344882516926,0.537780803267529,0.485635773170122,1,
0.33080764594455,0.397195442594216,0.535244922341696,0.729975039709553,0.32075943042718,1,
0.312898226278629,0.32182296231376,0.527877339705297,0.528704334014069,0.32075943042718,1,
0.309626313070432,0.353900087642419,0.423337315810434,0.520308599954618,0.32075943042718,1,
0.322886171861546,0.328659070990359,0.213659896455595,0.112775130474245,0.579815138646015,1,
0.357155157568452,0.357405784399649,0.619076065312624,0.54617653732698,0.456407694229328,1,
0.340795591527467,0.611393514460999,0.53126244524094,0.603812117086453,0.227079690232326,1,
0.327535732736353,0.361086765994741,0.540223018717642,0.2809167233946,0.637022233325006,1,
0.355777509901843,0.459070990359334,0.540223018717642,0.544588155207624,0.431676242817887,1,
0.330979851902876,0.333742331288344,0.483870967741935,0.763557975947357,0.0352235823132651,1,
0.533149646977785,0.524978089395267,0.709876543209876,0.27501701837985,0.286285286035473,1,
0.323919407611503,0.312357581069238,0.473118279569892,0.547311095983662,0.221333999500375,1,
0.541243327019115,0.574934268185802,0.502389486260454,0.485591105060132,0.32075943042718,1,
0.586705700017221,0.508501314636284,0.452409398645958,0.445200816882233,0.32075943042718,1,
0.402100912691579,0.409815950920245,0.787335722819594,0.62741093714545,0.528603547339495,1,
0.478215946271741,0.291323400525854,0.15252887295898,0.698207397322442,0.630776917312016,1,
0.373686929567763,0.331814198071867,0.773795300677021,0.631268436578171,0.496627529352985,1,
0.388496641983813,0.339877300613497,0.857228195937873,0.578624914908101,0.439920059955034,1,
0.467883588772171,0.445574057843996,0.580246913580247,0.451554345359655,0.378965775668249,1,
0.384363698983985,0.698334794040316,0.261449621664675,0.460630814613115,0.495128653509868,1,
0.499569485104185,0.522699386503067,0.582039028275587,0.462673020195144,0.265051211591307,1,
0.377819872567591,0.647677475898335,0.572680207088809,0.529385069208078,0.248063952035973,1,
0.445152402273119,0.546187554776512,0.617084826762246,0.677785341502156,0.196852360729453,1,
0.360254864818323,0.396844872918493,0.618876941457587,0.643748581801679,0.516112915313515,1,
0.348028241777165,0.346187554776512,0.44026284348865,0.602677558429771,0.32075943042718,1,
0.311003960737042,0.260297984224365,0.383114297092792,0.482868164284094,0.152885335998002,1,
0.403822972274841,0.339000876424189,0.697729988052569,0.555479918311777,0.597052210841869,1,
0.494747718271052,0.55056967572305,0.669056152927121,0.526889040163376,0.268798401199101,1,
0.347167211985535,0.350043821209465,0.769016328156113,0.580667120490129,0.779165625780664,1,
0.264508351988979,0.292550394390885,0.513938669852648,0.792375765827093,0.0347239570322258,1,
0.3903909075254,0.350219106047327,0.701911589008363,0.638529611980939,0.721458905820634,1,
0.360599276734975,0.704820333041192,0.2463162086818,0.718402541411391,0.206844866350237,1,
0.345272946443947,0.421910604732691,0.53126244524094,0.868164284093488,0.153384961279041,1,
0.379369726192526,0.375109553023663,0.730187176423736,0.533923303834808,0.719710217336997,1,
0.281212329946616,0.182471516213848,0.246515332536838,0.766507828454731,0.149138146390207,1,
0.377131048734286,0.427695004382121,0.711668657905217,0.589970501474926,0.576567574319261,1,
0.369209574651283,0.354951796669588,0.80426125049781,0.526889040163376,0.482388208843367,1,
0.363182366109867,0.293777388255916,0.727797690163281,0.60403902881779,0.133649762677992,1,
0.246598932323058,0.375109553023663,0.131222620469932,0.735874744724302,0.32075943042718,1,
0.345789564318925,0.338475021910605,0.781760254878534,0.562060358520535,0.457406944791406,1,
0.381952815567419,0.376161262050833,0.810234966148945,0.589289766280917,0.635773170122408,1,
0.312381608403651,0.336196319018405,0.549980087614496,0.56501021102791,0.32075943042718,1,
0.330979851902876,0.350394390885188,0.236160892074871,0.90832766054005,0.0582063452410692,1,
0.356638539693473,0.452410166520596,0.673636001592991,0.517131835715906,0.232075943042718,1,
0.318064405028414,0.402804557405784,0.540223018717642,0.604946675743136,0.32075943042718,1,
0.312898226278629,0.356178790534619,0.496614894464357,0.718402541411391,0.101423932050962,1,
0.340623385569141,0.518317265556529,0.73257666268419,0.620830496936692,0.226080439670247,1,
0.392112967108662,0.389482909728309,0.727598566308244,0.206035852053551,0.686485136147889,1,
0.331496469777854,0.381945661700263,0.469334926324174,0.769684592693442,0.0564576567574319,1,
0.27432409161357,0.142331288343558,0.230386300278773,0.012480145223508,0.32075943042718,1,
0.379541932150852,0.625591586327783,0.491437674233373,0.513955071477195,0.53185111166625,1,
0.368520750817978,0.360210341805434,0.531660692951015,0.688450192874972,0.0721958531101674,1,
0.381608403650766,0.441191936897458,0.549183592194345,0.532561833446789,0.143642268298776,1,
0.50783537110384,0.679228746713409,0.563918757467144,0.528704334014069,0.275293529852611,1,
0.343034268985707,0.288168273444347,0.504380724810832,0.639664170637622,0.548838371221584,1,
0.316686757361805,0.306573181419807,0.455197132616487,0.702972543680508,0.560829377966525,1,
0.340623385569141,0.59649430324277,0.530465949820788,0.672566371681416,0.217336997252061,1,
0.442569312898226,0.630499561787905,0.691756272401434,0.503063308373043,0.272795403447414,1,
0.342173239194076,0.38737949167397,0.539625647152529,0.549807125028364,0.32075943042718,1,
0.386430170483899,0.452760736196319,0.706889685384309,0.559337417744497,0.614289283037722,1,
0.355949715860169,0.453111305872042,0.680007964954201,0.71454504197867,0.32075943042718,1,
0.329257792319614,0.363365468886941,0.54320987654321,0.269571136827774,0.623032725455908,1,
0.424143275357327,0.48045574057844,0.658502588610115,0.290900839573406,0.242568073944542,1,
0.451179610814534,0.57125328659071,0.783751493428913,0.257090991604266,0.273544841368973,1,
0.347339417943861,0.409290096406661,0.865392273994425,0.216927615157704,0.440169872595553,1,
0.33304632340279,0.438737949167397,0.539824771007567,0.520762423417291,0.32075943042718,1,
0.310831754778715,0.333567046450482,0.43110314615691,0.547084184252326,0.32075943042718,1,
0.432925779231961,0.399298860648554,0.777976901632816,0.59882005899705,0.581563827129653,1,
0.500258308937489,0.358983347940403,0.902230187176424,0.22169276151577,0.261803647264552,1,
0.431720337523678,0.61262050832603,0.505177220230984,0.549353301565691,0.465650761928554,1,
0.359738246943344,0.329009640666082,0.541616885702907,0.615157703653279,0.32075943042718,1,
0.337007060444291,0.412971078001753,0.78952608522501,0.644656228727025,0.32075943042718,1,
0.446357843981402,0.483085013146363,0.538231780167264,0.619922850011346,0.202847864101924,1,
0.347856035818839,0.376687116564417,0.532058940661091,0.54163830270025,0.526605046215339,1,
0.42534871706561,0.636459246275197,0.568498606133015,0.532108009984116,0.559830127404447,1,
0.267435853280523,0.180543382997371,0.269812823576264,0.632176083503517,0.32075943042718,1,
0.381780609609092,0.428571428571429,0.863600159299084,0.615611527115952,0.231326505121159,1,
0.330291028069571,0.348115687992989,0.57168458781362,0.856591785795326,0.0949288033974519,1,
0.326674702944722,0.429798422436459,0.487056949422541,0.628999319264806,0.528353734698976,1,
0.408472533149647,0.337072743207713,0.492433293508562,0.840254141139097,0.182613040219835,1,
0.310487342862063,0.312007011393514,0.519912385503783,0.922169276151577,0.0949288033974519,1,
0.436714310315137,0.708851884312007,0.665870171246515,0.276151577036533,0.277541843617287,1,
0.3791975202342,0.688869412795793,0.544603743528475,0.582482414340821,0.457406944791406,1,
0.495092130187704,0.444347063978966,0.823775388291517,0.252325845246199,0.24981264051961,1,
0.34871706561047,0.375460122699387,0.667463162086818,0.649194463353755,0.80789407944042,1,
0.334079559152747,0.329184925503944,0.491835921943449,0.631949171772181,0.676992255808144,1,
0.367143103151369,0.340403155127081,0.757467144563919,0.203993646471523,0.434923807144642,1,
0.370931634234544,0.369149868536372,0.656113102349661,0.62355343771273,0.221583812140894,1,
0.323230583778199,0.277475898334794,0.330346475507766,0.560925799863853,0.581563827129653,1,
0.319097640778371,0.331288343558282,0.45499800876145,0.518266394372589,0.32075943042718,1,
0.336318236610987,0.283786152497809,0.481282357626444,0.6476060812344,0.568823382463153,1,
0.467194764938867,0.637510955302366,0.642970927917164,0.528477422282732,0.26904821383962,1,
0.325469261236439,0.311305872042068,0.474711270410195,0.727252098933515,0.125655758181364,1,
0.34647838815223,0.326906222611744,0.614097968936679,0.535057862491491,0.32075943042718,1,
0.332357499569485,0.394916739702016,0.609119872560733,0.867710460630815,0.32075943042718,1,
0.393490614775271,0.342857142857143,0.734767025089606,0.565464034490583,0.219085685735698,1,
0.437058722231789,0.277826468010517,0.725408203902827,0.533242568640799,0.427679240569573,1,
0.411572240399518,0.338825591586328,0.709279171644763,0.654867256637168,0.465400949288034,1,
0.339590149819184,0.35863277826468,0.445240939864596,0.59950079419106,0.191356482638021,1,
0.398828999483382,0.364592462751972,0.800079649542015,0.234626730201951,0.26305271046715,1,
0.393318408816945,0.480280455740578,0.835125448028674,0.210574086680281,0.252060954284287,1,
0.369553986567935,0.336021034180543,0.770808442851454,0.559337417744497,0.48713464901324,1,
0.3903909075254,0.38387379491674,0.757068896853843,0.246199228500113,0.424681488883337,1,
0.319614258653349,0.351446099912358,0.625647152528873,0.566144769684593,0.32075943042718,1,
0.315481315653522,0.322874671340929,0.49542015133413,0.737236215112321,0.489133150137397,1,
0.332013087652833,0.387028921998247,0.520708880923935,0.926253687315634,0.32075943042718,1,
0.452901670397796,0.4988606485539,0.624850657108722,0.532561833446789,0.602048463652261,1,
0.334423971069399,0.351621384750219,0.795101553166069,0.204447469934196,0.456907319510367,1,
0.334423971069399,0.326029798422436,0.500995619275189,0.659859314726571,0.15388458656008,1,
0.396590322025142,0.359158632778265,0.675627240143369,0.26979804855911,0.40994254309268,1,
0.421387980024109,0.336546888694128,0.637992831541219,0.798048559110506,0.62178366225331,1,
0.470983296022042,0.502191060473269,0.578255675029869,0.234172906739278,0.270297277042218,1,
0.33304632340279,0.333567046450482,0.505973715651135,0.573179033356024,0.0686984761428929,1,
0.331152057861202,0.364066608238387,0.821983273596177,0.589970501474926,0.638770921808644,1,
0.311348372653694,0.303067484662577,0.415571485463959,0.306557749035625,0.32075943042718,1,
0.332701911486137,0.367572304995618,0.687375547590601,0.558656682550488,0.220834374219335,1,
0.317375581195109,0.398597721297108,0.518120270808443,0.624234172906739,0.32075943042718,1,
0.381780609609092,0.37931638913234,0.693349263241736,0.561833446789199,0.183862103422433,1,
0.462028586189082,0.568273444347064,0.721823974512147,0.208531881098253,0.271546340244816,1,
0.386430170483899,0.597546012269939,0.54320987654321,0.495575221238938,0.219585311016737,1,
0.51816772860341,0.367221735319895,0.717443249701314,0.73474018606762,0.217336997252061,1,
0.478388152230067,0.390359333917616,0.864197530864197,0.211481733605627,0.41643767174619,1,
0.311176166695368,0.305346187554776,0.488649940262843,0.781030179260268,0.162877841618786,1,
0.336490442569313,0.306573181419807,0.73436877737953,0.655321080099841,0.779915063702223,1,
0.336146030652661,0.341104294478528,0.881720430107527,0.667347401860676,0.585560829377967,1,
0.259169967280868,0.395968448729185,0.639386698526483,0.19832085318811,0.567574319260555,1,
0.565696573101429,0.453286590709904,0.764834727200319,0.226004084411164,0.253809642767924,1,
0.334596177027725,0.321121822962314,0.457188371166866,0.664624461084638,0.109917561828629,1,
0.329602204236267,0.328308501314636,0.445639187574671,0.673020195144089,0.145390956782413,1,
0.333907353194421,0.335845749342682,0.853046594982079,0.562741093714545,0.32075943042718,1,
0.456517995522645,0.305170902716915,0.757666268418956,0.214885409575675,0.405695728203847,1,
0.366626485276391,0.448378615249781,0.865392273994425,0.177671885636487,0.476392705470897,1,
0.378853108317548,0.360736196319018,0.573675826363998,0.664397549353302,0.221583812140894,1,
0.322886171861546,0.323049956178791,0.534647550776583,0.794417971409122,0.127154634024482,1,
0.315481315653522,0.323225241016652,0.524492234169654,0.866348990242796,0.32075943042718,1,
0.32047528844498,0.352673093777388,0.544603743528475,0.829135466303608,0.32075943042718,1,
0.355260892026864,0.309728308501315,0.751493428912784,0.587928295892898,0.500374718960779,1,
0.369209574651283,0.466257668711656,0.813022700119474,0.644883140458362,0.1796152885336,1,
0.442569312898226,0.417177914110429,0.508562325766627,0.488087134104833,0.533349987509368,1,
