540,5,2,
0.35543309798519,0.383172655565294,0.775388291517324,0.217608350351713,0.240819385460904,0,
0.505768899603926,0.455915863277826,0.316407805655117,0.336056274109371,0.305520859355483,0,
0.355605303943516,0.573707274320771,0.307447232178415,0.327660540049921,0.298026480139895,0,
0.552436714310315,0.513935144609991,0.493827160493827,0.540503744043567,0.556082937796653,0,
0.448079903564663,0.580368098159509,0.283751493428913,0.314726571363739,0.291281538845866,0,
0.35991045290167,0.782120946538124,0.247112704101951,0.462219196732471,0.486635023732201,0,
0.302221456862407,0.268536371603856,0.402827558741537,0.469026548672566,0.659505370971771,0,
0.799380058550026,0.33444347063979,0.336917562724014,0.378942591331972,0.335748188858356,0,
0.319614258653349,0.431551270815074,0.669852648347272,0.257090991604266,0.267299525355983,0,
0.346650594110556,0.382296231375986,0.790521704500199,0.209212616292262,0.241818636022983,0,
0.485793008438092,0.512883435582822,0.464954201513341,0.433401406852734,0.252060954284287,0,
0.308420871362149,0.310254163014899,0.448028673835125,0.526208304969367,0.140644516612541,0,
0.418977096607543,0.735144609991236,0.260254878534448,0.290900839573406,0.549337996502623,0,
0.493886688479421,0.610517090271692,0.305455993628037,0.331064216019968,0.347989008243817,0,
0.388496641983813,0.837510955302366,0.244125846276384,0.303154073065577,0.282538096427679,0,
0.416049595315998,0.539351446099912,0.532656312226205,0.410029498525074,0.353734698975768,0,
0.723953848803168,0.313409290096407,0.404818797291916,0.397322441570229,0.304271796152885,0,
0.341656621319098,0.482208588957055,0.884109916367981,0.203312911277513,0.24381713714714,0,
0.877561563630102,0.323225241016652,0.339307048984468,0.343998184706149,0.308768423682238,0,
0.317719993111762,0.389482909728309,0.824771007566706,0.186067619695938,0.181114164376717,0,
0.343723092819012,0.452936021034181,0.898247710075667,0.185840707964602,0.227829128153885,0,
0.783881522300671,0.301489921121823,0.34010354440462,0.383707737690039,0.345490881838621,0,
0.516962286895126,0.533917616126205,0.294703305455994,0.270705695484457,0.672745440919311,0,
0.30928190115378,0.324802804557406,0.14058144165671,0.757431359201271,0.32075943042718,0,
0.331152057861202,0.501314636283961,0.763440860215054,0.563421828908555,0.32075943042718,0,
0.337007060444291,0.434180543382997,0.728195937873357,0.188336737009303,0.245565825630777,0,
0.545892887893921,0.566170026292726,0.300876144962166,0.32834127524393,0.302273295028728,0,
0.316342345445152,0.341454864154251,0.635603345280765,0.865668255048786,0.32075943042718,0,
0.417771654899259,0.411919368974584,0.433492632417364,0.336056274109371,0.337996502623033,0,
0.32495264336146,0.468536371603856,0.71963361210673,0.512820512820513,0.32075943042718,0,
0.310831754778715,0.319368974583699,0.603146156909598,0.885409575675062,0.32075943042718,0,
0.765455484759773,0.193339176161262,0.39705296694544,0.380757885182664,0.338995753185111,0,
0.33976235577751,0.417879053461876,0.746515332536838,0.751531654186521,0.32075943042718,0,
0.479421387980024,0.530061349693252,0.303663878932696,0.400726117540277,0.295278541094179,0,
0.377819872567591,0.541630148992112,0.610911987256073,0.461765373269798,0.273794654009493,0,
0.368176338901326,0.781419807186678,0.259259259259259,0.432266848196052,0.510617037222083,0,
0.471155501980368,0.589833479404032,0.29410593389088,0.329929657363286,0.345490881838621,0,
0.323919407611503,0.46327782646801,0.526483472720032,0.512139777626503,0.32075943042718,0,
0.367487515068021,0.44715162138475,0.288530465949821,0.307011572498298,0.366475143642268,0,
0.340795591527467,0.477125328659071,0.957387495021904,0.188109825277967,0.32075943042718,0,
0.381952815567419,0.7011393514461,0.660294703305456,0.515543453596551,0.253559830127404,0,
0.258825555364216,0.578264680105171,0.506969334926324,0.466984343090538,0.32075943042718,0,
0.820561391424143,0.294829097283085,0.340501792114695,0.342182890855457,0.336497626779915,0,
0.378853108317548,0.541454864154251,0.606531262445241,0.461765373269798,0.365725705720709,0,
0.321164112278285,0.413321647677476,0.750696933492632,0.235307465395961,0.263802148388708,0,
0.777854313759256,0.360385626643295,0.333731581043409,0.408668028137055,0.298775918061454,0,
0.350611331152058,0.437686240140228,0.68657905217045,0.53641933287951,0.223332500624532,0,
0.40967797485793,0.588957055214724,0.566507367582636,0.622418879056047,0.212840369722708,0,
0.404684002066471,0.615950920245399,0.285941855834329,0.318130247333787,0.365975518361229,0,
0.337351472360944,0.359684487291849,0.534249303066507,0.606535057862492,0.32075943042718,0,
0.726881350094713,0.31603856266433,0.401234567901235,0.392103471749489,0.308268798401199,0,
0.471327707938695,0.544609991235758,0.312027080844285,0.334467891990016,0.344991256557582,0,
0.570518339934562,0.707624890446976,0.294305057745918,0.316768776945768,0.379715213589808,0,
0.400034441191665,0.658895705521472,0.264436479490243,0.312684365781711,0.367224581563827,0,
0.350094713277079,0.307449605609115,0.552568697729988,0.847061493079192,0.12190856857357,0,
0.548820389185466,0.507624890446976,0.682795698924731,0.299296573632857,0.288033974519111,0,
0.121749612536594,0.091498685363716,0.304460374352847,0.324483775811209,0.292780414688983,0,
0.264508351988979,0.493777388255916,0.747510951812027,0.517358747447243,0.32075943042718,0,
0.724987084553125,0.194566170026293,0.405416168857029,0.394826412525528,0.297776667499375,0,
0.26175305665576,0.581419807186678,0.516726403823178,0.469707283866576,0.268798401199101,0,
0.333390735319442,0.313234005258545,0.769812823576264,0.56501021102791,0.482138396202848,0,
0.530910969519545,0.46432953549518,0.432297889287137,0.334014068527343,0.355733200099925,0,
0.35457206819356,0.417879053461876,0.835125448028674,0.181529385069208,0.222583062702973,0,
0.39262958498364,0.823838737949167,0.250298685782557,0.303154073065577,0.284286784911317,0,
0.503185810229034,0.439789658194566,0.325965750696933,0.336283185840708,0.307269547839121,0,
0.319786464611676,0.380017528483786,0.544603743528475,0.817789879736782,0.148638521109168,0,
0.480282417771655,0.615950920245399,0.585424133811231,0.488540957567506,0.533100174868848,0,
0.357499569485104,0.577563540753725,0.493827160493827,0.296346721125482,0.272045965525856,0,
0.712416049595316,0.480105170902717,0.448626045400239,0.392784206943499,0.397951536347739,0,
0.351988978818667,0.496056091148116,0.551772202309837,0.286362604946676,0.435423432425681,0,
0.467883588772171,0.753198948290973,0.284747112704102,0.322895393691854,0.286285286035473,0,
0.328052350611331,0.477475898334794,0.634408602150538,0.47401860676197,0.276542593055209,0,
0.342517651110728,0.484312007011393,0.882915173237754,0.209212616292262,0.242068448663502,0,
0.306354399862235,0.294829097283085,0.489446435682995,0.476514635806671,0.223332500624532,0,
0.448940933356294,0.526380368098159,0.485862206292314,0.403449058316315,0.28828378715963,0,
0.338212502152574,0.444522348816827,0.853643966547192,0.206943498978897,0.244566575068699,0,
0.337007060444291,0.332515337423313,0.7536837913182,0.712502836396642,0.457406944791406,0,
0.407267091441364,0.757405784399649,0.537236160892075,0.288631722260041,0.498875843117662,0,
0.30928190115378,0.289745836985101,0.452409398645958,0.68073519400953,0.606794903822133,0,
0.527294644394696,0.460473269062226,0.459776981282358,0.446108463807579,0.251811141643767,0,
0.372137075942828,0.335144609991236,0.623058542413381,0.761061946902655,0.194604046964776,0,
0.786981229550542,0.31954425942156,0.342293906810036,0.343771272974813,0.309018236322758,0,
0.404856208024798,0.430324276950044,0.737953006770211,0.243930111186748,0.424931301523857,0,
0.442224900981574,0.583523225241017,0.276583034647551,0.412752439301112,0.286535098675993,0,
0.313587050111934,0.334618755477651,0.635404221425727,0.863626049466757,0.32075943042718,0,
0.638367487515068,0.407361963190184,0.333333333333333,0.385069208078058,0.336247814139395,0,
0.757017392801791,0.194040315512708,0.394464356829948,0.379169503063308,0.340244816387709,0,
0.824349922507319,0.332515337423313,0.574870569494225,0.301111867483549,0.297277042218336,0,
0.458928878939211,0.571779141104295,0.529669454400637,0.65736328568187,0.219835123657257,0,
0.722059583261581,0.339526730937774,0.400637196336121,0.395734059450874,0.34624031976018,0,
0.343723092819012,0.588606485539001,0.653126244524094,0.52598139323803,0.241568823382463,0,
0.626140864473911,0.330236634531113,0.341696535244922,0.390515089630134,0.26929802648014,0,
0.548131565352161,0.547765118317266,0.495619275189168,0.567506240072612,0.497127154634024,0,
0.360254864818323,0.472918492550394,0.871166865790522,0.222600408441116,0.460404696477642,0,
0.316170139486826,0.292900964066608,0.469334926324174,0.47401860676197,0.611791156632526,0,
0.320130876528328,0.39649430324277,0.798088410991637,0.133877921488541,0.213839620284786,0,
0.357327363526778,0.547589833479404,0.503982477100757,0.449739051508963,0.32075943042718,0,
0.360082658859997,0.740403155127082,0.245519713261649,0.442931699568868,0.558830876842368,0,
0.487515068021354,0.690096406660824,0.291716447630426,0.322895393691854,0.375718211341494,0,
0.517306698811779,0.446275197195443,0.316407805655117,0.385976855003404,0.344241818636023,0,
0.366798691234717,0.68624014022787,0.634010354440462,0.274336283185841,0.272045965525856,0,
0.494575512312726,0.575635407537248,0.299283154121864,0.325618334467892,0.35273544841369,0,
0.333735147236094,0.4988606485539,0.491039426523298,0.42001361470388,0.362977766674994,0,
0.537799207852592,0.658369851007888,0.561927518916766,0.484229634672113,0.281538845865601,0,
0.435336662648528,0.606310254163015,0.266029470330546,0.312230542319038,0.284036972270797,0,
0.359221629068366,0.508851884312007,0.731979291119076,0.23734967097799,0.254808893330003,0,
0.798519028758395,0.295179666958808,0.635603345280765,0.293623780349444,0.287784161878591,0,
0.433270191148614,0.593689745836985,0.273397052966945,0.315407306557749,0.292530602048464,0,
0.569829516101257,0.612094653812445,0.265033851055356,0.234626730201951,0.32075943042718,0,
0.351127949027036,0.431375985977213,0.787933094384707,0.224188790560472,0.253310017486885,0,
0.350266919235405,0.409640666082384,0.94663480684986,0.167687769457681,0.32075943042718,0,
0.303254692612364,0.271866783523225,0.389088012743927,0.311776718856365,0.32075943042718,0,
0.278629240571724,0.334092900964067,0.63878932696137,0.778080326752893,0.092930302273295,0,
0.3903909075254,0.0872918492550394,0.590402230187176,0.230769230769231,0.32075943042718,0,
0.335629412777682,0.433654688869413,0.981879729191557,0.167233945995008,0.32075943042718,0,
0.649905286722921,0.434005258545136,0.461170848267622,0.435670524166099,0.287284536597552,0,
0.395729292233511,0.651358457493427,0.521704500199124,0.427955525300658,0.368223832125906,0,
0.397279145858447,0.675372480280456,0.685185185185185,0.252779668708872,0.269547839120659,0,
0.320303082486654,0.314636283961437,0.458582238152131,0.539823008849557,0.32075943042718,0,
0.386430170483899,0.528308501314636,0.548785344484269,0.292035398230088,0.409442917811641,0,
0.343723092819012,0.548816827344435,0.554559936280366,0.453142727479011,0.277791656257807,0,
0.427415188565524,0.544259421560035,0.277379530067702,0.322895393691854,0.347739195603298,0,
0.375064577234372,0.784224364592463,0.242532855436081,0.28999319264806,0.238071446415189,0,
0.364387807818151,0.528659070990359,0.513540422142573,0.301565690946222,0.284536597551836,0,
0.825210952298949,0.167747589833479,0.336917562724014,0.341275243930111,0.308018985760679,0,
0.439125193731703,0.475197195442594,0.315611310234966,0.333333333333333,0.308018985760679,0,
0.365593249526434,0.54478527607362,0.224412584627638,0.470161107329249,0.597052210841869,0,
0.333390735319442,0.43680981595092,0.782556750298686,0.15021556614477,0.1923557332001,0,
0.388668847942139,0.590184049079755,0.551174830744723,0.242795552530066,0.758680989258056,0,
0.177716548992595,0.108326029798422,0.285145360414178,0.326299069661902,0.298526105420934,0,
0.170139486826244,0.31726555652936,0.396057347670251,0.392330383480826,0.300274793904572,0,
0.521956259686585,0.483085013146363,0.494822779769016,0.726117540276832,0.204096927304522,0,
0.838126399173411,0.32532865907099,0.33452807646356,0.397776265032902,0.305021234074444,0,
0.626140864473911,0.381244522348817,0.403424930306651,0.393691853868845,0.348738446165376,0,
0.472016531771999,0.518492550394391,0.463560334528076,0.435897435897436,0.255058705970522,0,
0.345961770277252,0.679053461875548,0.268020708880924,0.470841842523259,0.278790906819885,0,
0.314620285861891,0.356178790534619,0.68936678614098,0.85568413886998,0.32075943042718,0,
0.365076631651455,0.290972830850131,0.510951812027081,0.624234172906739,0.584561578815888,0,
0.438608575856725,0.518317265556529,0.297690163281561,0.438393464942137,0.222083437421934,0,
0.307904253487171,0.339702015775635,0.50179211469534,0.853641933287951,0.32075943042718,0,
0.337868090235922,0.461174408413672,0.83731581043409,0.178579532561833,0.216837371971022,0,
0.539349061477527,0.716213847502191,0.268020708880924,0.318130247333787,0.290532100924307,0,
0.342345445152402,0.388781770376862,0.747710075667065,0.680962105740867,0.207344491631277,0,
0.274496297571896,0.328659070990359,0.641178813221824,0.358747447243022,0.32075943042718,0,
0.88841053900465,0.354425942156003,0.338908801274393,0.340367597004765,0.334499125655758,0,
0.311692784570346,0.28851884312007,0.465352449223417,0.770138416156115,0.32075943042718,0,
0.340623385569141,0.659070990359334,0.583233771405814,0.490356251418198,0.388458656007994,0,
0.342517651110728,0.534268185801928,0.563918757467144,0.822555026094849,0.180114913814639,0,
0.50335801618736,0.646801051709027,0.296097172441258,0.324029952348536,0.379465400949288,0,
0.594454968141898,0.605433829973707,0.463958582238152,0.408668028137055,0.289782663002748,0,
0.309109695195454,0.31954425942156,0.428514536041418,0.477422282732017,0.586310267299525,0,
0.707077664887205,0.461349693251534,0.494424532058941,0.543226684819605,0.260554584061954,0,
0.52040640606165,0.338299737072743,0.394066109119873,0.391649648286816,0.280039970022483,0,
0.329602204236267,0.3954425942156,0.841696535244922,0.606761969593828,0.44891331501374,0,
0.70415016359566,0.463628396143734,0.500597371565113,0.56569094622192,0.260804396702473,0,
0.431720337523678,0.466432953549518,0.463361210673039,0.396868618107556,0.300524606545091,0,
0.912174961253659,0.343032427695004,0.433094384707288,0.451100521896982,0.286535098675993,0,
0.374203547442741,0.507800175284838,0.280764635603345,0.427955525300658,0.296027979015738,0,
0.316686757361805,0.379491673970202,0.814217443249701,0.196732471068754,0.168373719710217,0,
0.662304115722404,0.309553023663453,0.394663480684986,0.388019060585432,0.286035473394954,0,
0.311176166695368,0.280631025416301,0.43010752688172,0.682323576128886,0.771171621284037,0,
0.319269846736697,0.37353198948291,0.715452011150936,0.181302473337872,0.32075943042718,0,
0.330118822111245,0.337423312883436,0.804659498207885,0.221238938053097,0.402947789158131,0,
0.335629412777682,0.561437335670465,0.54500199123855,0.44474699341956,0.32075943042718,0,
0.312209402445325,0.304294478527607,0.439068100358423,0.584297708191514,0.593055208593555,0,
0.506629929395557,0.542681858019281,0.307048984468339,0.276605400499206,0.643017736697477,0,
0.353366626485276,0.500964066608238,0.723416965352449,0.578851826639437,0.602048463652261,0,
0.317547787153435,0.385977212971078,0.7610513739546,0.614476968459269,0.187359480389708,0,
0.315481315653522,0.33567046450482,0.665870171246515,0.657817109144543,0.21159130652011,0,
0.344584122610642,0.598948290972831,0.557347670250896,0.555479918311777,0.211091681239071,0,
0.197348028241777,0.439263803680982,0.224014336917563,0.292035398230088,0.283787159630277,0,
0.402273118649905,0.580543382997371,0.290919952210275,0.321987746766508,0.32075943042718,0,
0.578784225934217,0.631901840490798,0.27479091995221,0.456092579986385,0.456657506869848,0,
0.285173066988118,0.326029798422436,0.626642771804062,0.725209893351486,0.32075943042718,0,
0.733252970552781,0.442243645924627,0.572481083233771,0.46879963694123,0.285036222832875,0,
0.60375408989151,0.523575810692375,0.292911190760653,0.33356024506467,0.348238820884337,0,
0.390563113483726,0.388957055214724,0.701115093588212,0.551168595416383,0.19260554584062,0,
0.335112794902704,0.352322524101665,0.858622062923138,0.181529385069208,0.414688983262553,0,
0.468744618563802,0.554425942156003,0.293508562325767,0.412298615838439,0.279040719460405,0,
0.795247115550198,0.287817703768624,0.178614097968937,0.47401860676197,0.257556832375718,0,
0.330463234027897,0.682033304119194,0.508960573476703,0.437485818016791,0.377466899825131,0,
0.523678319269847,0.438387379491674,0.306650736758264,0.336510097572044,0.33999500374719,0,
0.820561391424143,0.186327782646801,0.340700915969733,0.343544361243476,0.308268798401199,0,
0.402273118649905,0.693602103418054,0.672242134607726,0.465169049239846,0.269797651761179,0,
0.47063888410539,0.426292725679229,0.312425328554361,0.335829362378035,0.32075943042718,0,
0.932667470294472,0.329009640666082,0.41636798088411,0.461765373269798,0.290282288283787,0,
0.351127949027036,0.557756354075373,0.4778972520908,0.424098025867937,0.355483387459405,0,
0.428620630273807,0.712708150744961,0.253484667463162,0.645790787383708,0.241319010741944,0,
0.337179266402618,0.552497808939527,0.561131023496615,0.542319037894259,0.234823882088434,0,
0.774754606509385,0.456091148115688,0.314615690959777,0.523258452461992,0.261803647264552,0,
0.328913380402962,0.381069237510955,0.753882915173238,0.145450419786703,0.137896577566825,0,
0.563974513518168,0.51726555652936,0.517921146953405,0.449058316314954,0.419185610791906,0,
0.483382125021526,0.5011393514461,0.295698924731183,0.333106421601997,0.300524606545091,0,
0.373514723609437,0.788606485539001,0.253285543608124,0.307465395960971,0.282538096427679,0,
0.317031169278457,0.281858019281332,0.45400238948626,0.597458588609031,0.73694728953285,0,
0.900637162045807,0.181770376862401,0.393667861409797,0.34263671431813,0.309268048963278,0,
0.480799035646633,0.777388255915863,0.234966148944644,0.29906966190152,0.361229078191356,0,
0.316514551403479,0.292199824715162,0.452807646356033,0.655547991831178,0.32075943042718,0,
0.388324436025486,0.705170902716915,0.225009956192752,0.293396868618108,0.32075943042718,0,
0.452557258481143,0.559684487291849,0.567702110712863,0.294758339006127,0.286784911316513,0,
0.434131220940244,0.580368098159509,0.282357626443648,0.325391422736555,0.360479640269798,0,
0.691234716721199,0.469412795793164,0.450219036240542,0.327433628318584,0.250811891081689,0,
0.475977268813501,0.0552147239263804,0.254281162883313,0.721579305650102,0.175118661004247,0,
0.375236783192698,0.671165644171779,0.243727598566308,0.432039936464715,0.283287534349238,0,
0.323058377819873,0.309377738825592,0.530665073675826,0.907873837077377,0.10866849862603,0,
0.648355433097985,0.355828220858896,0.332536837913182,0.340821420467438,0.331001748688484,0,
0.343723092819012,0.361437335670464,0.702309836718439,0.612661674608577,0.489882588058956,0,
0.462545204064061,0.620157756354075,0.745320589406611,0.248695257544815,0.32075943042718,0,
0.353022214568624,0.449780893952673,0.833134209478295,0.210800998411618,0.462153384961279,0,
0.824005510590666,0.192462751971954,0.342293906810036,0.374858180167915,0.336997252060954,0,
0.610125710349578,0.411919368974584,0.436479490242931,0.405037440435671,0.286535098675993,0,
0.453762700189426,0.700788781770377,0.242532855436081,0.315407306557749,0.518860854359231,0,
0.353711038401929,0.542681858019281,0.472919155714855,0.305196278647606,0.292030976767424,0,
0.485620802479766,0.512883435582822,0.464954201513341,0.433401406852734,0.252060954284287,0,
0.318408816945066,0.294829097283085,0.465750696933493,0.680054458815521,0.32075943042718,0,
0.653004993972791,0.43908851884312,0.426324173636002,0.413660086226458,0.304021983512366,0,
0.351127949027036,0.503768624014023,0.621465551573078,0.258225550260948,0.32075943042718,0,
0.768210780092991,0.281682734443471,0.39984070091597,0.40639891082369,0.302023482388209,0,
0.474083003271913,0.619106047326906,0.287534846674632,0.317222600408441,0.291281538845866,0,
0.354227656276907,0.506047326906223,0.835324571883712,0.209439528023599,0.32075943042718,0,
0.402100912691579,0.767922874671341,0.521505376344086,0.429090083957341,0.370971771171621,0,
0.782331668675736,0.293251533742331,0.417363600159299,0.393691853868845,0.300774419185611,0,
0.321164112278285,0.442594215600351,0.613102349661489,0.465169049239846,0.271296527604297,0,
0.729981057344584,0.451183172655565,0.31063321385902,0.391876560018153,0.387959030726955,0,
0.493197864646117,0.5977212971078,0.279569892473118,0.510778307238484,0.254559080689483,0,
0.794213879800241,0.295530236634531,0.419753086419753,0.392557295212162,0.300524606545091,0,
0.362321336318237,0.588080631025416,0.291716447630426,0.318810982527797,0.296777416937297,0,
0.424143275357327,0.526555652936021,0.287136598964556,0.326979804855911,0.347239570322258,0,
0.327880144653005,0.543207712532866,0.496814018319395,0.43498978897209,0.32075943042718,0,
0.890304804546237,0.332865907099036,0.44763042612505,0.332198774676651,0.305271046714964,0,
0.547442741518857,0.386678352322524,0.423934687375548,0.405945087361017,0.297277042218336,0,
0.500086102979163,0.53567046450482,0.307048984468339,0.398457000226912,0.299275543342493,0,
0.350266919235405,0.493602103418054,0.827956989247312,0.207851145904243,0.32075943042718,0,
0.515584639228517,0.441893076248904,0.320191158900836,0.384615384615385,0.344491631276543,0,
0.392285173066988,0.69079754601227,0.535444046196734,0.474926253687316,0.612790407194604,0,
0.313931462028586,0.335319894829097,0.532058940661091,0.925119128658952,0.12165875593305,0,
0.703461339762356,0.339000876424189,0.341099163679809,0.381892443839347,0.30751936047964,0,
0.351300154985362,0.307624890446976,0.702110712863401,0.639210347174949,0.575068698476143,0,
0.350094713277079,0.720946538124452,0.266228594185583,0.316088041751759,0.368473644766425,0,
0.32495264336146,0.430499561787905,0.665870171246515,0.230542319037894,0.268298775918061,0,
0.602032030308249,0.337773882559159,0.389884508164078,0.406625822555026,0.284786410192356,0,
0.479765799896676,0.436459246275197,0.30884109916368,0.331971862945314,0.305770671996003,0,
0.329602204236267,0.459421560035057,0.531660692951015,0.604946675743136,0.217087184611541,0,
0.399173411400034,0.727256792287467,0.237753882915173,0.459950079419106,0.57082188358731,0,
0.355949715860169,0.500087642418931,0.675627240143369,0.587928295892898,0.58306270297277,0,
0.35457206819356,0.331814198071867,0.633412982875348,0.521896982073973,0.530102423182613,0,
0.328224556569657,0.468361086765995,0.725806451612903,0.515997277059224,0.32075943042718,0,
0.724814878594799,0.398071866783523,0.443647949024293,0.334467891990016,0.306020484636523,0,
0.333735147236094,0.312182296231376,0.679410593389088,0.671885636487406,0.49362977766675,0,
0.383330463234028,0.66783523225241,0.645758661887694,0.499886544134332,0.32075943042718,0,
0.807645944549681,0.286765994741455,0.332536837913182,0.319945541184479,0.28828378715963,0,
0.370587222317892,0.622787028921998,0.29231381919554,0.322214658497844,0.296777416937297,0,
0.361632512484932,0.398247151621385,0.80147351652728,0.232357612888586,0.244316762428179,0,
0.327019114861374,0.482208588957055,0.736957387495022,0.210574086680281,0.236072945291032,0,
0.335112794902704,0.338299737072743,0.473118279569892,0.703199455411845,0.651761179115663,0,
0.513862579645256,0.532340052585451,0.299084030266826,0.415248468345813,0.27554334249313,0,
0.650594110556225,0.424539877300613,0.334129828753485,0.380077149988654,0.341743692230827,0,
0.406750473566385,0.497984224364593,0.728395061728395,0.508736101656456,0.263552335748189,0,
0.647322197348028,0.51954425942156,0.511549183592194,0.320399364647152,0.359980014988758,0,
0.388668847942139,0.669763365468887,0.278773397052967,0.428863172226004,0.616787409442918,0,
0.786120199758912,0.195267309377739,0.396057347670251,0.381211708645337,0.297526854858856,0,
0.53607714826933,0.72532865907099,0.509757068896854,0.309734513274336,0.288033974519111,0,
0.484931978646461,0.663453111305872,0.286340103544405,0.410483321987747,0.289782663002748,0,
0.311864990528672,0.336021034180543,0.501194743130227,0.936010891763104,0.32075943042718,0,
0.737213707594283,0.361437335670464,0.430904022301872,0.340594508736102,0.337496877341994,0,
0.359566040985018,0.682559158632778,0.27757865392274,0.29975039709553,0.289033225081189,0,
0.431720337523678,0.62296231375986,0.252289924332935,0.307692307692308,0.360979265550837,0,
0.43568107456518,0.578264680105171,0.271405814416567,0.316768776945768,0.32075943042718,0,
0.382125021525745,0.587204206836109,0.65073675826364,0.506013160880417,0.32075943042718,0,
0.902703633545721,0.174583698510079,0.331541218637993,0.376219650555934,0.336747439420435,0,
0.351988978818667,0.429097283085013,0.841497411389884,0.626049466757431,0.218336247814139,0,
0.37024281040124,0.808939526730938,0.237355635205098,0.454958021329703,0.32075943042718,0,
0.643878078181505,0.447502191060473,0.46415770609319,0.438166553210801,0.287034723957032,0,
0.547787153435509,0.511656441717791,0.297690163281561,0.271386430678466,0.665251061703722,0,
0.791802996383675,0.188080631025416,0.386897650338511,0.389380530973451,0.305770671996003,0,
0.768555192009644,0.341980718667835,0.39426523297491,0.382800090764693,0.305770671996003,0,
0.319269846736697,0.325854513584575,0.548187972919156,0.737236215112321,0.185360979265551,0,
0.785086964008955,0.188080631025416,0.339904420549582,0.37712729748128,0.337746689982513,0,
0.51592905114517,0.625416301489921,0.279968140183194,0.407306557749036,0.355983012740445,0,
0.51007404856208,0.599474145486415,0.280565511748307,0.407079646017699,0.362228328753435,0,
0.387463406233856,0.653111305872042,0.674432497013142,0.24574540503744,0.32075943042718,0,
0.362493542276563,0.384399649430324,0.726602947033055,0.224642614023145,0.220834374219335,0,
0.34200103323575,0.475547765118317,0.607128634010354,0.464942137508509,0.389957531851112,0,
0.42896504219046,0.605083260297984,0.279769016328156,0.422055820285909,0.273794654009493,0,
0.335112794902704,0.330587204206836,0.74352847471127,0.708645336963921,0.171621284036972,0,
0.334423971069399,0.523751095530237,0.582437275985663,0.449512139777627,0.279790157381964,0,
0.341656621319098,0.43453111305872,0.826762246117085,0.648286816428409,0.32075943042718,0,
0.4423971069399,0.533041191936897,0.463162086818001,0.428636260494668,0.246814888833375,0,
0.309109695195454,0.341980718667835,0.205694942254082,0.951667801225323,0.32075943042718,0,
0.309109695195454,0.304995617879053,0.525886101154918,0.644202405264352,0.32075943042718,0,
0.650594110556225,0.393514460999124,0.394663480684986,0.387338325391423,0.341493879590307,0,
0.402445324608231,0.661349693251534,0.595977698128236,0.282051282051282,0.32075943042718,0,
0.324263819528156,0.469938650306748,0.876941457586619,0.187656001815294,0.239820134898826,0,
0.600998794558292,0.496406660823839,0.320589406610912,0.332652598139324,0.342742942792905,0,
0.411744446357844,0.439263803680982,0.694544006371963,0.513501248014522,0.264801398950787,0,
0.40072326502497,0.47361963190184,0.288928713659896,0.321760835035171,0.302023482388209,0,
0.442052695023248,0.669062226117441,0.301075268817204,0.32312230542319,0.292530602048464,0,
0.707594282762184,0.283435582822086,0.393468737554759,0.395507147719537,0.305520859355483,0,
0.691923540554503,0.281858019281332,0.699123855037833,0.268663489902428,0.387959030726955,0,
0.319442052695023,0.372655565293602,0.664675428116288,0.720898570456093,0.32075943042718,0,
0.32633029102807,0.502015775635408,0.62405416168857,0.490583163149535,0.32075943042718,0,
0.546065093852247,0.468185801928133,0.451413779370769,0.393918765600182,0.264301773669748,0,
0.319614258653349,0.41384750219106,0.750497809637595,0.232811436351259,0.32075943042718,0,
0.333390735319442,0.313234005258545,0.769812823576264,0.56501021102791,0.482138396202848,0,
0.324091613569829,0.305872042068361,0.602349661489446,0.749943272067166,0.1541343992006,0,
0.42311003960737,0.584399649430324,0.27937076861808,0.419559791241207,0.267799150637022,0,
0.35543309798519,0.559158632778265,0.881919553962565,0.221465849784434,0.258805895578316,0,
0.254692612364388,0.761262050832603,0.239346873755476,0.283866575901974,0.278041468898326,0,
0.691406922679525,0.378264680105171,0.33552369573875,0.37712729748128,0.345241069198101,0,
0.52264508351989,0.468361086765995,0.319394663480685,0.338552303154073,0.307019735198601,0,
0.310659548820389,0.295004382120946,0.453205894066109,0.769230769230769,0.0617037222083438,0,
0.32495264336146,0.363014899211218,0.53584229390681,0.644656228727025,0.176367724206845,0,
0.312726020320303,0.288343558282209,0.448626045400239,0.519400953029272,0.646515113664751,0,
0.527294644394696,0.460648553900088,0.459776981282358,0.446108463807579,0.251561329003248,0,
0.324091613569829,0.424364592462752,0.533851055356432,0.648059904697073,0.199600299775169,0,
0.335457206819356,0.349517966695881,0.508164078056551,0.176310415248468,0.891831126655009,0,
0.564491131393146,0.622611744084137,0.264436479490243,0.407533469480372,0.29477891581314,0,
0.396934733941794,0.662401402278703,0.256670649143767,0.427728613569322,0.32075943042718,0,
0.341140003444119,0.384574934268186,0.745917960971724,0.239618788291355,0.32075943042718,0,
0.332701911486137,0.69307624890447,0.499800876144962,0.721125482187429,0.200349737696727,0,
0.504391251937317,0.507624890446976,0.469534050179211,0.434082142046744,0.391956032975269,0,
0.337007060444291,0.435056967572305,0.826164874551971,0.22237349670978,0.32075943042718,0,
0.563630101601515,0.430324276950044,0.446634806849861,0.309961425005673,0.647014738945791,0,
0.356294127776821,0.54601226993865,0.588809239346874,0.257090991604266,0.32075943042718,0,
0.453934906147753,0.625065731814198,0.517921146953405,0.600181529385069,0.423432425680739,0,
0.395557086275185,0.51726555652936,0.661688570290721,0.251418198320853,0.271546340244816,0,
0.306698811778888,0.286765994741455,0.451612903225806,0.200589970501475,0.776417686734949,0,
0.620113655932495,0.320595968448729,0.400438072481083,0.393011118674835,0.282787909068199,0,
0.42311003960737,0.513935144609991,0.469534050179211,0.412298615838439,0.296027979015738,0,
0.329602204236267,0.462226117440841,0.719832735961768,0.223281143635126,0.259805146140395,0,
0.571723781642845,0.69535495179667,0.272003185981681,0.496936691626957,0.267549337996503,0,
0.730842087136215,0.369325153374233,0.435284747112704,0.413886997957794,0.453909567824132,0,
0.859996555880833,0.308851884312007,0.338510553564317,0.378942591331972,0.30751936047964,0,
0.335801618736008,0.41262050832603,0.887495021903624,0.16383027002496,0.473394953784662,0,
0.365937661443086,0.76441717791411,0.278773397052967,0.317449512139778,0.36522608043967,0,
0.402100912691579,0.780718667835232,0.251493428912784,0.296573632856819,0.222583062702973,0,
0.332357499569485,0.539176161262051,0.284348864994026,0.435897435897436,0.290781913564826,0,
0.326158085069743,0.453812445223488,0.705495818399044,0.529838892670751,0.32075943042718,0,
0.749784742552092,0.435933391761613,0.441855834328953,0.448150669389607,0.375218586060455,0,
0.445152402273119,0.73567046450482,0.280565511748307,0.319491717721806,0.291531351486385,0,
0.333390735319442,0.537773882559159,0.52668259657507,0.445427728613569,0.277042218336248,0,
0.350611331152058,0.385977212971078,0.87594583831143,0.66258225550261,0.181613789657757,0,
0.342517651110728,0.378439964943032,0.714456391875747,0.548218742909008,0.442917811641269,0,
0.336834854485965,0.290446976336547,0.486459577857427,0.878375312003631,0.136897327004746,0,
0.363354572068193,0.409465381244522,0.766029470330546,0.232811436351259,0.253060204846365,0,
0.762011365593249,0.190709903593339,0.342891278375149,0.345132743362832,0.309517861603797,0,
0.621491303599105,0.675021910604733,0.279769016328156,0.442931699568868,0.271546340244816,0,
0.477182710521784,0.674496056091148,0.29410593389088,0.324256864079873,0.268798401199101,0,
0.498536249354228,0.0858895705521472,0.310035842293907,0.39142273655548,0.299275543342493,0,
0.371276046151197,0.481332164767748,0.805057745917961,0.196959382800091,0.32075943042718,0,
0.490098157396246,0.674145486415425,0.277379530067702,0.317903335602451,0.351986010492131,0,
0.315309109695195,0.320245398773006,0.621266427718041,0.74449739051509,0.186859855108668,0,
0.32047528844498,0.387554776511832,0.526483472720032,0.799863852961198,0.151886085435923,0,
0.371792664026175,0.562489044697634,0.289326961369972,0.32312230542319,0.295278541094179,0,
0.464956087480627,0.537423312883436,0.540223018717642,0.442477876106195,0.171121658755933,0,
0.383847081109006,0.666783523225241,0.537236160892075,0.248922169276152,0.690981763677242,0,
0.485104184604787,0.679579316389132,0.271804062126643,0.308373042886317,0.287034723957032,0,
0.382641639400723,0.43680981595092,0.780167264038232,0.230542319037894,0.260804396702473,0,
0.915963492336835,0.170201577563541,0.333930704898447,0.379396414794645,0.304521608793405,0,
0.788358877217152,0.292375109553024,0.417562724014337,0.392330383480826,0.301773669747689,0,
0.810917857757878,0.293777388255916,0.600358422939068,0.296119809394146,0.292030976767424,0,
0.79473049767522,0.337072743207713,0.421545201115094,0.341729067392784,0.337247064701474,0,
0.832099190631996,0.330236634531113,0.336320191158901,0.399591558883594,0.304271796152885,0,
0.715687962803513,0.401577563540754,0.499601752289924,0.551395507147719,0.25655758181364,0,
0.340795591527467,0.520595968448729,0.535244922341696,0.433855230315407,0.291281538845866,0,
0.390046495608748,0.578790534618756,0.254679410593389,0.298842750170184,0.261054209342993,0,
0.791802996383675,0.315687992988606,0.570688968538431,0.305650102110279,0.296027979015738,0,
0.415016359566041,0.786853637160386,0.284747112704102,0.300884955752212,0.486135398451162,0,
0.329085586361288,0.326906222611744,0.530465949820788,0.855457227138643,0.32075943042718,0,
0.371103840192871,0.591411042944785,0.537833532457188,0.431813024733379,0.32075943042718,0,
0.333735147236094,0.515687992988606,0.605933890880127,0.248241434082142,0.32075943042718,0,
0.448940933356294,0.501840490797546,0.28952608522501,0.33287950987066,0.32075943042718,0,
0.394696056483554,0.628396143733567,0.274990043807248,0.425686407987293,0.26305271046715,0,
0.337868090235922,0.675021910604733,0.284348864994026,0.412752439301112,0.362727954034474,0,
0.334423971069399,0.383172655565294,0.812823576264436,0.202632176083504,0.32075943042718,0,
0.465644911313931,0.58737949167397,0.483671843886898,0.632176083503517,0.221583812140894,0,
0.316342345445152,0.389307624890447,0.80326563122262,0.185159972770592,0.32075943042718,0,
0.274840709488548,0.141454864154251,0.666666666666667,0.14431586113002,0.32075943042718,0,
0.377475460650939,0.544960560911481,0.609916367980884,0.460403902881779,0.272795403447414,0,
0.357843981401756,0.618755477651183,0.677021107128634,0.53641933287951,0.235823132650512,0,
0.336318236610987,0.704469763365469,0.259259259259259,0.420921261629226,0.362228328753435,0,
0.333562941277768,0.326555652936021,0.513341298287535,0.852734286362605,0.128653509867599,0,
0.346133976235578,0.0902716914986853,0.627240143369176,0.253233492171545,0.44891331501374,1,
0.322541759944894,0.296056091148116,0.500995619275189,0.673474018606762,0.119910067449413,1,
0.331496469777854,0.400525854513585,0.84647550776583,0.17426820966644,0.624281788658506,1,
0.358532805235061,0.355477651183173,0.754480286738351,0.737463126843658,0.70522108418686,1,
0.426037540898915,0.415249780893953,0.774392672242134,0.210800998411618,0.519610292280789,1,
0.36576545548476,0.36319018404908,0.515531660692951,0.636714318130247,0.587559330502124,1,
0.405717237816428,0.81034180543383,0.252688172043011,0.522577717267983,0.415188608543592,1,
0.337179266402618,0.440841367221735,0.788132218239745,0.20739732244157,0.214838870846865,1,
0.3271913208197,0.336196319018405,0.653325368379132,0.502155661447697,0.642018486135398,1,
0.391251937317031,0.46205083260298,0.654520111509359,0.798048559110506,0.195603297526855,1,
0.328741174444636,0.308501314636284,0.487056949422541,0.683004311322895,0.823382463152636,1,
0.32271396590322,0.382296231375986,0.535643170051772,0.491263898343544,0.205845615788159,1,
0.318408816945066,0.326555652936021,0.550378335324572,0.769003857499433,0.165126155383462,1,
0.338901325985879,0.378439964943032,0.507765830346475,0.877467665078285,0.130901823632276,1,
0.360771482693301,0.345486415425066,0.96136997212266,0.235761288858634,0.450662003497377,1,
0.427070776648872,0.499035933391762,0.570489844683393,0.611754027683231,0.63427429427929,1,
0.377131048734286,0.359158632778265,0.146754281162883,0.132062627637849,0.124656507619286,1,
0.38591355260892,0.319018404907975,0.510553564317005,0.73405945087361,0.164376717461904,1,
0.347683829860513,0.418229623137599,0.769016328156113,0.188336737009303,0.632775418436173,1,
0.329946616152919,0.372129710780018,0.520708880923935,0.756296800544588,0.32075943042718,1,
0.395384880316859,0.31954425942156,0.661887694145759,0.506693896074427,0.496877341993505,1,
0.488892715687963,0.348641542506573,0.914575866188769,0.221012026321761,0.260304771421434,1,
0.338212502152574,0.391411042944785,0.803663878932696,0.220558202859088,0.227829128153885,1,
0.399517823316687,0.43102541630149,0.782556750298686,0.75879282958929,0.32075943042718,1,
0.330291028069571,0.290622261174408,0.456192751891677,0.610619469026549,0.781663752185861,1,
0.369898398484588,0.350920245398773,0.619275189167662,0.593147265713637,0.837371971021734,1,
0.237816428448424,0.343908851884312,0.538430904022302,0.645110052189698,0.574069447914064,1,
0.368865162734631,0.363540753724803,0.449820788530466,0.603812117086453,0.569572820384711,1,
0.329602204236267,0.363014899211218,0.544603743528475,0.862718402541411,0.0494629028228828,1,
0.366970897193043,0.351971954425942,0.835722819593787,0.201270705695484,0.49337996502623,1,
0.390735319442053,0.391761612620508,0.765033851055356,0.238257317903336,0.264301773669748,1,
0.546581711727226,0.567572304995618,0.67921146953405,0.297254368050828,0.290032475643268,1,
0.310831754778715,0.356529360210342,0.653126244524094,0.231223054231904,0.32075943042718,1,
0.409333562941278,0.475197195442594,0.739545997610514,0.535284774222827,0.548838371221584,1,
0.389874289650422,0.702366345311131,0.551573078454799,0.53188109825278,0.501373969522858,1,
0.371103840192871,0.480105170902717,0.790720828355237,0.656001815293851,0.19210592055958,1,
0.349233683485449,0.368273444347064,0.516726403823178,0.680281370546857,0.32075943042718,1,
0.36214913035991,0.42418930762489,0.838908801274393,0.20285908781484,0.32075943042718,1,
0.320647494403306,0.364592462751972,0.55236957387495,0.795098706603131,0.32075943042718,1,
0.321852936111589,0.36091148115688,0.653922739944245,0.683685046516905,0.200599550337247,1,
0.3159979335285,0.351796669588081,0.596575069693349,0.710914454277286,0.32075943042718,1,
0.50111933872912,0.577388255915863,0.624850657108722,0.582482414340821,0.240069947539345,1,
0.482693301188221,0.343558282208589,0.92831541218638,0.216700703426367,0.258556082937797,1,
0.275873945238505,0.350043821209465,0.678016726403823,0.170183798502383,0.22408193854609,1,
0.325469261236439,0.380893952673094,0.516129032258065,0.653505786249149,0.539845116162878,1,
0.385224728775616,0.303593339176161,0.68379131819992,0.513274336283186,0.494129402947789,1,
0.353366626485276,0.361086765994741,0.795898048586221,0.641706376219651,0.692730452160879,1,
0.386257964525573,0.448028045574058,0.656113102349661,0.790333560245065,0.18561079190607,1,
0.3271913208197,0.321297107800175,0.528872958980486,0.548672566371681,0.32075943042718,1,
0.348200447735492,0.579842243645925,0.598964555953803,0.552983889267075,0.60879340494629,1,
0.392457379025314,0.725503943908852,0.513739545997611,0.471068754254595,0.495378466150387,1,
0.336662648527639,0.363540753724803,0.705495818399044,0.574994327206717,0.432675493379965,1,
0.312726020320303,0.35863277826468,0.606133014735165,0.358747447243022,0.32075943042718,1,
0.360943688651627,0.474846625766871,0.706292313819195,0.611527115951895,0.207844116912316,1,
0.32047528844498,0.351446099912358,0.524093986459578,0.842977081915135,0.107419435423432,1,
0.328741174444636,0.327782646801052,0.449024293110315,0.798048559110506,0.135898076442668,1,
0.446530049939728,0.337773882559159,0.639784946236559,0.6761969593828,0.668498626030477,1,
0.332701911486137,0.368624014022787,0.518916766228594,0.732244157022918,0.32075943042718,1,
0.352677802651972,0.338124452234882,0.8584229390681,0.189017472203313,0.499125655758181,1,
0.375925607026003,0.394916739702016,0.67463162086818,0.512820512820513,0.235823132650512,1,
0.458756672980885,0.491673970201577,0.610712863401035,0.550487860222374,0.616537596802398,1,
0.393318408816945,0.380368098159509,0.754281162883313,0.571817562968005,0.660004996252811,1,
0.321680730153263,0.318492550394391,0.470927917164476,0.770819151350125,0.145890582063452,1,
0.327880144653005,0.30464504820333,0.493229788928714,0.705695484456546,0.783912065950537,1,
0.450146375064577,0.536546888694128,0.4852648347272,0.309507601543,0.293280039970022,1,
0.380402961942483,0.566345311130587,0.59557945041816,0.288631722260041,0.252560579565326,1,
0.40072326502497,0.752673093777388,0.254082039028276,0.604265940549126,0.251061703722208,1,
0.445152402273119,0.290096406660824,0.730784547988849,0.529158157476742,0.417436922308269,1,
0.469605648355433,0.376336546888694,0.577459179609717,0.600181529385069,0.437921558830877,1,
0.317719993111762,0.414022787028922,0.488450816407806,0.651236668935784,0.32075943042718,1,
0.381263991734114,0.328133216476775,0.751891676622859,0.580894032221466,0.184111916062953,1,
0.367831926984674,0.733917616126205,0.547590601354042,0.60403902881779,0.240569572820385,1,
0.368520750817978,0.324802804557406,0.69115890083632,0.610165645563876,0.803397451911067,1,
0.421904597899087,0.472217353198948,0.662485065710872,0.258906285454958,0.280289782663003,1,
0.412777682107801,0.415425065731814,0.749701314217443,0.549353301565691,0.69223082687984,1,
0.358877217151713,0.464504820333041,0.146555157307845,0.218515997277059,0.19885086185361,1,
0.330979851902876,0.309027169149869,0.466547192353644,0.63262990696619,0.742193354983762,1,
0.348200447735492,0.354776511831727,0.513938669852648,0.878148400272294,0.851611291531351,1,
0.356982951610126,0.460297984224365,0.750298685782557,0.553891536192421,0.651761179115663,1,
0.367315309109695,0.737423312883436,0.551174830744723,0.506240072611754,0.263302523107669,1,
0.568968486309626,0.406310254163015,0.68478693747511,0.55593374177445,0.511866100424682,1,
0.384019287067333,0.277651183172656,0.68657905217045,0.564102564102564,0.19260554584062,1,
0.313587050111934,0.350219106047327,0.636798088410992,0.358747447243022,0.32075943042718,1,
0.408472533149647,0.338124452234882,0.499601752289924,0.842296346721126,0.178616037971521,1,
0.366970897193043,0.342681858019281,0.620469932297889,0.611980939414568,0.849362977766675,1,
0.328913380402962,0.363891323400526,0.946037435284747,0.582482414340821,0.198101423932051,1,
0.325813673153091,0.342857142857143,0.565909996017523,0.518493306103926,0.620534599050712,1,
0.446185638023076,0.39193689745837,0.570290720828355,0.551168595416383,0.263302523107669,1,
0.318581022903392,0.346888694127958,0.501393866985265,0.138869979577944,0.32075943042718,1,
0.343723092819012,0.360560911481157,0.887096774193548,0.186067619695938,0.443917062203348,1,
0.344756328568968,0.392988606485539,0.866387893269614,0.207170410710234,0.190856857356982,1,
0.423626657482349,0.412971078001753,0.678016726403823,0.560698888132516,0.152635523357482,1,
0.406578267608059,0.372480280455741,0.632815611310235,0.539369185386885,0.044216837371971,1,
0.359566040985018,0.333742331288344,0.510951812027081,0.708191513501248,0.595553334998751,1,
0.324780437403134,0.367397020157756,0.6047391477499,0.519854776491945,0.268048963277542,1,
0.417082831065955,0.424364592462752,0.648347272003186,0.146584978443386,0.687234574069448,1,
0.320647494403306,0.32410166520596,0.556152927120669,0.829135466303608,0.10866849862603,1,
0.444119166523162,0.358808063102542,0.751095181202708,0.788972089857046,0.190856857356982,1,
0.445841226106423,0.421209465381245,0.818797291915571,0.537100068073519,0.226080439670247,1,
0.342173239194076,0.375284837861525,0.571883711668658,0.604265940549126,0.233574818885836,1,
0.366970897193043,0.315863277826468,0.70868180007965,0.66258225550261,0.755933050212341,1,
0.363182366109867,0.364592462751972,0.748307447232178,0.572498298162015,0.629028228828379,1,
0.632168073015326,0.636108676599474,0.280963759458383,0.327660540049921,0.298526105420934,1,
0.39262958498364,0.44715162138475,0.74352847471127,0.76401179941003,0.191856107919061,1,
0.350783537110384,0.352147239263804,0.5221027479092,0.848649875198548,0.787159630277292,1,
0.429826071982091,0.445574057843996,0.52668259657507,0.452915815747674,0.543092680489633,1,
0.348544859652144,0.436985100788782,0.771007566706491,0.57476741547538,0.151636272795403,1,
0.322541759944894,0.35056967572305,0.513341298287535,0.671204901293397,0.503622283287534,1,
0.370415016359566,0.603505696757231,0.271405814416567,0.447469934195598,0.436922308268798,1,
0.327019114861374,0.344084136722174,0.512943050577459,0.644202405264352,0.32075943042718,1,
0.328741174444636,0.340753724802805,0.538829151732378,0.662355343771273,0.496877341993505,1,
0.32495264336146,0.306573181419807,0.441258462763839,0.676423871114137,0.133899575318511,1,
0.32856896848631,0.389833479404032,0.509956192751892,0.730882686634899,0.158880839370472,1,
0.490098157396246,0.482559158632778,0.694544006371963,0.253460403902882,0.53210092430677,1,
0.369553986567935,0.339702015775635,0.800876144962167,0.541865214431586,0.620284786410192,1,
0.397279145858447,0.335319894829097,0.694942254082039,0.60335829362378,0.222083437421934,1,
0.313242638195282,0.34022787028922,0.535444046196734,0.866348990242796,0.129652760429678,1,
0.465300499397279,0.474145486415425,0.681202708084428,0.635579759473565,0.188108918311267,1,
0.33166867573618,0.331989482909728,0.504181600955794,0.575901974132063,0.556832375718211,1,
0.237472016531772,0.12760736196319,0.660892074870569,0.54163830270025,0.229328003997002,1,
0.444463578439814,0.458545135845749,0.706690561529271,0.607896528250511,0.529103172620535,1,
0.426898570690546,0.525503943908852,0.612504978096376,0.505786249149081,0.467399450412191,1,
0.384019287067333,0.394040315512708,0.802270011947431,0.174948944860449,0.467399450412191,1,
0.311003960737042,0.300438212094654,0.529271206690561,0.503744043567052,0.32075943042718,1,
0.385396934733942,0.352147239263804,0.714854639585822,0.623099614250057,0.705720709467899,1,
0.335801618736008,0.381419807186678,0.480286738351254,0.756523712275925,0.32075943042718,1,
0.34871706561047,0.36669588080631,0.509557945041816,0.670297254368051,0.151636272795403,1,
0.474083003271913,0.333041191936897,0.746714456391876,0.697980485591105,0.161878591056707,1,
0.47511623902187,0.619807186678352,0.555555555555556,0.276832312230542,0.284536597551836,1,
0.317031169278457,0.330762489044698,0.563719633612107,0.546630360789653,0.32075943042718,1,
0.410366798691235,0.0429447852760736,0.66726403823178,0.160653505786249,0.234074444166875,1,
0.324436025486482,0.355652936021034,0.534050179211469,0.780349444066258,0.32075943042718,1,
0.36214913035991,0.412445223488168,0.60294703305456,0.769230769230769,0.701723707219585,1,
0.360943688651627,0.342857142857143,0.666666666666667,0.809167233945995,0.32075943042718,1,
0.429481660065438,0.476599474145486,0.570888092393469,0.216019968232358,0.162628028978266,1,
0.427242982607198,0.45170902716915,0.520908004778972,0.445654640344906,0.524606545091182,1,
0.321852936111589,0.360385626643295,0.59378733572282,0.802132970274563,0.129902573070197,1,
0.333390735319442,0.367922874671341,0.797889287136599,0.220785114590424,0.411941044216837,1,
0.31375925607026,0.359509202453988,0.611907606531262,0.651917404129794,0.196852360729453,1,
0.482521095229895,0.385801928133217,0.704301075268817,0.504197867029725,0.25630776917312,1,
0.386257964525573,0.32182296231376,0.658701712465153,0.660993873383254,0.759680239820135,1,
0.399173411400034,0.475372480280456,0.715452011150936,0.662355343771273,0.2305770671996,1,
0.375236783192698,0.295179666958808,0.739545997610514,0.90764692534604,0.151636272795403,1,
0.370587222317892,0.365644171779141,0.467144563918757,0.603131381892444,0.566075443417437,1,
0.437230928190115,0.460823838737949,0.656113102349661,0.266167460857726,0.285785660754434,1,
0.539865679352506,0.67239263803681,0.579450418160096,0.310642160199682,0.293030227329503,1,
0.453934906147753,0.645749342681858,0.685981680605336,0.476514635806671,0.277292030976767,1,
0.339934561735836,0.365819456617003,0.54958183990442,0.267075107783072,0.32075943042718,1,
0.516445669020148,0.448028045574058,0.546395858223815,0.496709779895621,0.703722208343742,1,
0.339590149819184,0.324978089395267,0.526483472720032,0.627637848876787,0.593554833874594,1,
0.493370070604443,0.390885188431201,0.693747510951812,0.505786249149081,0.254808893330003,1,
0.219390390907525,0.102716914986854,0.571286340103544,0.238484229634672,0.240819385460904,1,
0.322369553986568,0.367221735319895,0.542015133412983,0.54617653732698,0.259055708218836,1,
0.35767177544343,0.373006134969325,0.839107925129431,0.190152030859995,0.194354234324257,1,
0.318753228861719,0.345135845749343,0.65252887295898,0.649421375085092,0.141893579815139,1,
0.349405889443775,0.372830850131464,0.520708880923935,0.575901974132063,0.538845865600799,1,
0.372825899776132,0.441717791411043,0.648347272003186,0.710460630814613,0.148888333749688,1,
0.365593249526434,0.451884312007011,0.729390681003584,0.233038348082596,0.189857606794904,1,
