540,5,2,
0.385052522817289,0.806310254163015,0.242731979291119,0.289085545722714,0.231826130402198,0,
0.306182193903909,0.294478527607362,0.447431302270012,0.715906512366689,0.107669248063952,0,
0.619597038057517,0.346713409290096,0.39426523297491,0.404810528704334,0.289782663002748,0,
0.517306698811779,0.658545135845749,0.522700119474313,0.504651690492399,0.272295778166375,0,
0.55398656793525,0.440490797546012,0.451413779370769,0.415021556614477,0.27579315513365,0,
0.331152057861202,0.301840490797546,0.442453205894066,0.632856818697527,0.666999750187359,0,
0.332185293611159,0.427519719544259,0.759259259259259,0.599727705922396,0.32075943042718,0,
0.407267091441364,0.753549517966696,0.275786539227399,0.416836850465169,0.289283037721709,0,
0.485965214396418,0.676424189307625,0.291716447630426,0.322895393691854,0.388708468648514,0,
0.352333390735319,0.546187554776512,0.488251692552768,0.419559791241207,0.354983762178366,0,
0.370759428276218,0.333742331288344,0.635802469135802,0.786022237349671,0.181613789657757,0,
0.276046151196831,0.414373356704645,0.640979689366786,0.215339233038348,0.244066949787659,0,
0.50111933872912,0.653111305872042,0.264834727200319,0.424098025867937,0.283287534349238,0,
0.56431892543482,0.517616126205083,0.518319394663481,0.44928522804629,0.419185610791906,0,
0.489409333562941,0.559859772129711,0.293110314615691,0.322214658497844,0.293280039970022,0,
0.728431203719649,0.195617879053462,0.405416168857029,0.393238030406172,0.306270297277042,0,
0.685896332013088,0.197546012269939,0.381322182397451,0.374858180167915,0.304021983512366,0,
0.42448768727398,0.726029798422436,0.258462763839108,0.542772861356932,0.24981264051961,0,
0.366282073359738,0.0494303242769501,0.14615690959777,0.257998638529612,0.249313015238571,0,
0.568451868434648,0.546362839614373,0.303663878932696,0.329929657363286,0.302523107669248,0,
0.427415188565524,0.678878177037686,0.668857029072083,0.261175402768323,0.32075943042718,0,
0.344584122610642,0.651358457493427,0.492035045798487,0.303154073065577,0.380214838870847,0,
0.274840709488548,0.329184925503944,0.632218239745121,0.799410029498525,0.111916062952785,0,
0.368176338901326,0.811568799298861,0.281162883313421,0.316541865214432,0.279290532100924,0,
0.459101084897537,0.63330411919369,0.304659498207885,0.324937599273882,0.291781164126905,0,
0.381608403650766,0.497107800175285,0.801075268817204,0.53641933287951,0.201348988258806,0,
0.489581539521267,0.557756354075373,0.273596176821983,0.321760835035171,0.294279290532101,0,
0.313587050111934,0.343908851884312,0.479291119076065,0.706830043113229,0.32075943042718,0,
0.320647494403306,0.434706397896582,0.678016726403823,0.20285908781484,0.32075943042718,0,
0.311348372653694,0.2988606485539,0.448227797690163,0.616065350578625,0.644766425181114,0,
0.788186671258825,0.323751095530237,0.33731581043409,0.388245972316769,0.306520109917562,0,
0.338556914069227,0.785626643295355,0.26742333731581,0.457227138643068,0.576067949038221,0,
0.271224384363699,0.454163014899211,0.652329749103943,0.489221692761516,0.32075943042718,0,
0.509385224728776,0.541279579316389,0.452608522500996,0.286362604946676,0.720209842618036,0,
0.356638539693473,0.401051709027169,0.866985264834727,0.199001588382119,0.226080439670247,0,
0.461167556397451,0.502366345311131,0.475906013540422,0.318357159065124,0.355983012740445,0,
0.486481832271397,0.515863277826468,0.290720828355237,0.327433628318584,0.32075943042718,0,
0.396418116066816,0.626993865030675,0.254878534448427,0.313592012707057,0.290532100924307,0,
0.310487342862063,0.313058720420684,0.559338908801274,0.358747447243022,0.32075943042718,0,
0.798174616841743,0.413146362839614,0.508761449621665,0.325391422736555,0.302023482388209,0,
0.251592905114517,0.7954425942156,0.226802070888092,0.288177898797368,0.278541094179365,0,
0.324263819528156,0.34478527607362,0.505774591796097,0.790560471976401,0.136397701723707,0,
0.353366626485276,0.553023663453111,0.287933094384707,0.321307011572498,0.32075943042718,0,
0.357327363526778,0.595092024539877,0.484866587017125,0.429316995688677,0.28853359980015,0,
0.384708110900637,0.654688869412796,0.268219832735962,0.437031994554118,0.592305770671996,0,
0.45496814189771,0.562138475021911,0.597769812823576,0.521896982073973,0.501873594803897,0,
0.602376442224901,0.557055214723926,0.308243727598566,0.330610392557295,0.361478890831876,0,
0.334251765111073,0.32410166520596,0.477698128235763,0.275243930111187,0.564826380214839,0,
0.38367487515068,0.773707274320771,0.230784547988849,0.292943045155435,0.274294279290532,0,
0.342517651110728,0.449079754601227,0.867980884109916,0.208758792829589,0.231326505121159,0,
0.570346133976236,0.639263803680982,0.286340103544405,0.408668028137055,0.361478890831876,0,
0.372653693817806,0.546713409290096,0.796296296296296,0.241434082142047,0.239070696977267,0,
0.817978302049251,0.303067484662577,0.613102349661489,0.291127751304742,0.292030976767424,0,
0.331324263819528,0.420508326029798,0.819792911190761,0.190832766054005,0.206844866350237,0,
0.397451351816773,0.728483786152498,0.275985663082437,0.41479464488314,0.267549337996503,0,
0.338729120027553,0.465907099035933,0.935483870967742,0.152030859995462,0.32075943042718,0,
0.351816772860341,0.531989482909728,0.482875348466746,0.41547538007715,0.355233574818886,0,
0.348544859652144,0.456266432953549,0.472520908004779,0.444520081688223,0.41693729702723,0,
0.393835026691924,0.667484662576687,0.708084428514536,0.247560698888133,0.267049712715463,0,
0.356121921818495,0.388431200701139,0.802270011947431,0.609484910369866,0.428678491131651,0,
0.543482004477355,0.715512708150745,0.280167264038232,0.428863172226004,0.420184861353984,0,
0.690029275012915,0.582296231375986,0.307447232178415,0.326072157930565,0.299025730701974,0,
0.309798519028758,0.315337423312883,0.574870569494225,0.811663262990697,0.125655758181364,0,
0.854830377131049,0.178965819456617,0.336121067303863,0.38166553210801,0.334748938296278,0,
0.32942999827794,0.420333041191937,0.761847869374751,0.220558202859088,0.263552335748189,0,
0.548992595143792,0.577914110429448,0.465551573078455,0.628999319264806,0.238571071696228,0,
0.314792491820217,0.291849255039439,0.426722421346077,0.535057862491491,0.773919560329753,0,
0.522817289478216,0.418580192813322,0.609518120270808,0.610619469026549,0.491381463902073,0,
0.895470983296022,0.490972830850131,0.326762246117085,0.348536419332879,0.312765425930552,0,
0.365248837609781,0.638913234005259,0.582238152130625,0.482641252552757,0.257806645016238,0,
0.537627001894265,0.632252410166521,0.252688172043011,0.311095983662355,0.349238071446415,0,
0.765283278801446,0.193339176161262,0.39705296694544,0.380984796914,0.339245565825631,0,
0.313242638195282,0.284837861524978,0.487853444842692,0.704107102337191,0.554084436672496,0,
0.50111933872912,0.646976336546889,0.298088410991637,0.323576128885863,0.379465400949288,0,
0.317719993111762,0.29079754601227,0.455993628036639,0.178579532561833,0.32075943042718,0,
0.3159979335285,0.338825591586328,0.630426125049781,0.876106194690266,0.32075943042718,0,
0.361115894609953,0.706397896581946,0.24352847471127,0.443158611300204,0.32075943042718,0,
0.443602548648183,0.800701139351446,0.247510951812027,0.48377581120944,0.402448163877092,0,
0.265541587738936,0.470289219982471,0.818797291915571,0.189698207397322,0.32075943042718,0,
0.701567074220768,0.41384750219106,0.413978494623656,0.40117994100295,0.370721958531102,0,
0.556569657310143,0.479929886064855,0.45400238948626,0.422282732017245,0.28203847114664,0,
0.391424143275357,0.393865030674847,0.704101951413779,0.5357385976855,0.44241818636023,0,
0.4200103323575,0.560385626643295,0.299283154121864,0.325164511005219,0.299775168623532,0,
0.338901325985879,0.512883435582822,0.504778972520908,0.422282732017245,0.293280039970022,0,
0.315309109695195,0.287992988606486,0.460971724412585,0.158384388472884,0.32075943042718,0,
0.333218529361116,0.324978089395267,0.438868976503385,0.568640798729294,0.55783162628029,0,
0.659721026347512,0.450832602979842,0.45221027479092,0.460857726344452,0.484636522608044,0,
0.377819872567591,0.541630148992112,0.610911987256073,0.461765373269798,0.367724206844866,0,
0.850008610297916,0.336196319018405,0.333532457188371,0.343090537780803,0.306520109917562,0,
0.746857241260548,0.317090271691499,0.398645957785743,0.388926707510778,0.308268798401199,0,
0.333907353194421,0.324452234881683,0.476702508960573,0.266394372589063,0.0594554084436672,0,
0.342345445152402,0.741104294478528,0.276583034647551,0.41547538007715,0.361728703472396,0,
0.333562941277768,0.409465381244522,0.873755475906013,0.166326299069662,0.47414439170622,0,
0.314792491820217,0.300788781770377,0.465750696933493,0.596777853415022,0.32075943042718,0,
0.340795591527467,0.561963190184049,0.73257666268419,0.223281143635126,0.32075943042718,0,
0.375064577234372,0.603155127081507,0.271804062126643,0.315407306557749,0.291781164126905,0,
0.328224556569657,0.338650306748466,0.513739545997611,0.793964147946449,0.195353484886335,0,
0.478904770105046,0.546538124452235,0.309836718438869,0.33356024506467,0.346490132400699,0,
0.648355433097985,0.323575810692375,0.34010354440462,0.390515089630134,0.301773669747689,0,
0.330635439986223,0.465205959684487,0.617283950617284,0.273428636260495,0.261803647264552,0,
0.333735147236094,0.550043821209465,0.498805256869773,0.417063762196506,0.350487134649013,0,
0.731014293094541,0.287992988606486,0.342493030665074,0.378488767869299,0.336247814139395,0,
0.336834854485965,0.602629272567923,0.596575069693349,0.238030406171999,0.259805146140395,0,
1,0.339000876424189,0.341696535244922,0.348082595870207,0.312515613290032,0,
0.874978474255209,0.331814198071867,0.406810035842294,0.404583616972998,0.461903572320759,0,
0.395557086275185,0.763365468886941,0.278574273197929,0.427274790106649,0.554833874594054,0,
0.368865162734631,0.403680981595092,0.783751493428913,0.238030406171999,0.22408193854609,0,
0.464267263647322,0.644171779141104,0.281362007168459,0.312911277513047,0.32075943042718,0,
0.6951954537627,0.353549517966696,0.422540820390283,0.409348763331064,0.222583062702973,0,
0.923023936628207,0.306748466257669,0.434090003982477,0.440889493986839,0.293280039970022,0,
0.661443085930773,0.51375985977213,0.571087216248507,0.292489221692761,0.287284536597552,0,
0.362321336318237,0.441717791411043,0.730983671843887,0.586793737236215,0.32075943042718,0,
0.889788186671259,0.176687116564417,0.444245320589407,0.450646698434309,0.293030227329503,0,
0.344411916652316,0.477300613496932,0.693747510951812,0.254594962559564,0.267299525355983,0,
0.358360599276735,0.406836108676599,0.753285543608124,0.627184025414114,0.482638021483887,0,
0.329774410194593,0.597370727432077,0.277777777777778,0.423871114136601,0.27554334249313,0,
0.656449113139315,0.469938650306748,0.326363998407009,0.336737009303381,0.33999500374719,0,
0.708455312553814,0.448378615249781,0.307048984468339,0.388472884048105,0.390207344491631,0,
0.341484415360771,0.453637160385627,0.912982875348467,0.18402541411391,0.32075943042718,0,
0.371964869984501,0.571779141104295,0.600756670649144,0.496482868164284,0.267799150637022,0,
0.347856035818839,0.55284837861525,0.479888490641179,0.41093714545042,0.287534349238071,0,
0.585500258308937,0.376862401402279,0.281561131023497,0.773995915588836,0.210592055958031,0,
0.371448252109523,0.75863277826468,0.277379530067702,0.315861130020422,0.279290532100924,0,
0.424143275357327,0.788606485539001,0.275189167662286,0.314726571363739,0.287034723957032,0,
0.338901325985879,0.466257668711656,0.938470728793309,0.189017472203313,0.32075943042718,0,
0.45806784914758,0.357405784399649,0.33452807646356,0.379396414794645,0.305520859355483,0,
0.470466678147064,0.668361086765995,0.265232974910394,0.422282732017245,0.472395703222583,0,
0.376442224900982,0.663453111305872,0.272799681401832,0.312911277513047,0.32075943042718,0,
0.324091613569829,0.396143733567046,0.843687773795301,0.577717267982755,0.218336247814139,0,
0.765455484759773,0.356879929886065,0.440063719633612,0.450873610165646,0.28853359980015,0,
0.353366626485276,0.435933391761613,0.689167662285942,0.499659632402995,0.187109667749188,0,
0.456517995522645,0.656266432953549,0.28494623655914,0.458134785568414,0.5515863102673,0,
0.342345445152402,0.571078001752848,0.744524093986459,0.218515997277059,0.32075943042718,0,
0.354055450318581,0.496056091148116,0.616089207487057,0.268890401633764,0.272545590806895,0,
0.338384708110901,0.376161262050833,0.864994026284349,0.216473791695031,0.235823132650512,0,
0.33166867573618,0.550920245398773,0.287136598964556,0.432947583390061,0.291031726205346,0,
0.275701739280179,0.431901840490798,0.876742333731581,0.194463353755389,0.32075943042718,0,
0.32271396590322,0.341104294478528,0.65531660692951,0.645110052189698,0.32075943042718,0,
0.7992078525917,0.347765118317266,0.660294703305456,0.283639664170638,0.290032475643268,0,
0.340795591527467,0.406134969325153,0.871764237355635,0.191286589516678,0.32075943042718,0,
0.33976235577751,0.586327782646801,0.71505376344086,0.51690492398457,0.32075943042718,0,
0.459273290855864,0.703943908851884,0.280764635603345,0.282278193782619,0.523857107169623,0,
0.33304632340279,0.547063978965819,0.783751493428913,0.188790560471976,0.249562827879091,0,
0.680902359221629,0.493952673093777,0.541218637992832,0.500340367597005,0.274544091931052,0,
0.565696573101429,0.303943908851884,0.40900039824771,0.340367597004765,0.308518611041719,0,
0.30928190115378,0.292900964066608,0.425925925925926,0.466757431359201,0.203597302023482,0,
0.266574823488893,0.439789658194566,0.778176025487853,0.133877921488541,0.32075943042718,0,
0.83416566213191,0.185626643295355,0.395659099960175,0.385976855003404,0.292280789407944,0,
0.453418288272774,0.783347940403155,0.246515332536838,0.48241434082142,0.409193105171122,0,
0.600309970724987,0.498510078878177,0.441457586618877,0.400045382346267,0.289532850362228,0,
0.318064405028414,0.332340052585451,0.508761449621665,0.863399137735421,0.161129153135149,0,
0.659548820389185,0.454513584574934,0.44942254082039,0.468572725209893,0.511616287784162,0,
0.922679524711555,0.182646801051709,0.39426523297491,0.340140685273429,0.297776667499375,0,
0.368348544859652,0.584049079754601,0.821784149741139,0.188109825277967,0.32075943042718,0,
0.393662820733597,0.632778264680105,0.629828753484667,0.275470841842523,0.278790906819885,0,
0.385741346650594,0.721121822962314,0.230187176423736,0.303834808259587,0.281538845865601,0,
0.358360599276735,0.591060473269062,0.302070888092393,0.321760835035171,0.298026480139895,0,
0.355260892026864,0.302716914986854,0.531859816806053,0.793056501021103,0.165126155383462,0,
0.313414844153608,0.299211218229623,0.445240939864596,0.584978443385523,0.32075943042718,0,
0.794902703633546,0.327081507449606,0.337913181999204,0.387111413660086,0.305770671996003,0,
0.33528500086103,0.345661700262927,0.521704500199124,0.748808713410483,0.564826380214839,0,
0.366282073359738,0.503067484662577,0.477698128235763,0.314953483095076,0.290032475643268,0,
0.768210780092991,0.429798422436459,0.621266427718041,0.309961425005673,0.296527604296777,0,
0.341484415360771,0.469062226117441,0.469534050179211,0.312684365781711,0.291031726205346,0,
0.333562941277768,0.41034180543383,0.825169255276782,0.166099387338325,0.32075943042718,0,
0.544343034268986,0.505170902716915,0.439466348068499,0.420240526435217,0.357981513864602,0,
0.181677286034097,0.543032427695004,0.284747112704102,0.314499659632403,0.289782663002748,0,
0.447735491648011,0.473093777388256,0.428116288331342,0.336056274109371,0.304021983512366,0,
0.419321508524195,0.784750219106047,0.215651135005974,0.467211254821874,0.368223832125906,0,
0.316858963320131,0.297283085013146,0.453205894066109,0.818243703199455,0.0911816137896578,0,
0.318064405028414,0.283260297984224,0.439466348068499,0.569321533923304,0.719210592055958,0,
0.630790425348717,0.526555652936021,0.29689366786141,0.334014068527343,0.34624031976018,0,
0.45135181677286,0.385451358457493,0.327558741537236,0.340140685273429,0.302023482388209,0,
0.480454623729981,0.578439964943032,0.28036638789327,0.401633764465623,0.292780414688983,0,
0.339934561735836,0.588080631025416,0.560533651931501,0.450873610165646,0.32075943042718,0,
0.350439125193732,0.417703768624014,0.748506571087216,0.55525300658044,0.254808893330003,0,
0.467883588772171,0.416652059596845,0.413978494623656,0.404583616972998,0.298526105420934,0,
0.807645944549681,0.286765994741455,0.332337714058144,0.319945541184479,0.28828378715963,0,
0.320303082486654,0.411744084136722,0.747909199522103,0.216927615157704,0.255558331251561,0,
0.464267263647322,0.438387379491674,0.517921146953405,0.432266848196052,0.376467649263053,0,
0.880661270879972,0.179842243645925,0.390083632019116,0.341955979124121,0.30751936047964,0,
0.40743929739969,0.544960560911481,0.289326961369972,0.327660540049921,0.30102423182613,0,
0.315825727570174,0.346713409290096,0.668857029072083,0.839800317676424,0.32075943042718,0,
0.70552781126227,0.305521472392638,0.412783751493429,0.341048332198775,0.33949537846615,0,
0.726364732219735,0.3954425942156,0.452608522500996,0.570002269117313,0.430427179615289,0,
0.356638539693473,0.658194566170026,0.524093986459578,0.439754935330157,0.37172120909318,0,
0.547787153435509,0.495880806310254,0.467941059338909,0.452461992285001,0.273295028728454,0,
0.434820044773549,0.573356704645048,0.294902429311031,0.39664170637622,0.32075943042718,0,
0.319614258653349,0.331463628396144,0.631819992035046,0.776718856364874,0.32075943042718,0,
0.338556914069227,0.41489921121823,0.912783751493429,0.16972997503971,0.483387459405446,0,
0.483554330979852,0.439789658194566,0.432696136997212,0.3380984796914,0.33999500374719,0,
0.39400723265025,0.683786152497809,0.657706093189964,0.26525981393238,0.273794654009493,0,
0.429826071982091,0.465907099035933,0.298287534846675,0.335829362378035,0.305271046714964,0,
0.413122094024453,0.539702015775635,0.611708482676225,0.281370546857273,0.32075943042718,0,
0.643878078181505,0.382471516213848,0.396057347670251,0.38688450192875,0.34624031976018,0,
0.324780437403134,0.427519719544259,0.542214257268021,0.655774903562514,0.197102173369973,0,
0.351816772860341,0.52182296231376,0.813620071684588,0.219877467665078,0.32075943042718,0,
0.614603065266058,0.374583698510079,0.404022301871764,0.393464942137508,0.346989757681739,0,
0.691234716721199,0.350744960560911,0.344882516925528,0.345359655094168,0.332750437172121,0,
0.556914069226795,0.486765994741455,0.470131421744325,0.73927842069435,0.221833624781414,0,
0.499052867229206,0.628396143733567,0.497013142174432,0.253914227365555,0.517112165875593,0,
0.41415532977441,0.548115687992989,0.286140979689367,0.324256864079873,0.299275543342493,0,
0.34423971069399,0.388781770376862,0.735563520509757,0.243022464261402,0.32075943042718,0,
0.672119855346995,0.452059596844873,0.454798884906412,0.458134785568414,0.262303272545591,0,
0.338212502152574,0.33444347063979,0.530266825965751,0.228273201724529,0.812140894329253,0,
0.449974169106251,0.710780017528484,0.284547988849064,0.470388019060585,0.492130901823632,0,
0.4535904942311,0.761612620508326,0.266626841895659,0.411617880644429,0.465900574569073,0,
0.620974685724126,0.171779141104294,0.393667861409797,0.338325391422737,0.338496127904072,0,
0.576028930600999,0.332690622261174,0.816009557945042,0.227138643067847,0.265550836872346,0,
0.838987428965042,0.368273444347064,0.321784149741139,0.337871567960064,0.306769922558081,0,
0.394868262441881,0.636985100788782,0.488849064117881,0.444520081688223,0.32075943042718,0,
0.816428448424315,0.310780017528484,0.338709677419355,0.378942591331972,0.33999500374719,0,
0.34423971069399,0.496056091148116,0.909398645957786,0.215339233038348,0.32075943042718,0,
0.84088169450663,0.186503067484663,0.343289526085225,0.343998184706149,0.334998750936797,0,
0.340623385569141,0.398948290972831,0.882516925527678,0.209893351486272,0.242068448663502,0,
0.388496641983813,0.768799298860649,0.608721624850657,0.497163603358294,0.261304021983512,0,
0.48097124160496,0.515162138475022,0.290123456790123,0.4785568413887,0.4484136897327,0,
0.339934561735836,0.386853637160386,0.737953006770211,0.667574313592013,0.207594304271796,0,
0.750301360427071,0.309903593339176,0.34010354440462,0.340594508736102,0.337247064701474,0,
0.500602720854141,0.508851884312007,0.309637594583831,0.435216700703426,0.662003497376967,0,
0.437575340106768,0.535144609991236,0.463361210673039,0.428182437031995,0.24356732450662,0,
0.483726536938178,0.722699386503068,0.27479091995221,0.313592012707057,0.390207344491631,0,
0.364387807818151,0.302541630148992,0.548785344484269,0.610165645563876,0.514364226829878,0,
0.373859135526089,0.456792287467134,0.776383910792513,0.227365554799183,0.226330252310767,0,
0.325297055278113,0.326029798422436,0.484866587017125,0.802132970274563,0.567324506620035,0,
0.328224556569657,0.465381244522349,0.641776184786937,0.266621284320399,0.32075943042718,0,
0.474599621146892,0.559684487291849,0.296296296296296,0.406625822555026,0.354234324256807,0,
0.387980024108834,0.744960560911481,0.277976901632816,0.309961425005673,0.368223832125906,0,
0.367659721026347,0.662751971954426,0.567702110712863,0.473791695030633,0.247064701473895,0,
0.462372998105734,0.426117440841367,0.717443249701314,0.512820512820513,0.251561329003248,0,
0.30704322369554,0.282033304119194,0.412385503783353,0.4499659632403,0.32075943042718,0,
0.353366626485276,0.584925503943909,0.484667463162087,0.429997730882687,0.287034723957032,0,
0.678319269846737,0.191060473269062,0.445838311429709,0.710233719083277,0.207594304271796,0,
0.6096090924746,0.188080631025416,0.41178813221824,0.393464942137508,0.295528353734699,0,
0.512140520061994,0.54022787028922,0.312425328554361,0.33356024506467,0.346490132400699,0,
0.348889271568796,0.521121822962314,0.797092791716448,0.22759246653052,0.24981264051961,0,
0.341312209402445,0.537423312883436,0.527279968140183,0.433401406852734,0.360979265550837,0,
0.328913380402962,0.442068361086766,0.74173636001593,0.232357612888586,0.32075943042718,0,
0.559152746685035,0.43908851884312,0.319593787335723,0.387792148854096,0.338496127904072,0,
0.367143103151369,0.420333041191937,0.826363998407009,0.224415702291808,0.242568073944542,0,
0.384019287067333,0.565644171779141,0.78494623655914,0.251191286589517,0.246315263552336,0,
0.404684002066471,0.812445223488168,0.269812823576264,0.29906966190152,0.470647014738946,0,
0.493370070604443,0.660473269062226,0.268418956591,0.442024052643522,0.409442917811641,0,
0.330291028069571,0.421034180543383,0.896057347670251,0.143635125936011,0.32075943042718,0,
0.773721370759428,0.282559158632778,0.618478693747511,0.287497163603358,0.394953784661504,0,
0.367659721026347,0.654688869412796,0.657108721624851,0.517812570909916,0.32075943042718,0,
0.387463406233856,0.537598597721297,0.53305455993628,0.443385523031541,0.368223832125906,0,
0.366798691234717,0.337248028045574,0.566109119872561,0.908781484002723,0.13439920059955,0,
0.334079559152747,0.557055214723926,0.494225408203903,0.423644202405264,0.293280039970022,0,
0.694162218012743,0.346713409290096,0.341696535244922,0.387792148854096,0.30776917312016,0,
0.379714138109179,0.700438212094654,0.261449621664675,0.291581574767415,0.32075943042718,0,
0.45496814189771,0.401928133216477,0.320390282755874,0.383027002496029,0.349737696727454,0,
0.458412261064233,0.584224364592463,0.286140979689367,0.319491717721806,0.293030227329503,0,
0.368004132943,0.330937773882559,0.624651533253684,0.769684592693442,0.192855358481139,0,
0.643361460306527,0.464855390008764,0.465153325368379,0.443385523031541,0.287034723957032,0,
0.492853452729464,0.361963190184049,0.411389884508164,0.405945087361017,0.298775918061454,0,
0.887549509213019,0.342156003505697,0.557745917960972,0.305423190378943,0.298276292780415,0,
0.871189943172034,0.190359333917616,0.401831939466348,0.339459950079419,0.341993504871347,0,
0.325297055278113,0.462927256792287,0.593189964157706,0.252325845246199,0.32075943042718,0,
0.340795591527467,0.405258545135846,0.68837116686579,0.533469480372135,0.223832125905571,0,
0.681074565179955,0.428396143733567,0.445440063719634,0.460403902881779,0.25655758181364,0,
0.653004993972791,0.43908851884312,0.426324173636002,0.413660086226458,0.304021983512366,0,
0.352161184776993,0.531989482909728,0.475906013540422,0.414567733151804,0.355233574818886,0,
0.35319442052695,0.339000876424189,0.876344086021505,0.544588155207624,0.408943292530602,0,
0.581195109350783,0.541805433829974,0.635005973715651,0.304742455184933,0.291531351486385,0,
0.377475460650939,0.689044697633655,0.244723217841497,0.42977081915135,0.284036972270797,0,
0.340278973652488,0.426643295354952,0.806849860613301,0.626503290220104,0.32075943042718,0,
0.509213018770449,0.62524101665206,0.285145360414178,0.411617880644429,0.261553834624032,0,
0.518684346478388,0.686765994741455,0.537037037037037,0.479918311776719,0.277042218336248,0,
0.323574995694851,0.424539877300613,0.728195937873357,0.242114817336056,0.32075943042718,0,
0.392457379025314,0.804382120946538,0.221823974512147,0.294077603812117,0.268048963277542,0,
0.266919235405545,0.484312007011393,0.842891278375149,0.210574086680281,0.32075943042718,0,
0.348544859652144,0.425591586327783,0.867980884109916,0.629226230996142,0.219335498376218,0,
0.400551059066644,0.638737949167397,0.515531660692951,0.452008168822328,0.244566575068699,0,
0.385396934733942,0.419106047326906,0.664874551971326,0.288631722260041,0.367474394204347,0,
0.433270191148614,0.382471516213848,0.402230187176424,0.377808032675289,0.341993504871347,0,
0.363871189943172,0.552322524101665,0.582039028275587,0.457227138643068,0.255308518611042,0,
0.361976924401584,0.591411042944785,0.298088410991637,0.319037894259133,0.297776667499375,0,
0.469261236438781,0.65398773006135,0.262445240939865,0.417517585659179,0.42942792905321,0,
0.348028241777165,0.647677475898335,0.252090800477897,0.291354663036079,0.254808893330003,0,
0.562252453934906,0.646099912357581,0.290720828355237,0.323349217154527,0.356982263302523,0,
0.640433959014982,0.388080631025416,0.434488251692553,0.429543907420014,0.575318511116662,0,
0.363698983984846,0.425416301489921,0.757068896853843,0.237803494440663,0.260554584061954,0,
0.496297571895988,0.643470639789658,0.280565511748307,0.318357159065124,0.291031726205346,0,
0.275185121405201,0.353900087642419,0.678614097968937,0.630360789652825,0.32075943042718,0,
0.461856380230756,0.607011393514461,0.282755874153724,0.324483775811209,0.294529103172621,0,
0.308420871362149,0.295705521472393,0.461967343687774,0.110732924892217,0.32075943042718,0,
0.570173928017909,0.61384750219106,0.584826762246117,0.48309507601543,0.282538096427679,0,
0.339073531944205,0.428396143733567,0.89247311827957,0.206489675516224,0.238820884336747,0,
0.343895298777338,0.307624890446976,0.699123855037833,0.597912412071704,0.600549587809143,0,
0.820561391424143,0.342857142857143,0.433691756272401,0.339459950079419,0.305271046714964,0,
0.589288789392113,0.323225241016652,0.821983273596177,0.225777172679828,0.266300274793905,0,
0.389702083692096,0.685363716038563,0.285941855834329,0.320172452915816,0.289782663002748,0,
0.310659548820389,0.31954425942156,0.587216248506571,0.267755842977082,0.228078940794404,0,
0.358877217151713,0.554250657318142,0.512544802867383,0.434535965509417,0.280539595303522,0,
0.271052178405373,0.442944785276074,0.663281561131023,0.235080553664624,0.32075943042718,0,
0.732736352677803,0.190184049079755,0.404619673436878,0.401406852734286,0.297027229577817,0,
0.788703289133804,0.29079754601227,0.402031063321386,0.377808032675289,0.347739195603298,0,
0.355088686068538,0.731814198071867,0.243329350856233,0.468345813478557,0.494129402947789,0,
0.308937489237128,0.299561787905346,0.41636798088411,0.252325845246199,0.577816637521859,0,
0.308248665403823,0.289395267309378,0.419952210274791,0.464942137508509,0.223082687984012,0,
0.424315481315654,0.675021910604733,0.545201115093588,0.286135693215339,0.276042967774169,0,
0.333735147236094,0.402103418054338,0.295698924731183,0.275243930111187,0.425930552085936,0,
0.304976752195626,0.287291849255039,0.466746316208682,0.45836169729975,0.426180364726455,0,
0.33304632340279,0.382296231375986,0.8805256869773,0.194236442024053,0.457906570072446,0,
0.316686757361805,0.496231375985977,0.654121863799283,0.184933061039256,0.32075943042718,0,
0.335973824694334,0.421910604732691,0.776981282357626,0.241434082142047,0.255308518611042,0,
0.842431548131565,0.350920245398773,0.524890481879729,0.312911277513047,0.300024981264052,0,
0.389874289650422,0.77475898334794,0.604141776184787,0.501701837985024,0.261553834624032,0,
0.362321336318237,0.457668711656442,0.529669454400637,0.460403902881779,0.287034723957032,0,
0.460134320647494,0.496406660823839,0.316806053365193,0.335829362378035,0.34599050711966,0,
0.34647838815223,0.607011393514461,0.296296296296296,0.316995688677105,0.293779665251062,0,
0.403134148441536,0.580192813321648,0.53126244524094,0.304742455184933,0.290032475643268,0,
0.323747201653177,0.322173531989483,0.612704101951414,0.684592693442251,0.0691981014239321,0,
0.380402961942483,0.302541630148992,0.49542015133413,0.323349217154527,0.32075943042718,0,
0.673325297055278,0.55512708150745,0.440063719633612,0.57476741547538,0.259555333499875,0,
0.743757534010677,0.382120946538124,0.330943847072879,0.379396414794645,0.308768423682238,0,
0.741518856552437,0.449605609114812,0.437275985663082,0.55593374177445,0.268298775918061,0,
0.342517651110728,0.458720420683611,0.915372361608921,0.180848649875199,0.236572570572071,0,
0.550370242810401,0.606134969325153,0.292114695340502,0.291354663036079,0.507119660254809,0,
0.40967797485793,0.667659947414549,0.249502190362405,0.309280689811663,0.292030976767424,0,
0.338384708110901,0.526730937773883,0.523496614894464,0.432266848196052,0.360229827629278,0,
0.363871189943172,0.37125328659071,0.166865790521705,0.0742001361470388,0.202598051461404,0,
0.507490959187188,0.448729184925504,0.802867383512545,0.252552756977536,0.275043717212091,0,
0.560530394351645,0.593163891323401,0.27937076861808,0.423644202405264,0.532600549587809,0,
0.31152057861202,0.336546888694128,0.61031461569096,0.612434762877241,0.209342992755433,0,
0.408989151024625,0.743558282208589,0.561330147351653,0.452461992285001,0.276542593055209,0,
0.338901325985879,0.611919368974584,0.560334528076464,0.501701837985024,0.32075943042718,0,
0.304632340278974,0.279754601226994,0.43010752688172,0.570002269117313,0.713215088683487,0,
0.564835543309799,0.432427695004382,0.331142970927917,0.383707737690039,0.337247064701474,0,
0.317031169278457,0.421735319894829,0.623456790123457,0.281370546857273,0.279290532100924,0,
0.277251592905114,0.330587204206836,0.598765432098765,0.886771046063081,0.0709467899075693,0,
0.646633373514724,0.437510955302366,0.422939068100358,0.412071704107102,0.304271796152885,0,
0.505424487687274,0.582471516213848,0.291517323775388,0.40639891082369,0.355983012740445,0,
0.377992078525917,0.618580192813322,0.287335722819594,0.323349217154527,0.298775918061454,0,
0.46168417427243,0.630148992112182,0.295898048586221,0.401633764465623,0.280539595303522,0,
0.273979679696918,0.420333041191937,0.75089605734767,0.217381438620377,0.223082687984012,0,
0.832271396590322,0.347589833479404,0.399044205495818,0.385296119809394,0.304021983512366,0,
0.404167384191493,0.795617879053462,0.266825965750697,0.308146131154981,0.284286784911317,0,
0.332874117444464,0.430324276950044,0.897650338510554,0.142727479010665,0.32075943042718,0,
0.628551747890477,0.512708150744961,0.461569095977698,0.415929203539823,0.446415188608544,0,
0.554330979851903,0.477125328659071,0.316806053365193,0.388926707510778,0.300524606545091,0,
0.356121921818495,0.530236634531113,0.524293110314616,0.443158611300204,0.32075943042718,0,
0.627174100223868,0.339000876424189,0.390282755874154,0.404810528704334,0.286035473394954,0,
0.669020148097124,0.344259421560035,0.339705296694544,0.38234626730202,0.336497626779915,0,
0.397623557775099,0.541980718667835,0.601553166069295,0.564102564102564,0.631776167874094,0,
0.382986051317376,0.610867659947415,0.749303066507368,0.516451100521897,0.483887084686485,0,
0.857413466505941,0.328483786152498,0.426125049780964,0.463807578851827,0.362228328753435,0,
0.322886171861546,0.38965819456617,0.814018319394663,0.569321533923304,0.32075943042718,0,
0.671258825555364,0.279929886064855,0.465153325368379,0.776718856364874,0.188608543592306,0,
0.363698983984846,0.550744960560911,0.595977698128236,0.474245518493306,0.32075943042718,0,
0.41415532977441,0.654513584574934,0.293707686180804,0.317903335602451,0.289782663002748,0,
0.581539521267436,0.454513584574934,0.46694544006372,0.448150669389607,0.26929802648014,0,
0.888754950921302,0.312708150744961,0.340900039824771,0.34331744951214,0.310267299525356,0,
0.419149302565869,0.727081507449606,0.584826762246117,0.452915815747674,0.276042967774169,0,
0.805062855174789,0.335144609991236,0.337714058144166,0.378261856137962,0.308268798401199,0,
0.363698983984846,0.691849255039439,0.508363201911589,0.484910369866122,0.32075943042718,0,
0.482693301188221,0.370902716914987,0.338510553564317,0.375765827093261,0.306020484636523,0,
0.366626485276391,0.375460122699387,0.607925129430506,0.742455184933061,0.196852360729453,0,
0.338729120027553,0.528308501314636,0.771405814416567,0.215793056501021,0.32075943042718,0,
0.820905803340796,0.306047326906223,0.339705296694544,0.377808032675289,0.307269547839121,0,
0.344756328568968,0.781069237510955,0.251294305057746,0.424324937599274,0.369722707969023,0,
0.419838126399173,0.563540753724803,0.452807646356033,0.417971409121852,0.255558331251561,0,
0.395212674358533,0.755652936021034,0.243727598566308,0.301565690946222,0.277292030976767,0,
0.516273463061822,0.632953549517967,0.298287534846675,0.325391422736555,0.368223832125906,0,
0.849319786464612,0.391411042944785,0.460772600557547,0.444973905150896,0.290532100924307,0,
0.297744101945927,0.199649430324277,0.439267224213461,0.495575221238938,0.32075943042718,0,
0.515756845186844,0.731989482909728,0.281362007168459,0.423190378942591,0.416187859105671,0,
0.380402961942483,0.5977212971078,0.299681401831939,0.401633764465623,0.375468398700974,0,
0.266058205613914,0.520595968448729,0.630824372759857,0.499432720671659,0.413689732700475,0,
0.406406061649733,0.529710780017528,0.560135404221426,0.418652144315861,0.358231326505121,0,
0.684518684346478,0.353549517966696,0.385702907208284,0.382119355570683,0.338745940544592,0,
0.376097812984329,0.694127957931639,0.545599362803664,0.289539369185387,0.361478890831876,0,
0.602032030308249,0.382997370727432,0.425328554360812,0.401633764465623,0.288033974519111,0,
0.325985879111417,0.433654688869413,0.699123855037833,0.240072611754028,0.273794654009493,0,
0.39848458756673,0.530061349693252,0.274990043807248,0.321760835035171,0.294529103172621,0,
0.389185465817117,0.616476774758983,0.632616487455197,0.242568640798729,0.264801398950787,0,
0.303771310487343,0.281507449605609,0.43110314615691,0.221012026321761,0.85236072945291,0,
0.441708283106595,0.43680981595092,0.619872560732776,0.269117313365101,0.265800649512865,0,
0.33304632340279,0.488343558282209,0.770808442851454,0.589289766280917,0.616287784161879,0,
0.340795591527467,0.3954425942156,0.795898048586221,0.611754027683231,0.205845615788159,0,
0.375236783192698,0.621560035056968,0.776383910792513,0.239845700022691,0.259055708218836,0,
0.354744274151886,0.33567046450482,0.519115890083632,0.699341955979124,0.599300524606545,1,
0.488892715687963,0.348641542506573,0.914575866188769,0.221012026321761,0.260304771421434,1,
0.322369553986568,0.315687992988606,0.774591796097172,0.528931245745405,0.145390956782413,1,
0.389185465817117,0.421034180543383,0.545201115093588,0.754481506693896,0.737696727454409,1,
0.3271913208197,0.366520595968449,0.540621266427718,0.640344905831632,0.12790407194604,1,
0.318925434820045,0.324802804557406,0.529271206690561,0.554345359655094,0.569822633025231,1,
0.485104184604787,0.732515337423313,0.523297491039426,0.294304515543454,0.28228828378716,1,
0.324780437403134,0.35512708150745,0.465352449223417,0.539596097118221,0.32075943042718,1,
0.391940761150336,0.329184925503944,0.753285543608124,0.622645790787384,0.71796152885336,1,
0.352850008610298,0.371779141104295,0.824372759856631,0.565917857953256,0.67324506620035,1,
0.346133976235578,0.320595968448729,0.652130625248905,0.698207397322442,0.753934549088184,1,
0.331324263819528,0.330411919368975,0.490043807248108,0.712502836396642,0.32075943042718,1,
0.517478904770105,0.371954425942156,0.704500199123855,0.559337417744497,0.461154134399201,1,
0.327363526778026,0.30692375109553,0.518717642373556,0.812797821647379,0.32075943042718,1,
0.332357499569485,0.363891323400526,0.947033054559936,0.138643067846608,0.449662752935299,1,
0.329085586361288,0.288694127957932,0.481481481481482,0.722033129112775,0.617536847364477,1,
0.327880144653005,0.369149868536372,0.542413381123059,0.666666666666667,0.32075943042718,1,
0.335973824694334,0.401577563540754,0.692751891676623,0.18788291354663,0.646764926305271,1,
0.395729292233511,0.395968448729185,0.798486658701712,0.764238711141366,0.198351236572571,1,
0.322541759944894,0.293777388255916,0.487256073277579,0.717041071023372,0.0422183362478141,1,
0.439297399690029,0.587554776511832,0.542811628833134,0.477649194463354,0.479140644516613,1,
0.340967797485793,0.341104294478528,0.509358821186778,0.571363739505332,0.32075943042718,1,
0.501808162562425,0.549342681858019,0.757268020708881,0.268436578171091,0.280789407944042,1,
0.320303082486654,0.331814198071867,0.104141776184787,0.189017472203313,0.232325755683238,1,
0.457895643189254,0.636108676599474,0.601354042214257,0.442477876106195,0.276792405695728,1,
0.406061649733081,0.498685363716039,0.635404221425727,0.603131381892444,0.608293779665251,1,
0.404339590149819,0.364767747589833,0.746515332536838,0.645790787383708,0.188858356232825,1,
0.348028241777165,0.761963190184049,0.622660294703305,0.51236668935784,0.270547089682738,1,
0.468572412605476,0.319193689745837,0.707487056949422,0.560018152938507,0.259805146140395,1,
0.389874289650422,0.437335670464505,0.711867781760255,0.246653051962786,0.263552335748189,1,
0.345272946443947,0.337598597721297,0.527479091995221,0.794417971409122,0.162128403697227,1,
0.309798519028758,0.348466257668712,0.435284747112704,0.506013160880417,0.483137646764926,1,
0.365593249526434,0.339000876424189,0.716248506571087,0.584070796460177,0.764676492630527,1,
0.399173411400034,0.387554776511832,0.648745519713262,0.634445200816882,0.233574818885836,1,
0.32942999827794,0.401226993865031,0.850258861011549,0.181756296800545,0.666999750187359,1,
0.449801963147925,0.371078001752848,0.540820390282756,0.680054458815521,0.46140394703972,1,
0.348028241777165,0.448553900087642,0.694544006371963,0.904470161107329,0.157631776167874,1,
0.3271913208197,0.349342681858019,0.512146555157308,0.27569775357386,0.668248813389957,1,
0.34647838815223,0.381069237510955,0.673835125448029,0.990696619015203,0.144141893579815,1,
0.367143103151369,0.401051709027169,0.611111111111111,0.555026094849104,0.849362977766675,1,
0.344756328568968,0.32988606485539,0.481481481481482,0.633991377354209,0.10267299525356,1,
0.304632340278974,0.203505696757231,0.448227797690163,0.266167460857726,0.32075943042718,1,
0.436369898398485,0.591235758106924,0.553166069295101,0.642840934876333,0.206844866350237,1,
0.427931806440503,0.727081507449606,0.608721624850657,0.517358747447243,0.412440669497877,1,
0.344411916652316,0.357931638913234,0.518518518518518,0.864987519854776,0.033974519110667,1,
0.397967969691751,0.472743207712533,0.820191158900836,0.198547764919446,0.257057207094679,1,
0.313242638195282,0.347239263803681,0.414177618478694,0.450419786702973,0.538845865600799,1,
0.532633029102807,0.593865030674847,0.636200716845878,0.489675516224189,0.280789407944042,1,
0.350611331152058,0.374583698510079,0.521505376344086,0.578398003176764,0.550836872345741,1,
0.399690029275013,0.308501314636284,0.673038630027877,0.521896982073973,0.500374718960779,1,
0.338556914069227,0.357230499561788,0.56252489048188,0.616972997503971,0.454659005745691,1,
0.570862751851214,0.508851884312007,0.278773397052967,0.468572725209893,0.459405445915563,1,
0.366970897193043,0.373356704645048,0.750497809637595,0.185386884501929,0.451411441418936,1,
0.309626313070432,0.35407537248028,0.421545201115094,0.56569094622192,0.651011741194104,1,
0.41639400723265,0.439964943032428,0.719434488251693,0.251418198320853,0.222333250062453,1,
0.349233683485449,0.347589833479404,0.529868578255675,0.839119582482414,0.765176117911566,1,
0.336318236610987,0.385451358457493,0.833532457188371,0.226004084411164,0.239070696977267,1,
0.342173239194076,0.375635407537248,0.588610115491836,0.594962559564329,0.409193105171122,1,
0.499225073187532,0.675197195442594,0.609916367980884,0.28477422282732,0.279290532100924,1,
0.306526605820561,0.278702892199825,0.53584229390681,0.466757431359201,0.201099175618286,1,
0.380058550025831,0.436459246275197,0.536837913181999,0.543453596550942,0.138396202847864,1,
0.411400034441192,0.458545135845749,0.805854241338112,0.628999319264806,0.216337746689983,1,
0.419493714482521,0.364066608238387,0.727399442453206,0.853641933287951,0.182862852860355,1,
0.404856208024798,0.707099035933392,0.541019514137794,0.563648740639891,0.240569572820385,1,
0.36214913035991,0.295179666958808,0.735563520509757,0.615838438847288,0.139895078690982,1,
0.383158257275702,0.502892199824715,0.727399442453206,0.749716360335829,0.201348988258806,1,
0.470294472188738,0.334969325153374,0.734567901234568,0.706376219650556,0.153135148638521,1,
0.360427070776649,0.47817703768624,0.699123855037833,0.616746085772634,0.208093929552835,1,
0.312381608403651,0.340403155127081,0.230784547988849,0.829362378034944,0.110666999750187,1,
0.523333907353194,0.541980718667835,0.714058144165671,0.278193782618561,0.284786410192356,1,
0.323058377819873,0.315337423312883,0.746913580246914,0.226457907873837,0.32075943042718,1,
0.264336146030653,0.312883435582822,0.494822779769016,0.769684592693442,0,1,
0.533149646977785,0.434005258545136,0.558343289526085,0.508963013387792,0.695228578566076,1,
0.420699156190804,0.470990359333918,0.208482676224612,0.617653732697981,0.24381713714714,1,
0.361460306526606,0.414723926380368,0.846276383910793,0.562741093714545,0.423932050961779,1,
0.303771310487343,0.28273444347064,0.500199123855038,0.460630814613115,0.208843367474394,1,
0.355088686068538,0.302541630148992,0.685981680605336,0.681642840934876,0.488383712215838,1,
0.34647838815223,0.346187554776512,0.435483870967742,0.613569321533923,0.479140644516613,1,
0.350266919235405,0.702366345311131,0.256272401433692,0.624687996369412,0.228578566075443,1,
0.456345789564319,0.32988606485539,0.62405416168857,0.694803721352394,0.694479140644517,1,
0.309798519028758,0.2988606485539,0.515531660692951,0.515770365327887,0.446165375968024,1,
0.353538832443603,0.400175284837862,0.512146555157308,0.757658270932607,0.14089432925306,1,
0.376442224900982,0.428396143733567,0.469334926324174,0.225550260948491,0.611541343992006,1,
0.452557258481143,0.672743207712533,0.277379530067702,0.578851826639437,0.24981264051961,1,
0.327363526778026,0.361262050832603,0.539625647152529,0.435897435897436,0.630527104671496,1,
0.371620458067849,0.394566170026293,0.755276782158503,0.216927615157704,0.718461154134399,1,
0.391251937317031,0.665381244522349,0.59836718438869,0.547084184252326,0.228078940794404,1,
0.318753228861719,0.32182296231376,0.463560334528076,0.287950987066031,0.556582563077692,1,
0.386257964525573,0.317791411042945,0.519912385503783,0.711141366008623,0.15388458656008,1,
0.338212502152574,0.405083260297984,0.487056949422541,0.524393011118675,0.537846615038721,1,
0.309970724987085,0.321647677475898,0.458383114297093,0.775584297708192,0.32075943042718,1,
0.391424143275357,0.361086765994741,0.768418956591,0.257771726798275,0.481139145640769,1,
0.457895643189254,0.364943032427695,0.68379131819992,0.572498298162015,0.695228578566076,1,
0.344067504735664,0.430674846625767,0.512345679012346,0.651463580667121,0.135898076442668,1,
0.23712760461512,0.350744960560911,0.601354042214257,0.154526889040163,0.136397701723707,1,
0.349233683485449,0.423663453111306,0.770011947431302,0.599954617653733,0.581314014489133,1,
0.344067504735664,0.339702015775635,0.462166467542812,0.65214431586113,0.575568323757182,1,
0.272429826071982,0.319719544259422,0.522301871764237,0.75425459496256,0.126904821383962,1,
0.332529705527811,0.348466257668712,0.854241338112306,0.620376673474019,0.618286285286035,1,
0.274840709488548,0.155828220858896,0.200517722023098,0.157703653278875,0.32075943042718,1,
0.36352677802652,0.361612620508326,0.78494623655914,0.549126389834354,0.208093929552835,1,
0.311003960737042,0.314636283961437,0.543409000398248,0.545949625595643,0.181363977017237,1,
0.3159979335285,0.367221735319895,0.427120669056153,0.482641252552757,0.32075943042718,1,
0.325297055278113,0.339526730937774,0.466148944643568,0.538234626730202,0.644766425181114,1,
0.467194764938867,0.551095530236635,0.756670649143767,0.254141139096891,0.277292030976767,1,
0.345272946443947,0.442944785276074,0.697331740342493,0.673247106875425,0.32075943042718,1,
0.310315136903737,0.311831726555653,0.466348068498606,0.46358066712049,0.244566575068699,1,
0.33166867573618,0.380192813321648,0.565909996017523,0.817562968005446,0.136397701723707,1,
0.47287756156363,0.673269062226117,0.535244922341696,0.542999773088269,0.267299525355983,1,
0.328913380402962,0.376687116564417,0.844882516925528,0.644202405264352,0.639770172370722,1,
0.279145858446702,0.35863277826468,0.636200716845878,0.641252552756978,0.52535598301274,1,
0.46840020664715,0.338650306748466,0.735165272799681,0.678466076696165,0.509367974019485,1,
0.346822800068882,0.440490797546012,0.680605336519315,0.659859314726571,0.165126155383462,1,
0.386946788358877,0.419982471516214,0.563520509757069,0.871341048332199,0.138146390207345,1,
0.372825899776132,0.427344434706398,0.527678215850259,0.639664170637622,0.183362478141394,1,
0.334423971069399,0.372304995617879,0.620868180007965,0.739959155888359,0.32075943042718,1,
0.378680902359222,0.294127957931639,0.434289127837515,0.681642840934876,0.663252560579565,1,
0.339417943860858,0.337072743207713,0.688968538430904,0.598366235534377,0.32075943042718,1,
0.275185121405201,0.359509202453988,0.604141776184787,0.65214431586113,0.17287034723957,1,
0.353883244360255,0.581069237510955,0.598964555953803,0.474472430224643,0.229328003997002,1,
0.374892371276046,0.416827344434706,0.670848267622461,0.742001361470388,0.197351986010492,1,
0.38952987773377,0.411042944785276,0.690959776981282,0.261175402768323,0.550087434424182,1,
0.311348372653694,0.304820333041192,0.46594982078853,0.606081234399819,0.32075943042718,1,
0.356466333735147,0.374583698510079,0.539824771007567,0.728159745858861,0.0612040969273045,1,
0.334596177027725,0.393339176161262,0.231780167264038,0.865441343317449,0.0514614039470397,1,
0.358877217151713,0.381945661700263,0.514336917562724,0.641252552756978,0.32075943042718,1,
0.451179610814534,0.433128834355828,0.795499800876145,0.534830950760154,0.438421184111916,1,
0.358705011193387,0.754601226993865,0.251294305057746,0.599273882459723,0.233325006245316,1,
0.339417943860858,0.327957931638913,0.450418160095579,0.684138869979578,0.533349987509368,1,
0.426037540898915,0.415249780893953,0.774392672242134,0.210800998411618,0.519860104921309,1,
0.371964869984501,0.44487291849255,0.460175228992433,0.245064669843431,0.32075943042718,1,
0.308765283278801,0.340052585451358,0.590003982477101,0.627184025414114,0.32075943042718,1,
0.387980024108834,0.299211218229623,0.694544006371963,0.520762423417291,0.493130152385711,1,
0.313587050111934,0.262751971954426,0.395858223815213,0.259133197186295,0.571821134149388,1,
0.334423971069399,0.301840490797546,0.650537634408602,0.749489448604493,0.854609043217587,1,
0.392973996900293,0.302892199824715,0.737753882915173,0.589516678012253,0.32075943042718,1,
0.360082658859997,0.479579316389132,0.64058144165671,0.740639891082369,0.200599550337247,1,
0.381952815567419,0.31148115687993,0.628833134209478,0.657590197413206,0.824131901074194,1,
0.349233683485449,0.472567922874671,0.770410195141378,0.615384615384615,0.605795653260055,1,
0.545720681935595,0.463628396143734,0.697530864197531,0.252325845246199,0.279040719460405,1,
0.339934561735836,0.364066608238387,0.55057745917961,0.448831404583617,0.515613290032476,1,
0.337007060444291,0.301314636283961,0.516328156113102,0.577944179714091,0.517112165875593,1,
0.326846908903048,0.351270815074496,0.595778574273198,0.71976401179941,0.19260554584062,1,
0.462200792147408,0.600175284837862,0.611708482676225,0.535965509416837,0.263302523107669,1,
0.3903909075254,0.655390008764242,0.575268817204301,0.650555933741774,0.230327254559081,1,
0.450662992939556,0.527081507449606,0.4778972520908,0.502382573179033,0.270796902323258,1,
0.276907180988462,0.164066608238387,0.256073277578654,0.203312911277513,0.32075943042718,1,
0.358360599276735,0.47239263803681,0.683193946634807,0.53641933287951,0.170622033474894,1,
0.327363526778026,0.361262050832603,0.539625647152529,0.281597458588609,0.630527104671496,1,
0.39262958498364,0.32760736196319,0.66726403823178,0.547991831177672,0.440169872595553,1,
0.334940588944377,0.297458369851008,0.509956192751892,0.56954844565464,0.505370971771172,1,
0.469605648355433,0.376511831726556,0.577459179609717,0.600181529385069,0.437921558830877,1,
0.385569140692268,0.347063978965819,0.76284348864994,0.499432720671659,0.508868348738446,1,
0.280179094196659,0.188781770376862,0.274392672242135,0.707964601769911,0.0249812640519611,1,
0.375753401067677,0.393339176161262,0.648745519713262,0.169276151577037,0.130402198351237,1,
0.452212846564491,0.5011393514461,0.758064516129032,0.553891536192421,0.259805146140395,1,
0.274668503530222,0.354776511831727,0.653922739944245,0.358747447243022,0.32075943042718,1,
0.398140175650077,0.784574934268186,0.214257268020709,0.551622418879056,0.223582313265051,1,
