540,5,2,
0.339417943860858,0.458019281332165,0.821983273596177,0.199455411844792,0.32075943042718,0,
0.419321508524195,0.737773882559159,0.564914376742334,0.278193782618561,0.374718960779415,0,
0.865851558463923,0.17703768624014,0.38968538430904,0.380304061719991,0.334499125655758,0,
0.36352677802652,0.510780017528484,0.64336917562724,0.491490810074881,0.201099175618286,0,
0.444807990356466,0.573006134969325,0.27479091995221,0.723848422963467,0.200099925056208,0,
0.51455140347856,0.359158632778265,0.387495021903624,0.380304061719991,0.347239570322258,0,
0.358877217151713,0.530762489044698,0.814615690959777,0.213297027456319,0.32075943042718,0,
0.724642672636473,0.484312007011393,0.45957785742732,0.394599500794191,0.395453409942543,0,
0.847253314964698,0.337423312883436,0.425925925925926,0.380530973451327,0.30776917312016,0,
0.390046495608748,0.818930762489045,0.242333731581043,0.529158157476742,0.253310017486885,0,
0.400551059066644,0.782296231375986,0.482676224611708,0.558202859087815,0.241818636022983,0,
0.446013432064749,0.481507449605609,0.299482277976902,0.336737009303381,0.343242568073945,0,
0.394696056483554,0.66327782646801,0.292712066905615,0.319491717721806,0.360229827629278,0,
0.559497158601687,0.687817703768624,0.271007566706491,0.477422282732017,0.398950786909818,0,
0.319958670570002,0.315863277826468,0.456192751891677,0.535284774222827,0.32075943042718,0,
0.652488376097813,0.350394390885188,0.343090402230187,0.37644656228727,0.336997252060954,0,
0.455312553814362,0.453111305872042,0.424332935085623,0.334014068527343,0.338745940544592,0,
0.507318753228862,0.410867659947415,0.432696136997212,0.405945087361017,0.353484886335249,0,
0.345445152402273,0.408588957055215,0.949820788530466,0.148173360562741,0.32075943042718,0,
0.412088858274496,0.648203330411919,0.2463162086818,0.429543907420014,0.360479640269798,0,
0.511107284312037,0.426117440841367,0.809040223018718,0.230769230769231,0.268798401199101,0,
0.77320475288445,0.411218229623138,0.445838311429709,0.507601542999773,0.279290532100924,0,
0.596693645600138,0.44592462751972,0.317801672640382,0.402995234853642,0.361728703472396,0,
0.345789564318925,0.485188431200701,0.738749502190362,0.224188790560472,0.32075943042718,0,
0.411055622524539,0.642769500438212,0.490641178813222,0.450419786702973,0.219335498376218,0,
0.406406061649733,0.529710780017528,0.560135404221426,0.298842750170184,0.358231326505121,0,
0.363182366109867,0.726205083260298,0.281760254878534,0.30428863172226,0.279540344741444,0,
0.27208541415533,0.435758106923751,0.635005973715651,0.494440662582255,0.249562827879091,0,
0.786292405717238,0.195267309377739,0.396057347670251,0.381438620376673,0.297277042218336,0,
0.43344239710694,0.372129710780018,0.40720828355237,0.343771272974813,0.333999500374719,0,
0.358532805235061,0.403505696757231,0.766626841895659,0.590651236668936,0.452410691981014,0,
0.419321508524195,0.656266432953549,0.277180406212664,0.315634218289086,0.371221583812141,0,
0.54055450318581,0.585626643295355,0.257268020708881,0.320626276378489,0.29502872845366,0,
0.674530738763561,0.198422436459246,0.390681003584229,0.382119355570683,0.343242568073945,0,
0.443085930773205,0.712883435582822,0.527678215850259,0.296346721125482,0.283537346989758,0,
0.341312209402445,0.421910604732691,0.909398645957786,0.194009530292716,0.32075943042718,0,
0.733597382469433,0.484837861524978,0.433890880127439,0.447469934195598,0.401698725955533,0,
0.278284828655071,0.309377738825592,0.572680207088809,0.358747447243022,0.32075943042718,0,
0.313414844153608,0.287116564417178,0.447829549980088,0.771272974812798,0.620784411691232,0,
0.384535904942311,0.68501314636284,0.24452409398646,0.307238484229635,0.290032475643268,0,
0.3903909075254,0.552322524101665,0.589008363201912,0.437485818016791,0.32075943042718,0,
0.355260892026864,0.354250657318142,0.747311827956989,0.539823008849557,0.229078191356483,0,
0.363698983984846,0.45749342681858,0.526284348864994,0.455184933061039,0.286535098675993,0,
0.485104184604787,0.356529360210342,0.804062126642772,0.201951440889494,0.398451161628778,0,
0.333390735319442,0.297107800175285,0.443448825169255,0.635579759473565,0.852860354733949,0,
0.433097985190288,0.548115687992989,0.305256869772999,0.407987292943045,0.244816387709218,0,
0.367831926984674,0.80578439964943,0.260852250099562,0.435443612434763,0.490132400699475,0,
0.353022214568624,0.44136722173532,0.48805256869773,0.295892897662809,0.290282288283787,0,
0.518684346478388,0.474496056091148,0.43010752688172,0.3238030406172,0.302023482388209,0,
0.476493886688479,0.732865907099036,0.276782158502589,0.314499659632403,0.28853359980015,0,
0.356638539693473,0.639964943032428,0.272202309836718,0.320626276378489,0.300024981264052,0,
0.453246082314448,0.635758106923751,0.265432098765432,0.312911277513047,0.32075943042718,0,
0.406233855691407,0.574233128834356,0.518120270808443,0.301792602677558,0.289532850362228,0,
0.379369726192526,0.702541630148992,0.240740740740741,0.295665985931473,0.276292780414689,0,
0.403478560358188,0.519018404907975,0.309637594583831,0.326752893124575,0.32075943042718,0,
0.381780609609092,0.595617879053462,0.632218239745121,0.262763784887679,0.32075943042718,0,
0.393662820733597,0.654688869412796,0.239545997610514,0.298162014976174,0.279290532100924,0,
0.408989151024625,0.593865030674847,0.502588610115492,0.415021556614477,0.290532100924307,0,
0.789564318925435,0.183172655565294,0.6342094782955,0.472884048105287,0.266799900074944,0,
0.367659721026347,0.602103418054338,0.767025089605735,0.235307465395961,0.255308518611042,0,
0.25951437919752,0.65398773006135,0.55057745917961,0.470161107329249,0.32075943042718,0,
0.332529705527811,0.657843996494303,0.497610513739546,0.761515770365328,0.184611541343992,0,
0.442569312898226,0.647852760736196,0.269016328156113,0.313818924438393,0.289033225081189,0,
0.34871706561047,0.36546888694128,0.780963759458383,0.528023598820059,0.421933549837622,0,
0.313070432236955,0.299912357581069,0.444643568299482,0.579532561833447,0.661254059455408,0,
0.514379197520234,0.590008764241893,0.278375149342891,0.250737463126844,0.626030477142143,0,
0.337351472360944,0.480280455740578,0.55973715651135,0.279782164737917,0.382213339995004,0,
0.660065438264164,0.49079754601227,0.324372759856631,0.342182890855457,0.343242568073945,0,
0.259342173239194,0.586327782646801,0.540223018717642,0.473110959836624,0.32075943042718,0,
0.414327535732736,0.731288343558282,0.518120270808443,0.312911277513047,0.293030227329503,0,
0.325813673153091,0.512007011393514,0.823775388291517,0.201270705695484,0.32075943042718,0,
0.486654038229723,0.336196319018405,0.428116288331342,0.412298615838439,0.276792405695728,0,
0.328052350611331,0.454513584574934,0.757467144563919,0.160426594054913,0.32075943042718,0,
0.331152057861202,0.42296231375986,0.892273994424532,0.144542772861357,0.32075943042718,0,
0.329257792319614,0.44943032427695,0.531859816806053,0.606535057862492,0.21159130652011,0,
0.440330635439986,0.712007011393514,0.273397052966945,0.316314953483095,0.271046714963777,0,
0.548820389185466,0.507449605609115,0.682596575069693,0.299523485364193,0.288033974519111,0,
0.848458756672981,0.323926380368098,0.337714058144166,0.340594508736102,0.311016737446915,0,
0.482348889271569,0.774583698510079,0.238351254480287,0.422282732017245,0.361229078191356,0,
0.475977268813501,0.723400525854514,0.279171644763043,0.312457454050374,0.380464651511366,0,
0.267952471155502,0.459070990359334,0.881720430107527,0.171318357159065,0.202348238820884,0,
0.30928190115378,0.291673970201578,0.465153325368379,0.69571136827774,0.32075943042718,0,
0.822111245049079,0.315162138475022,0.33910792512943,0.343090537780803,0.308518611041719,0,
0.365076631651455,0.580543382997371,0.288729589804859,0.460403902881779,0.443167624281789,0,
0.330979851902876,0.499211218229623,0.626045400238949,0.242114817336056,0.32075943042718,0,
0.729120027552953,0.300438212094654,0.490641178813222,0.589970501474926,0.236072945291032,0,
0.786809023592216,0.421384750219106,0.467144563918757,0.472203312911277,0.287284536597552,0,
0.48183227139659,0.671866783523225,0.293906810035842,0.325164511005219,0.365975518361229,0,
0.965903220251421,0.334969325153374,0.337116686579052,0.339006126616746,0.334998750936797,0,
0.392112967108662,0.567221735319895,0.288928713659896,0.315861130020422,0.283787159630277,0,
0.374031341484415,0.827519719544259,0.259856630824373,0.500567279328341,0.271046714963777,0,
0.677802651971758,0.458369851007888,0.452608522500996,0.45904243249376,0.263302523107669,0,
0.913897020836921,0.332865907099036,0.429908403026683,0.432947583390061,0.292280789407944,0,
0.774237988634407,0.329184925503944,0.4778972520908,0.514635806671205,0.420934299275543,0,
0.382986051317376,0.692725679228747,0.548387096774194,0.467891990015884,0.272295778166375,0,
0.361632512484932,0.832778264680105,0.25089605734767,0.299977308826866,0.282787909068199,0,
0.341484415360771,0.599474145486415,0.586220629231382,0.488087134104833,0.208843367474394,0,
0.845531255381436,0.484136722173532,0.326762246117085,0.339233038348083,0.305770671996003,0,
0.588772171517134,0.517440841367222,0.310434090003982,0.33877921488541,0.32075943042718,0,
0.385741346650594,0.783698510078878,0.230585424133811,0.299523485364193,0.32075943042718,0,
0.676769416221801,0.318141980718668,0.384309040223019,0.381892443839347,0.309767674244317,0,
0.31375925607026,0.333041191936897,0.640382317801673,0.855911050601316,0.32075943042718,0,
0.332013087652833,0.315162138475022,0.690959776981282,0.627184025414114,0.496627529352985,0,
0.401067676941622,0.747940403155127,0.21505376344086,0.42977081915135,0.32075943042718,0,
0.308076459445497,0.35635407537248,0.495021903624054,0.450873610165646,0.432425680739445,0,
0.534871706561047,0.627519719544259,0.25647152528873,0.313138189244384,0.345740694479141,0,
0.432409161356983,0.600350569675723,0.529072082835524,0.674154753800772,0.212590557082188,0,
0.329946616152919,0.511305872042068,0.588410991636798,0.469026548672566,0.270547089682738,0,
0.336662648527639,0.482909728308501,0.656511350059737,0.47787610619469,0.270047464401699,0,
0.465128293438953,0.493952673093777,0.318199920350458,0.33741774449739,0.344491631276543,0,
0.608575856724643,0.680806310254163,0.300677021107129,0.326299069661902,0.296027979015738,0,
0.348544859652144,0.30464504820333,0.660493827160494,0.689130928068981,0.126655008743442,0,
0.348372653693818,0.541104294478528,0.64058144165671,0.266621284320399,0.260554584061954,0,
0.410883416566213,0.561437335670465,0.57168458781362,0.28477422282732,0.281289033225081,0,
0.329085586361288,0.419631901840491,0.709677419354839,0.230769230769231,0.32075943042718,0,
0.889615980712933,0.316914986853637,0.336320191158901,0.383480825958702,0.33999500374719,0,
0.352161184776993,0.61034180543383,0.26742333731581,0.430905377808033,0.293529852610542,0,
0.361115894609953,0.402103418054338,0.869175627240143,0.179487179487179,0.237571821134149,0,
0.384880316858963,0.612445223488168,0.50278773397053,0.452688904016338,0.229827629278041,0,
0.368865162734631,0.68273444347064,0.532457188371167,0.465169049239846,0.252060954284287,0,
0.534699500602721,0.710078878177038,0.273994424532059,0.454731109598366,0.395453409942543,0,
0.406406061649733,0.646625766871166,0.254679410593389,0.426367143181302,0.358231326505121,0,
0.323919407611503,0.316739702015776,0.193349263241736,0.654867256637168,0.185111166625031,0,
0.441536077148269,0.646976336546889,0.591397849462366,0.294304515543454,0.282787909068199,0,
0.393318408816945,0.481507449605609,0.293508562325767,0.322668481960517,0.302772920309768,0,
0.540898915102462,0.402629272567923,0.441855834328953,0.418879056047198,0.280039970022483,0,
0.55312553814362,0.593339176161262,0.475906013540422,0.510324483775811,0.44241818636023,0,
0.373342517651111,0.595617879053462,0.260254878534448,0.313818924438393,0.293779665251062,0,
0.579817461684174,0.455565293602103,0.31521306252489,0.405037440435671,0.361478890831876,0,
0.33528500086103,0.437686240140228,0.771405814416567,0.231676877694577,0.463902073444916,0,
0.404339590149819,0.667134092900964,0.574870569494225,0.286816428409349,0.32075943042718,0,
0.457034613397624,0.689921121822962,0.281362007168459,0.629906966190152,0.226580064951287,0,
0.273463061821939,0.412269938650307,0.319992035045798,0.497844338552303,0.272045965525856,0,
0.30704322369554,0.29307624890447,0.432497013142174,0.624461084638076,0.650761928553585,0,
0.385569140692268,0.751796669588081,0.609119872560733,0.49217154526889,0.260554584061954,0,
0.361115894609953,0.392112182296231,0.644165671047391,0.218969820739732,0.32075943042718,0,
0.404856208024798,0.697984224364593,0.560334528076464,0.489221692761516,0.263802148388708,0,
0.448940933356294,0.56669588080631,0.28036638789327,0.323576128885863,0.295528353734699,0,
0.32633029102807,0.439439088518843,0.634408602150538,0.274109371454504,0.282787909068199,0,
0.332185293611159,0.539000876424189,0.489247311827957,0.417517585659179,0.32075943042718,0,
0.735491648011021,0.191411042944785,0.403026682596575,0.389834354436124,0.287534349238071,0,
0.377647666609265,0.631901840490798,0.469932297889287,0.72884048105287,0.217087184611541,0,
0.703289133804029,0.367747589833479,0.43747510951812,0.331971862945314,0.308018985760679,0,
0.338384708110901,0.485363716038563,0.498606133014735,0.428182437031995,0.349487884086935,0,
0.357327363526778,0.68045574057844,0.269414575866189,0.417744497390515,0.32075943042718,0,
0.583433786809024,0.526029798422436,0.67642373556352,0.279782164737917,0.279790157381964,0,
0.352161184776993,0.580893952673094,0.636200716845878,0.512593601089176,0.257307019735199,0,
0.475632856896849,0.625766871165644,0.284547988849064,0.313592012707057,0.277042218336248,0,
0.544859652143964,0.359859772129711,0.337116686579052,0.381892443839347,0.343492380714464,0,
0.314792491820217,0.341454864154251,0.648347272003186,0.824370319945541,0.32075943042718,0,
0.338901325985879,0.586503067484663,0.604340900039825,0.501474926253687,0.32075943042718,0,
0.372137075942828,0.672918492550394,0.265033851055356,0.681189017472203,0.21808643517362,0,
0.33304632340279,0.571428571428571,0.740939864595779,0.201497617426821,0.253310017486885,0,
0.359738246943344,0.713058720420684,0.513341298287535,0.495348309507602,0.613789657756682,0,
0.453934906147753,0.614373356704645,0.710872162485066,0.275243930111187,0.284536597551836,0,
0.407783709316342,0.505872042068361,0.30326563122262,0.329702745631949,0.303272545590807,0,
0.560874806268297,0.55512708150745,0.316806053365193,0.332425686407987,0.344741443917062,0,
0.322541759944894,0.303943908851884,0.533253683791318,0.906739278420694,0.122907819135648,0,
0.332529705527811,0.541805433829974,0.649342891278375,0.597458588609031,0.19860104921309,0,
0.853969347339418,0.346538124452235,0.398048586220629,0.384161561152712,0.304271796152885,0,
0.325469261236439,0.31954425942156,0.540820390282756,0.762877240753347,0.194104421683737,0,
0.49216462889616,0.692199824715162,0.290919952210275,0.322668481960517,0.37821633774669,0,
0.451524022731186,0.687642418930763,0.248506571087216,0.300884955752212,0.280039970022483,0,
0.473910797313587,0.630850131463628,0.276782158502589,0.316541865214432,0.50662003497377,0,
0.313587050111934,0.279579316389132,0.455993628036639,0.220104379396415,0.0579565326005496,0,
0.307904253487171,0.280105170902717,0.430704898446834,0.461992285001135,0.32075943042718,0,
0.332185293611159,0.428571428571429,0.727200318598168,0.232811436351259,0.32075943042718,0,
0.35767177544343,0.32410166520596,0.724810832337714,0.674154753800772,0.225830627029728,0,
0.407783709316342,0.611042944785276,0.286937475109518,0.3238030406172,0.349987509367974,0,
0.468055794730498,0.367572304995618,0.33910792512943,0.375765827093261,0.340994254309268,0,
0.243154813156535,0.150394390885188,0.120071684587814,0.0916723394599501,0.504121908568574,0,
0.555536421560186,0.571078001752848,0.288530465949821,0.298615838438847,0.537346989757682,0,
0.377819872567591,0.660648553900088,0.274990043807248,0.411617880644429,0.287284536597552,0,
0.420354744274152,0.483435582822086,0.55794504181601,0.466076696165192,0.378965775668249,0,
0.439641811606682,0.370376862401402,0.324173636001593,0.343998184706149,0.336247814139395,0,
0.367315309109695,0.336897458369851,0.558144165671047,0.884728840481053,0.130402198351237,0,
0.39262958498364,0.678001752848379,0.294902429311031,0.321307011572498,0.35898076442668,0,
0.555192009643534,0.574057843996494,0.306849860613301,0.329929657363286,0.296527604296777,0,
0.341140003444119,0.626292725679229,0.492035045798487,0.416609938733833,0.39095678241319,0,
0.31823661098674,0.492024539877301,0.690760653126244,0.529838892670751,0.32075943042718,0,
0.632684690890305,0.287116564417178,0.346674631620868,0.375085091899251,0.298026480139895,0,
0.436369898398485,0.711130587204207,0.273397052966945,0.315634218289086,0.290032475643268,0,
0.643189254348201,0.464855390008764,0.465153325368379,0.443385523031541,0.287034723957032,0,
0.338556914069227,0.377212971078002,0.857626443647949,0.239164964828682,0.241069198101424,0,
0.387635612192182,0.43330411919369,0.81521306252489,0.510324483775811,0.252810392205846,0,
0.704494575512313,0.344609991235758,0.341696535244922,0.388245972316769,0.30751936047964,0,
0.335973824694334,0.32760736196319,0.484468339307049,0.219196732471069,0.32075943042718,0,
0.818322713965903,0.326555652936021,0.410792512943051,0.321307011572498,0.440669497876593,0,
0.524711555019804,0.402103418054338,0.325965750696933,0.380077149988654,0.32075943042718,0,
0.431375925607026,0.477651183172656,0.478096375945838,0.409121851599728,0.372220834374219,0,
0.312553814361977,0.298334794040315,0.459776981282358,0.754027683231223,0.32075943042718,0,
0.552608920268641,0.427695004382121,0.32994822779769,0.341502155661448,0.337996502623033,0,
0.446013432064749,0.714285714285714,0.28036638789327,0.318810982527797,0.290532100924307,0,
0.85345272946444,0.432602979842244,0.433890880127439,0.422055820285909,0.353734698975768,0,
0.35991045290167,0.576336546888694,0.496415770609319,0.461311549807125,0.32075943042718,0,
0.486481832271397,0.577212971078002,0.292512943050577,0.329248922169276,0.354484136897327,0,
0.398140175650077,0.656441717791411,0.544006371963361,0.455184933061039,0.376967274544092,0,
0.65128293438953,0.571603856266433,0.299084030266826,0.336056274109371,0.32075943042718,0,
0.402789736524884,0.631375985977213,0.709677419354839,0.263898343544361,0.259055708218836,0,
0.362493542276563,0.434706397896582,0.827558741537236,0.183571590651237,0.32075943042718,0,
0.716893404511796,0.411218229623138,0.333731581043409,0.384388472884048,0.340744441668748,0,
0.435508868606854,0.554776511831727,0.287136598964556,0.413206262763785,0.253559830127404,0,
0.319958670570002,0.325679228746713,0.550975706889685,0.716360335829362,0.188108918311267,0,
0.407955915274668,0.578965819456617,0.703504579848666,0.261175402768323,0.32075943042718,0,
0.338212502152574,0.436459246275197,0.727996814018319,0.242568640798729,0.26255308518611,0,
0.314448079903565,0.31603856266433,0.609518120270808,0.890401633764466,0.32075943042718,0,
0.352850008610298,0.536897458369851,0.638590203106332,0.244837758112094,0.396702473145141,0,
0.403306354399862,0.560560911481157,0.299880525686977,0.326752893124575,0.32075943042718,0,
0.329085586361288,0.351621384750219,0.548586220629231,0.69639210347175,0.32075943042718,0,
0.408128121232995,0.556529360210342,0.306650736758264,0.328114363512594,0.302023482388209,0,
0.393835026691924,0.412795793163891,0.71505376344086,0.485818016791468,0.240319760179865,0,
0.503530222145686,0.455915863277826,0.823178016726404,0.248014522350806,0.273794654009493,0,
0.636817633890133,0.469062226117441,0.326164874551971,0.340594508736102,0.346739945041219,0,
0.320647494403306,0.356178790534619,0.574074074074074,0.843203993646471,0.170372220834374,0,
0.441536077148269,0.702541630148992,0.266626841895659,0.317676423871114,0.290781913564826,0,
0.349061477527122,0.509728308501315,0.507566706491438,0.420921261629226,0.32075943042718,0,
0.385569140692268,0.690446976336547,0.554958183990442,0.474699341955979,0.272795403447414,0,
0.472533149646978,0.67011393514461,0.287534846674632,0.323576128885863,0.294029477891581,0,
0.471155501980368,0.652585451358457,0.26284348864994,0.6761969593828,0.226829877591806,0,
0.340623385569141,0.343382997370727,0.582636399840701,0.686181075561607,0.164876342742943,0,
0.339245737902531,0.615775635407537,0.551971326164874,0.302473337871568,0.375468398700974,0,
0.909247459962115,0.31954425942156,0.428116288331342,0.436805082822782,0.291031726205346,0,
0.272602032030308,0.130411919368975,0.710872162485066,0.0964374858180168,0.32075943042718,0,
0.322886171861546,0.316389132340053,0.496216646754281,0.186975266621284,0.777916562578066,0,
0.657137936972619,0.318141980718668,0.383910792512943,0.380077149988654,0.308268798401199,0,
0.344928534527295,0.507975460122699,0.618876941457587,0.248014522350806,0.32075943042718,0,
0.716204580678491,0.28396143733567,0.388689765033851,0.375765827093261,0.335998001498876,0,
0.373342517651111,0.686765994741455,0.272401433691756,0.304742455184933,0.290532100924307,0,
0.883760978129843,0.177914110429448,0.390282755874154,0.341729067392784,0.30751936047964,0,
0.258481143447563,0.134092900964067,0.664277180406213,0.772634445200817,0.165375968023982,0,
0.525744790769761,0.772129710780017,0.536638789326961,0.437712729748128,0.32075943042718,0,
0.389185465817117,0.57931638913234,0.510155316606929,0.439074200136147,0.370721958531102,0,
0.3159979335285,0.317440841367222,0.487654320987654,0.814159292035398,0.32075943042718,0,
0.496125365937661,0.461349693251534,0.502190362405416,0.769230769230769,0.196102922807894,0,
0.384191493025659,0.586327782646801,0.824571883711669,0.229861583843885,0.248063952035973,0,
0.329085586361288,0.478352322524102,0.861409796893668,0.184479237576583,0.236572570572071,0,
0.602893060099879,0.382120946538124,0.632417363600159,0.551622418879056,0.451911066699975,0,
0.274496297571896,0.330061349693252,0.554360812425329,0.728159745858861,0.105171121658756,0,
0.392973996900293,0.802453987730061,0.261250497809638,0.518039482641253,0.258306270297277,0,
0.394868262441881,0.758983347940403,0.261847869374751,0.313138189244384,0.285286035473395,0,
0.473738591355261,0.59421560035057,0.277976901632816,0.411164057181756,0.287784161878591,0,
0.326846908903048,0.52182296231376,0.503783353245719,0.43430905377808,0.36547589308019,0,
0.451868434647839,0.641717791411043,0.267622461170848,0.319037894259133,0.293529852610542,0,
0.541415532977441,0.466783523225241,0.427917164476304,0.335148627184025,0.350736947289533,0,
0.491131393146203,0.594040315512708,0.52389486260454,0.651463580667121,0.228578566075443,0,
0.310487342862063,0.308501314636284,0.471326164874552,0.815293850692081,0.32075943042718,0,
0.793869467883589,0.295530236634531,0.419753086419753,0.392557295212162,0.300524606545091,0,
0.642672636473222,0.324452234881683,0.386499402628435,0.393238030406172,0.273045216087934,0,
0.33752367831927,0.700262927256792,0.495021903624054,0.519400953029272,0.32075943042718,0,
0.332529705527811,0.460823838737949,0.632616487455197,0.251191286589517,0.261054209342993,0,
0.349750301360427,0.336021034180543,0.870569494225408,0.547991831177672,0.414688983262553,0,
0.325985879111417,0.435933391761613,0.694942254082039,0.223961878829135,0.32075943042718,0,
0.618908214224212,0.31375985977213,0.448626045400239,0.417063762196506,0.393704721458906,0,
0.335629412777682,0.414723926380368,1,0.174948944860449,0.227829128153885,0,
0.850697434131221,0.307975460122699,0.522500995619275,0.315634218289086,0.298526105420934,0,
0.666092646805579,0.502015775635408,0.530665073675826,0.519627864760608,0.272045965525856,0,
0.713104873428621,0.28624014022787,0.390880127439267,0.398683911958248,0.304521608793405,0,
0.345617358360599,0.742331288343558,0.267622461170848,0.315634218289086,0.3719710217337,0,
0.780609609092475,0.334618755477651,0.336917562724014,0.399137735420921,0.346989757681739,0,
0.586533494058894,0.574233128834356,0.311429709279172,0.338325391422737,0.302023482388209,0,
0.339073531944205,0.296056091148116,0.494623655913978,0.872702518720218,0.144641518860854,0,
0.781642844842431,0.422085889570552,0.425726802070888,0.30496936691627,0.398950786909818,0,
0.350611331152058,0.741279579316389,0.231182795698925,0.484002722940776,0.577566824881339,0,
0.264680557947305,0.176336546888694,0.217244125846276,0.641025641025641,0.149887584311766,0,
0.312898226278629,0.332690622261174,0.656909597769813,0.614703880190606,0.233325006245316,0,
0.33976235577751,0.413146362839614,0.664675428116288,0.538461538461539,0.423432425680739,0,
0.325297055278113,0.425766871165644,0.803066507367582,0.161334240980259,0.447414439170622,0,
0.3271913208197,0.472217353198948,0.680007964954201,0.240072611754028,0.271796152885336,0,
0.315136903736869,0.301665205959684,0.463958582238152,0.775584297708192,0.566824881338996,0,
0.421732391940761,0.4965819456617,0.299084030266826,0.332652598139324,0.340494629028229,0,
0.534182882727742,0.482559158632778,0.456989247311828,0.325845246199229,0.298775918061454,0,
0.87807818150508,0.333742331288344,0.33452807646356,0.340821420467438,0.309018236322758,0,
0.80368520750818,0.492375109553024,0.437873357228196,0.329248922169276,0.302273295028728,0,
0.336146030652661,0.436985100788782,0.990043807248108,0.194009530292716,0.219835123657257,0,
0.372998105734458,0.41840490797546,0.889088012743927,0.205355116859542,0.260304771421434,0,
0.632340278973652,0.688343558282209,0.281162883313421,0.427501701837985,0.370721958531102,0,
0.619252626140864,0.346187554776512,0.404221425726802,0.390061266167461,0.302772920309768,0,
0.323574995694851,0.339526730937774,0.505376344086021,0.779441797140912,0.12840369722708,0,
0.468572412605476,0.646450482033304,0.287733970529669,0.410483321987747,0.280289782663003,0,
0.305493370070604,0.286415425065732,0.433691756272401,0.223961878829135,0.32075943042718,0,
0.373859135526089,0.696932515337423,0.246117084826762,0.690719310188337,0.199350487134649,0,
0.321852936111589,0.302191060473269,0.498008761449622,0.73405945087361,0.158131401448913,0,
0.473738591355261,0.714460999123576,0.27937076861808,0.427047878375312,0.475393454908818,0,
0.346822800068882,0.611919368974584,0.67463162086818,0.58452461992285,0.580064951286535,0,
0.36576545548476,0.667309377738826,0.638988450816408,0.446789199001588,0.272295778166375,0,
0.796452557258481,0.493602103418054,0.314416567104739,0.474245518493306,0.271546340244816,0,
0.806096090924746,0.325679228746713,0.336320191158901,0.337644656228727,0.306270297277042,0,
0.33166867573618,0.444697633654689,0.308442851453604,0.457454050374404,0.458156382712965,0,
0.422765627690718,0.81262050832603,0.269613699721227,0.416383027002496,0.282787909068199,0,
0.306354399862235,0.297808939526731,0.428912783751493,0.467665078284547,0.470147389457907,0,
0.318408816945066,0.384574934268186,0.701712465153325,0.81597458588609,0.152635523357482,0,
0.429826071982091,0.622085889570552,0.275985663082437,0.276605400499206,0.688733449912565,0,
0.273118649905287,0.19649430324277,0.287534846674632,0.236895847515317,0.32075943042718,0,
0.715860168761839,0.36091148115688,0.397252090800478,0.379623326525981,0.309268048963278,0,
0.365076631651455,0.383698510078878,0.871166865790522,0.60925799863853,0.217087184611541,0,
0.572068193559497,0.574583698510079,0.300677021107129,0.327887451781257,0.355983012740445,0,
0.348544859652144,0.684136722173532,0.265232974910394,0.481960517358747,0.275043717212091,0,
0.580161873600826,0.551971954425942,0.296495420151334,0.332425686407987,0.297277042218336,0,
0.599448940933356,0.582296231375986,0.29131819992035,0.327206716587248,0.294529103172621,0,
0.352161184776993,0.47239263803681,0.898247710075667,0.201724529158157,0.244816387709218,0,
0.336146030652661,0.470464504820333,0.557347670250896,0.283639664170638,0.374718960779415,0,
0.309798519028758,0.277826468010517,0.429111907606531,0.674381665532108,0.779915063702223,0,
0.333562941277768,0.490446976336547,0.768618080446037,0.582482414340821,0.620034973769673,0,
0.397795763733425,0.726906222611744,0.535444046196734,0.286816428409349,0.563327504371721,0,
0.340795591527467,0.445223488168273,0.914376742333732,0.164057181756297,0.227829128153885,0,
0.538143619769244,0.551446099912358,0.313620071684588,0.328114363512594,0.351986010492131,0,
0.574134665059411,0.319018404907975,0.386897650338511,0.386430678466077,0.277541843617287,0,
0.759083864301705,0.327256792287467,0.33452807646356,0.339686861810756,0.355483387459405,0,
0.302393662820734,0.275547765118317,0.435483870967742,0.261629226230996,0.32075943042718,0,
0.411055622524539,0.631726555652936,0.655515730784548,0.278420694349898,0.279040719460405,0,
0.340451179610815,0.466257668711656,0.806650736758264,0.237122759246653,0.458406195353485,0,
0.347167211985535,0.475372480280456,0.630227001194743,0.267755842977082,0.269797651761179,0,
0.761839159634923,0.284662576687117,0.401234567901235,0.409121851599728,0.299775168623532,0,
0.353022214568624,0.440490797546012,0.788729589804859,0.226230996142501,0.252810392205846,0,
0.319269846736697,0.300613496932515,0.473516527279968,0.847288404810529,0.113664751436423,0,
0.329085586361288,0.49079754601227,0.728992433293508,0.520762423417291,0.32075943042718,0,
0.558808334768383,0.595793163891323,0.477499004380725,0.530746539596097,0.426430177366975,0,
0.714654727053556,0.445048203330412,0.330744723217841,0.340367597004765,0.341244066949788,0,
0.788531083175478,0.292375109553024,0.417562724014337,0.392330383480826,0.301773669747689,0,
0.346822800068882,0.628045574057844,0.569095977698128,0.486725663716814,0.388708468648514,0,
0.30032719132082,0.285363716038563,0.425328554360812,0.462899931926481,0.213339995003747,0,
0.354916480110212,0.708676599474146,0.545201115093588,0.25096437485818,0.273295028728454,0,
0.349061477527122,0.707800175284838,0.509956192751892,0.428409348763331,0.368473644766425,0,
0.641639400723265,0.503768624014023,0.310434090003982,0.339459950079419,0.342742942792905,0,
0.429481660065438,0.553023663453111,0.518717642373556,0.404356705241661,0.350736947289533,0,
0.666092646805579,0.303067484662577,0.338709677419355,0.339913773542092,0.308018985760679,0,
0.387463406233856,0.814548641542507,0.242333731581043,0.506240072611754,0.539345490881839,0,
0.445496814189771,0.612445223488168,0.491636798088411,0.466530519627865,0.601798651011741,0,
0.340451179610815,0.421735319894829,0.911987256073278,0.202632176083504,0.32075943042718,0,
0.364560013776477,0.535845749342682,0.290521704500199,0.3238030406172,0.32075943042718,0,
0.349578095402101,0.444522348816827,0.888092393468737,0.19310188336737,0.32075943042718,0,
0.35457206819356,0.33794916739702,0.703902827558742,0.569321533923304,0.551836122907819,0,
0.314792491820217,0.337423312883436,0.635404221425727,0.50260948491037,0.32075943042718,0,
0.278457034613398,0.148992112182296,0.126244524093986,0,0.32075943042718,0,
0.546237299810573,0.360210341805434,0.337116686579052,0.384161561152712,0.350986759930052,0,
0.319442052695023,0.377212971078002,0.532457188371167,0.800998411617881,0.1541343992006,0,
0.363698983984846,0.874145486415425,0.242333731581043,0.2809167233946,0.281039220584562,0,
0.378508696400895,0.807537248028046,0.241935483870968,0.303834808259587,0.32075943042718,0,
0.322369553986568,0.348641542506573,0.685981680605336,0.606761969593828,0.32075943042718,0,
0.553642156018598,0.423838737949167,0.33273596176822,0.342409802586794,0.337746689982513,0,
0.45582917168934,0.64364592462752,0.283154121863799,0.44928522804629,0.612290781913565,0,
0.338901325985879,0.605609114811569,0.720230983671844,0.219423644202405,0.253559830127404,0,
0.743929739969003,0.422261174408414,0.648745519713262,0.304515543453597,0.294029477891581,0,
0.380230755984157,0.747414548641543,0.263839107925129,0.418425232584525,0.281039220584562,0,
0.431720337523678,0.377388255915863,0.562126642771804,0.296573632856819,0.32075943042718,0,
0.319958670570002,0.281858019281332,0.440461967343688,0.601996823235761,0.686485136147889,0,
0.779576373342518,0.377212971078002,0.422341696535245,0.417063762196506,0.483887084686485,0,
0.627690718098846,0.446625766871166,0.599761051373955,0.601769911504425,0.249562827879091,0,
0.36214913035991,0.548641542506573,0.59557945041816,0.475833900612662,0.263552335748189,0,
0.883244360254865,0.390008764241893,0.326762246117085,0.390288177898797,0.407944041968524,0,
0.74944033063544,0.402979842243646,0.413181999203505,0.377581120943953,0.30776917312016,0,
0.511623902187016,0.538124452234882,0.300278773397053,0.267075107783072,0.693979515363477,0,
0.317547787153435,0.382997370727432,0.821585025886101,0.195824824143408,0.187109667749188,0,
0.476493886688479,0.619807186678352,0.296097172441258,0.326525981393238,0.347239570322258,0,
0.692440158429482,0.31726555652936,0.397650338510554,0.382800090764693,0.346989757681739,0,
0.338212502152574,0.419106047326906,0.77757865392274,0.216473791695031,0.244566575068699,0,
0.345617358360599,0.723225241016652,0.504978096375946,0.446789199001588,0.244566575068699,0,
0.33752367831927,0.390885188431201,0.907606531262445,0.181529385069208,0.32075943042718,0,
0.400895470983296,0.508676599474145,0.306252489048188,0.392330383480826,0.304271796152885,0,
0.436025486481832,0.821560035056968,0.248904818797292,0.493306103925573,0.396952285785661,0,
0.958842775960048,0.174583698510079,0.339307048984468,0.343771272974813,0.309767674244317,0,
0.323747201653177,0.344084136722174,0.508562325766627,0.758565917857953,0.139645266050462,0,
0.353711038401929,0.596669588080631,0.596575069693349,0.220558202859088,0.649013240069948,0,
0.436542104356811,0.564943032427695,0.285941855834329,0.326072157930565,0.32075943042718,0,
0.303254692612364,0.279228746713409,0.443249701314217,0.478783753120036,0.619035723207594,0,
0.350783537110384,0.702716914986854,0.502588610115492,0.430678466076696,0.369223082687984,0,
0.759944894093336,0.349342681858019,0.574671445639188,0.296800544588155,0.294279290532101,0,
0.819700361632512,0.334969325153374,0.407606531262445,0.432720671658725,0.298775918061454,0,
0.319442052695023,0.312007011393514,0.572680207088809,0.832766054004992,0.143392455658256,0,
0.581539521267436,0.37125328659071,0.281362007168459,0.813478556841389,0.212340744441669,0,
0.35904942311004,0.602629272567923,0.280565511748307,0.407306557749036,0.28878341244067,0,
0.322025142069916,0.33444347063979,0.634408602150538,0.61379623326526,0.32075943042718,0,
0.725848114344756,0.293952673093777,0.53126244524094,0.690719310188337,0.227829128153885,0,
0.471844325813673,0.370026292725679,0.332337714058144,0.373950533242569,0.32075943042718,0,
0.696917513345962,0.395267309377739,0.445240939864596,0.334240980258679,0.304521608793405,0,
0.38143619769244,0.601577563540754,0.680007964954201,0.230769230769231,0.32075943042718,0,
0.518512140520062,0.597020157756354,0.276782158502589,0.404356705241661,0.257806645016238,0,
0.342862063027381,0.382997370727432,0.715452011150936,0.54163830270025,0.447914064451661,0,
0.238333046323403,0.481156879929886,0.719832735961768,0.223508055366462,0.460904321758681,0,
0.433097985190288,0.380718667835232,0.40163281561131,0.377354209212616,0.341743692230827,0,
0.88703289133804,0.180718667835232,0.498805256869773,0.405037440435671,0.303022732950287,0,
0.363871189943172,0.512532865907099,0.876344086021505,0.233945995007942,0.244816387709218,0,
0.335801618736008,0.361437335670464,0.550975706889685,0.877240753346948,0.32075943042718,1,
0.345617358360599,0.380893952673094,0.785344484269215,0.707510778307238,0.636522608043967,1,
0.318408816945066,0.322524101665206,0.486857825567503,0.660993873383254,0.533349987509368,1,
0.467366970897193,0.318843120070114,0.713659896455595,0.550941683685046,0.260804396702473,1,
0.439297399690029,0.58737949167397,0.542811628833134,0.477649194463354,0.479140644516613,1,
0.32633029102807,0.312182296231376,0.515929908403027,0.520535511685954,0.500624531601299,1,
0.5055966936456,0.580718667835232,0.728395061728395,0.272520989335149,0.279040719460405,1,
0.402273118649905,0.456792287467134,0.248904818797292,0.283639664170638,0.253559830127404,1,
0.464783881522301,0.551971954425942,0.277777777777778,0.25618334467892,0.432425680739445,1,
0.464095057688996,0.556178790534619,0.5221027479092,0.705922396187883,0.20534599050712,1,
0.378164284484243,0.366520595968449,0.789326961369972,0.221465849784434,0.500874344241819,1,
0.306698811778888,0.29079754601227,0.447431302270012,0.200136147038802,0.80114913814639,1,
0.404684002066471,0.44943032427695,0.633014735165273,0.58384388472884,0.695978016487634,1,
0.3271913208197,0.352497808939527,0.476503385105536,0.854549580213297,0.0612040969273045,1,
0.323919407611503,0.358983347940403,0.467941059338909,0.538234626730202,0.32075943042718,1,
0.336146030652661,0.341805433829974,0.697530864197531,0.206489675516224,0.855608293779665,1,
0.316342345445152,0.354425942156003,0.577857427319793,0.728613569321534,0.32075943042718,1,
0.486654038229723,0.39193689745837,0.862007168458781,0.223734967097799,0.232575568323757,1,
0.420182538315826,0.653637160385627,0.705694942254082,0.254821874290901,0.278291281538846,1,
0.312209402445325,0.31498685363716,0.533452807646356,0.494213750850919,0.123657257057207,1,
0.368692956776304,0.371779141104295,0.744125846276384,0.577036532788745,0.722208343742193,1,
0.449629757189599,0.414022787028922,0.485065710872162,0.542092126162923,0.527354484136897,1,
0.385569140692268,0.32988606485539,0.770609318996416,0.641706376219651,0.709967524356732,1,
0.356466333735147,0.432953549517967,0.800079649542015,0.236215112321307,0.176617536847365,1,
0.313414844153608,0.302366345311131,0.53126244524094,0.841161788064443,0.12840369722708,1,
0.328052350611331,0.36669588080631,0.221624850657109,0.849103698661221,0.085935548338746,1,
0.319442052695023,0.290096406660824,0.469334926324174,0.735874744724302,0.0986759930052461,1,
0.269157912863785,0.335495179666959,0.137793707686181,0.207170410710234,0.184861353984512,1,
0.380230755984157,0.774583698510079,0.570091596973317,0.515997277059224,0.257057207094679,1,
0.337351472360944,0.452585451358457,0.762046993229789,0.246199228500113,0.254559080689483,1,
0.440330635439986,0.32760736196319,0.683990442054958,0.779214885409576,0.512365725705721,1,
0.272429826071982,0.341279579316389,0.654121863799283,0.574086680281371,0.32075943042718,1,
0.384363698983985,0.308676599474145,0.605137395459976,0.686181075561607,0.814639020734449,1,
0.372653693817806,0.653286590709904,0.796495420151334,0.270932607215793,0.26904821383962,1,
0.349061477527122,0.321998247151621,0.656909597769813,0.130928068981166,0.805645765675743,1,
0.377647666609265,0.374057843996494,0.77299880525687,0.194463353755389,0.450911816137897,1,
0.334768382986051,0.331113058720421,0.779171644763043,0.549126389834354,0.470647014738946,1,
0.329085586361288,0.385801928133217,0.871764237355635,0.602450646698434,0.615788158880839,1,
0.328913380402962,0.31148115687993,0.511748307447232,0.573405945087361,0.32075943042718,1,
0.376614430859308,0.562313759859772,0.666069295101553,0.728386657590197,0.201848613539845,1,
0.285173066988118,0.265907099035933,0.325965750696933,0.280689811663263,0.19885086185361,1,
0.314275873945238,0.407887817703769,0.492433293508562,0.682777399591559,0.32075943042718,1,
0.388841053900465,0.315687992988606,0.780764635603345,0.554118447923758,0.707219585311017,1,
0.373859135526089,0.490446976336547,0.684388689765034,0.699795779441797,0.19210592055958,1,
0.38815223006716,0.362489044697634,0.860414177618479,0.167687769457681,0.219585311016737,1,
0.52040640606165,0.457668711656442,0.769613699721227,0.258679373723621,0.276042967774169,1,
0.388668847942139,0.337072743207713,0.681800079649542,0.631949171772181,0.491381463902073,1,
0.446185638023076,0.469588080631025,0.693548387096774,0.554118447923758,0.534099425430927,1,
0.457034613397624,0.485714285714286,0.683193946634807,0.521216246879964,0.492880339745191,1,
0.385224728775616,0.426117440841367,0.702508960573477,0.665078284547311,0.32075943042718,1,
0.314275873945238,0.328659070990359,0.521306252489048,0.548445654640345,0.32075943042718,1,
0.353711038401929,0.415249780893953,0.884109916367981,0.193555706830043,0.22458156382713,1,
0.333735147236094,0.374408413672217,0.782357626443648,0.22169276151577,0.143142643017737,1,
0.342689857069055,0.37703768624014,0.777379530067702,0.222146584978443,0.421184111916063,1,
0.525572584811434,0.692725679228747,0.556551174830745,0.312230542319038,0.290781913564826,1,
0.360082658859997,0.391235758106924,0.500199123855038,0.582709326072158,0.32075943042718,1,
0.461167556397451,0.375635407537248,0.746714456391876,0.224642614023145,0.567824131901074,1,
0.335801618736008,0.388781770376862,0.54042214257268,0.88359428182437,0.32075943042718,1,
0.308076459445497,0.289044697633655,0.48068498606133,0.476968459269344,0.246065450911816,1,
0.32633029102807,0.360736196319018,0.585424133811231,0.787610619469027,0.143642268298776,1,
0.393146202858619,0.336722173531989,0.630027877339705,0.512139777626503,0.45490881838621,1,
0.322197348028242,0.180368098159509,0.261648745519713,0.112775130474245,0.0721958531101674,1,
0.350439125193732,0.716564417177914,0.260454002389486,0.664851372815975,0.238071446415189,1,
0.261064232822456,0.317616126205083,0.229390681003584,0.13592012707057,0.32075943042718,1,
0.368004132943,0.483260297984224,0.856232576662684,0.228727025187202,0.417686734948788,1,
0.36352677802652,0.415950920245399,0.496216646754281,0.581574767415475,0.237821633774669,1,
0.339417943860858,0.344960560911481,0.523297491039426,0.876786929884275,0.0549587809143143,1,
0.345445152402273,0.336546888694128,0.597371565113501,0.541411390968913,0.571821134149388,1,
0.34871706561047,0.382296231375986,0.68936678614098,0.635806671204901,0.774668998251312,1,
0.495436542104357,0.342156003505697,0.68837116686579,0.498978897208986,0.388958281289033,1,
0.349405889443775,0.606485539000876,0.546993229788929,0.457680962105741,0.239320509617787,1,
0.371103840192871,0.307975460122699,0.702907208283552,0.695484456546403,0.744941294029478,1,
0.341828827277424,0.370376862401402,0.552767821585026,0.268209666439755,0.32075943042718,1,
0.32047528844498,0.329360210341805,0.558741537236161,0.700022691173134,0.0876842368223832,1,
0.386085758567246,0.415600350569676,0.578653922739944,0.182890855457227,0.0597052210841869,1,
0.352161184776993,0.353198948290973,0.515531660692951,0.857953256183345,0.797651761179116,1,
0.254520406406062,0.133567046450482,0.204101951413779,0.147492625368732,0.219085685735698,1,
0.366282073359738,0.331638913234005,0.706093189964158,0.619469026548673,0.761179115663252,1,
0.364387807818151,0.357055214723926,0.766029470330546,0.698661220785115,0.17287034723957,1,
0.376614430859308,0.562313759859772,0.666069295101553,0.728386657590197,0.201848613539845,1,
0.484931978646461,0.643996494303243,0.682795698924731,0.286816428409349,0.28178865850612,1,
0.367659721026347,0.365994741454864,0.516726403823178,0.629226230996142,0.609792655508369,1,
0.269330118822111,0.163014899211218,0.502986857825567,0.190152030859995,0.684486635023732,1,
0.48183227139659,0.454163014899211,0.840302668259658,0.248695257544815,0.265800649512865,1,
0.39624591010849,0.391235758106924,0.782357626443648,0.761969593828001,0.191106669997502,1,
0.44911313931462,0.367922874671341,0.751095181202708,0.773315180394826,0.194853859605296,1,
0.385741346650594,0.524627519719544,0.748506571087216,0.683685046516905,0.213090182363228,1,
0.377647666609265,0.622261174408414,0.603743528474711,0.672793283412752,0.210342243317512,1,
0.344067504735664,0.345135845749343,0.679609717244126,0.535284774222827,0.498875843117662,1,
0.311692784570346,0.342331288343558,0.54500199123855,0.862491490810075,0.32075943042718,1,
0.363354572068193,0.610166520595968,0.617881322182397,0.548445654640345,0.575568323757182,1,
0.317375581195109,0.328308501314636,0.487256073277579,0.610619469026549,0.457656757431926,1,
0.443258136731531,0.697107800175285,0.613102349661489,0.491263898343544,0.273045216087934,1,
0.365593249526434,0.353724802804557,0.859020310633214,0.572271386430678,0.510117411941044,1,
0.332185293611159,0.373181419807187,0.658701712465153,0.179260267755843,0.710217336997252,1,
0.316342345445152,0.323575810692375,0.514336917562724,0.72430224642614,0.32075943042718,1,
0.594454968141898,0.490271691498685,0.614097968936679,0.259587020648968,0.482638021483887,1,
0.343378680902359,0.420858895705521,0.511549183592194,0.610846380757885,0.119660254808893,1,
0.394868262441881,0.336546888694128,0.704301075268817,0.620603585205355,0.216087934049463,1,
0.331840881694507,0.404031551270815,0.242731979291119,0.862037667347402,0.0689482887834124,1,
0.347167211985535,0.362664329535495,0.508363201911589,0.635806671204901,0.100924306769923,1,
0.501635956604099,0.354776511831727,0.722819593787336,0.638529611980939,0.482388208843367,1,
0.438952987773377,0.572304995617879,0.524691358024691,0.647832992965736,0.209342992755433,1,
0.469950060272085,0.521998247151621,0.725607327757865,0.500567279328341,0.26904821383962,1,
0.350266919235405,0.385276073619632,0.54320987654321,0.559337417744497,0.516862353235074,1,
0.502841398312382,0.674846625766871,0.516726403823178,0.554572271386431,0.260804396702473,1,
0.324780437403134,0.317966695880806,0.420549581839904,0.515997277059224,0.32075943042718,1,
0.552092302393663,0.375460122699387,0.872162485065711,0.244837758112094,0.253809642767924,1,
0.329774410194593,0.367747589833479,0.529669454400637,0.787610619469027,0.32075943042718,1,
0.330635439986223,0.356879929886065,0.57168458781362,0.653732697980486,0.140644516612541,1,
0.355260892026864,0.373181419807187,0.562325766626842,0.71454504197867,0.0869347989008244,1,
0.413294299982779,0.658545135845749,0.6121067303863,0.481733605627411,0.517112165875593,1,
0.327880144653005,0.3056967572305,0.503385105535643,0.77240753346948,0.742443167624282,1,
0.342173239194076,0.397020157756354,0.715252887295898,0.224188790560472,0.231576317761679,1,
0.410711210607887,0.788606485539001,0.250497809637595,0.500113455865668,0.418186360229828,1,
0.322886171861546,0.305170902716915,0.435483870967742,0.663943725890629,0.106669997501874,1,
0.345617358360599,0.382120946538124,0.825169255276782,0.538461538461539,0.162628028978266,1,
0.361115894609953,0.419631901840491,0.717642373556352,0.660086226457908,0.594304271796153,1,
0.320303082486654,0.337598597721297,0.664277180406213,0.561379623326526,0.20534599050712,1,
0.334423971069399,0.359333917616126,0.578853046594982,0.820966643975493,0.32075943042718,1,
0.339073531944205,0.324452234881683,0.50457984866587,0.196732471068754,0.32075943042718,1,
0.377992078525917,0.665381244522349,0.222023098367184,0.295665985931473,0.283787159630277,1,
0.413122094024453,0.443470639789658,0.728195937873357,0.541184479237577,0.57032225830627,1,
0.392457379025314,0.72532865907099,0.513938669852648,0.471068754254595,0.495378466150387,1,
0.504907869812295,0.457843996494303,0.595380326563122,0.457454050374404,0.380464651511366,1,
0.321164112278285,0.33567046450482,0.503385105535643,0.779441797140912,0.32075943042718,1,
0.343550886860685,0.411042944785276,0.748904818797292,0.610165645563876,0.685485885585811,1,
0.370070604442914,0.336371603856266,0.629430505774592,0.641706376219651,0.820134898825881,1,
0.341828827277424,0.476424189307625,0.703902827558742,0.834581347855684,0.32075943042718,1,
0.334940588944377,0.323926380368098,0.520310633213859,0.616292262309961,0.579815138646015,1,
0.412088858274496,0.34250657318142,0.505575467941059,0.83027002496029,0.179865101174119,1,
0.377819872567591,0.647502191060473,0.572481083233771,0.529158157476742,0.248063952035973,1,
0.458412261064233,0.524276950043821,0.608522500995619,0.1976401179941,0.581314014489133,1,
0.350783537110384,0.442769500438212,0.753086419753086,0.597231676877695,0.142393205096178,1,
0.31152057861202,0.311656441717791,0.536240541616886,0.547538007714999,0.32075943042718,1,
0.358705011193387,0.301665205959684,0.722819593787336,0.610165645563876,0.14089432925306,1,
0.328396762527983,0.286765994741455,0.488450816407806,0.766280916723394,0.649512865350987,1,
0.314448079903565,0.351796669588081,0.444245320589407,0.529838892670751,0.630527104671496,1,
0.318753228861719,0.376336546888694,0.488450816407806,0.761969593828001,0.113914564076942,1,
0.332529705527811,0.327432077125329,0.501592990840303,0.717041071023372,0.32075943042718,1,
0.278112622696745,0.331113058720421,0.547988849064118,0.575901974132063,0.139895078690982,1,
0.364904425693129,0.33794916739702,0.587415372361609,0.595870206489675,0.459155633275044,1,
0.250215257447908,0.324452234881683,0.588012743926722,0.79782164737917,0.0766924806395204,1,
0.348544859652144,0.415600350569676,0.664277180406213,0.594054912638983,0.48713464901324,1,
0.318581022903392,0.3011393514461,0.517921146953405,0.86022237349671,0.14763927054709,1,
0.323919407611503,0.316564417177914,0.727996814018319,0.148854095756751,0.22408193854609,1,
0.374375753401068,0.42418930762489,0.629032258064516,0.51690492398457,0.226829877591806,1,
0.362665748234889,0.410692375109553,0.599163679808841,0.823235761288859,0.32075943042718,1,
0.31375925607026,0.330937773882559,0.547590601354042,0.358747447243022,0.32075943042718,1,
0.509040812812123,0.648378615249781,0.588809239346874,0.285228046289993,0.28853359980015,1,
0.330463234027897,0.317440841367222,0.248904818797292,0.109825277966871,0.163627279540345,1,
0.404856208024798,0.70692375109553,0.541019514137794,0.563648740639891,0.240819385460904,1,
0.366454279318064,0.320245398773006,0.768817204301075,0.525073746312684,0.432925306020485,1,
0.403478560358188,0.419456617002629,0.791119076065313,0.669843430905378,0.181613789657757,1,
0.314275873945238,0.350920245398773,0.443647949024293,0.187429090083957,0.32075943042718,1,
0.406578267608059,0.524452234881683,0.577857427319793,0.274563194917177,0.281039220584562,1,
0.419149302565869,0.34601226993865,0.639187574671446,0.484910369866122,0.433424931301524,1,
0.346133976235578,0.399649430324277,0.669653524492234,0.600635352847742,0.480389707719211,1,
