540,5,2,
0.36214913035991,0.888694127957932,0.206889685384309,0.276832312230542,0.32075943042718,0,
0.31823661098674,0.308851884312007,0.546993229788929,0.862945314272748,0.140394703972021,0,
0.491820216979507,0.55863277826468,0.309637594583831,0.332652598139324,0.299775168623532,0,
0.665403822972275,0.547589833479404,0.290521704500199,0.591105060131609,0.252310766924806,0,
0.318581022903392,0.396143733567046,0.833532457188371,0.190378942591332,0.16662503122658,0,
0.361804718443258,0.435758106923751,0.773994424532059,0.202178352620831,0.24381713714714,0,
0.325985879111417,0.350920245398773,0.638590203106332,0.72884048105287,0.172620534599051,0,
0.331152057861202,0.470464504820333,0.629828753484667,0.274336283185841,0.261304021983512,0,
0.333735147236094,0.312182296231376,0.679410593389088,0.67165872475607,0.49362977766675,0,
0.365421043568107,0.525503943908852,0.65989645559538,0.498751985477649,0.446415188608544,0,
0.349750301360427,0.709903593339176,0.258661887694146,0.297708191513501,0.287284536597552,0,
0.41639400723265,0.333216476774759,0.679410593389088,0.628545495802133,0.463652260804397,0,
0.414327535732736,0.644171779141104,0.675428116288331,0.272974812797822,0.277541843617287,0,
0.623902187015671,0.401928133216477,0.43568299482278,0.427047878375312,0.608293779665251,0,
0.339245737902531,0.448203330411919,0.921943448825169,0.174495121397776,0.222333250062453,0,
0.5576028930601,0.331113058720421,0.345280764635603,0.377808032675289,0.338496127904072,0,
0.451524022731186,0.636108676599474,0.270011947431302,0.41025641025641,0.289033225081189,0,
0.896332013087653,0.423488168273444,0.429510155316607,0.425913319718629,0.352235823132651,0,
0.305321164112278,0.295179666958808,0.427518916766229,0.466984343090538,0.32075943042718,0,
0.462717410022387,0.653286590709904,0.265232974910394,0.321533923303835,0.293529852610542,0,
0.356638539693473,0.415249780893953,0.920350457984866,0.180394826412526,0.32075943042718,0,
0.313931462028586,0.374233128834356,0.597570688968538,0.138416156115271,0.2305770671996,0,
0.339073531944205,0.495004382120947,0.804460374352847,0.19378261856138,0.462153384961279,0,
0.277423798863441,0.466257668711656,0.305455993628037,0.528023598820059,0.254309268048963,0,
0.558291716893405,0.358983347940403,0.343488649940263,0.34717494894486,0.333749687734199,0,
0.361115894609953,0.744609991235758,0.236160892074871,0.477422282732017,0.32075943042718,0,
0.315653521611848,0.338475021910605,0.660892074870569,0.856364874063989,0.32075943042718,0,
0.342345445152402,0.511130587204207,0.952608522500995,0.162922623099614,0.32075943042718,0,
0.36214913035991,0.459070990359334,0.792512943050577,0.203993646471523,0.32075943042718,0,
0.616152918890994,0.388957055214724,0.514336917562724,0.723848422963467,0.209342992755433,0,
0.761322541759945,0.346888694127958,0.343090402230187,0.344452008168822,0.334748938296278,0,
0.573962459101085,0.433829973707274,0.451413779370769,0.288631722260041,0.639020734449163,0,
0.336318236610987,0.303768624014023,0.456192751891677,0.714318130247334,0.738446165375968,0,
0.33752367831927,0.332340052585451,0.493827160493827,0.633083730428863,0.32075943042718,0,
0.310315136903737,0.337072743207713,0.482676224611708,0.549807125028364,0.520609542842868,0,
0.713104873428621,0.314460999123576,0.412783751493429,0.340594508736102,0.338496127904072,0,
0.337351472360944,0.299386503067485,0.546196734368777,0.894712956659859,0.112665500874344,0,
0.472016531771999,0.576161262050833,0.299681401831939,0.402995234853642,0.218336247814139,0,
0.418288272774238,0.763014899211218,0.269215452011151,0.315180394826413,0.366974768923308,0,
0.799724470466678,0.427344434706398,0.436678614097969,0.417290673927842,0.39770172370722,0,
0.314792491820217,0.320245398773006,0.448227797690163,0.591558883594282,0.578316262802898,0,
0.315825727570174,0.339877300613497,0.652727996814018,0.818016791468119,0.32075943042718,0,
0.470811090063716,0.414723926380368,0.414177618478694,0.403675970047651,0.298276292780415,0,
0.442569312898226,0.832077125328659,0.231381919553963,0.303154073065577,0.286035473394954,0,
0.381263991734114,0.76546888694128,0.225806451612903,0.293169956886771,0.275043717212091,0,
0.332185293611159,0.675547765118317,0.247510951812027,0.414567733151804,0.361229078191356,0,
0.6096090924746,0.188080631025416,0.411987256073278,0.393464942137508,0.295528353734699,0,
0.820905803340796,0.185276073619632,0.450219036240542,0.40639891082369,0.300274793904572,0,
0.413122094024453,0.634881682734443,0.496415770609319,0.450192874971636,0.223082687984012,0,
0.629584983640434,0.484312007011393,0.307447232178415,0.411164057181756,0.295278541094179,0,
0.6208024797658,0.317966695880806,0.337714058144166,0.376673474018607,0.338745940544592,0,
0.407267091441364,0.753374233128834,0.275786539227399,0.417063762196506,0.289532850362228,0,
0.332185293611159,0.648904469763365,0.587017124651533,0.248014522350806,0.265051211591307,0,
0.403134148441536,0.758106923751096,0.25826363998407,0.312457454050374,0.284786410192356,0,
0.332013087652833,0.415600350569676,0.828355236957387,0.208304969366916,0.32075943042718,0,
0.402273118649905,0.372830850131464,0.750298685782557,0.52598139323803,0.411191606295279,0,
0.717926640261753,0.288694127957932,0.385503783353246,0.377354209212616,0.336497626779915,0,
0.495264336146031,0.596143733567046,0.296097172441258,0.416383027002496,0.287034723957032,0,
0.401067676941622,0.7011393514461,0.563719633612107,0.450192874971636,0.276542593055209,0,
0.469433442397107,0.615600350569676,0.255675029868578,0.405491263898344,0.383712215838121,0,
0.802996383674875,0.289044697633655,0.404022301871764,0.378715679600635,0.348238820884337,0,
0.663509557430687,0.430148992112182,0.434488251692553,0.334921715452689,0.305271046714964,0,
0.376442224900982,0.855390008764242,0.249502190362405,0.29975039709553,0.281039220584562,0,
0.404339590149819,0.317440841367222,0.517522899243329,0.792829589289766,0.171121658755933,0,
0.343723092819012,0.432077125328659,0.864396654719235,0.137735420921262,0.32075943042718,0,
0.397279145858447,0.718667835232252,0.293707686180804,0.320626276378489,0.356982263302523,0,
0.654727053556053,0.294829097283085,0.34468339307049,0.380304061719991,0.309018236322758,0,
0.460306526605821,0.638737949167397,0.271405814416567,0.688223281143635,0.219835123657257,0,
0.303943516445669,0.281507449605609,0.449024293110315,0.698434309053778,0.165126155383462,0,
0.342689857069055,0.378264680105171,0.707487056949422,0.556160653505786,0.32075943042718,0,
0.491303599104529,0.554951796669588,0.311230585424134,0.333333333333333,0.343492380714464,0,
0.499913897020837,0.713058720420684,0.550975706889685,0.42977081915135,0.285535848113915,0,
0.37248148785948,0.751971954425942,0.237554759060135,0.432266848196052,0.568323757182113,0,
0.588772171517134,0.337773882559159,0.342293906810036,0.378942591331972,0.337746689982513,0,
0.323919407611503,0.545135845749343,0.771804062126643,0.208758792829589,0.258306270297277,0,
0.351300154985362,0.547589833479404,0.841497411389884,0.210800998411618,0.248563577317012,0,
0.37472016531772,0.674320771253287,0.557745917960972,0.286816428409349,0.277541843617287,0,
0.264336146030653,0.549693251533742,0.614097968936679,0.492625368731563,0.412190856857357,0,
0.504046840020665,0.519018404907975,0.303663878932696,0.400272294077604,0.297526854858856,0,
0.589288789392113,0.323225241016652,0.821784149741139,0.249829816201498,0.273045216087934,0,
0.332529705527811,0.405609114811569,0.470131421744325,0.457907873837077,0.32075943042718,0,
0.344067504735664,0.450131463628396,0.573078454798885,0.287497163603358,0.164876342742943,0,
0.420182538315826,0.639263803680982,0.299084030266826,0.405945087361017,0.358231326505121,0,
0.363354572068193,0.548641542506573,0.6194743130227,0.468345813478557,0.251311516362728,0,
0.332013087652833,0.469938650306748,0.614695340501792,0.270251872021783,0.382213339995004,0,
0.451524022731186,0.6045574057844,0.285145360414178,0.432947583390061,0.367224581563827,0,
0.530222145686241,0.535845749342682,0.436678614097969,0.397549353301566,0.302273295028728,0,
0.656965731014293,0.306397896581946,0.393667861409797,0.38620376673474,0.283537346989758,0,
0.384708110900637,0.731814198071867,0.230983671843887,0.309961425005673,0.291281538845866,0,
0.768555192009644,0.414723926380368,0.458383114297093,0.512820512820513,0.280039970022483,0,
0.568279662476322,0.324452234881683,0.389884508164078,0.388019060585432,0.270796902323258,0,
0.313242638195282,0.31726555652936,0.488251692552768,0.842523258452462,0.156132900324756,0,
0.419493714482521,0.669588080631025,0.290720828355237,0.406625822555026,0.356982263302523,0,
0.648011021181333,0.361262050832603,0.426125049780964,0.469480372135239,0.209093180114914,0,
0.609436886516273,0.361437335670464,0.40442054958184,0.391195824824143,0.302023482388209,0,
0.667642500430515,0.47361963190184,0.321585025886101,0.339913773542092,0.342493130152386,0,
0.742896504219046,0.407361963190184,0.432098765432099,0.440435670524166,0.394953784661504,0,
0.741518856552437,0.187028921998247,0.336519315013939,0.341048332198775,0.347739195603298,0,
0.459273290855864,0.704119193689746,0.280764635603345,0.282278193782619,0.523857107169623,0,
0.333218529361116,0.401928133216477,0.767821585025886,0.213977762650329,0.254309268048963,0,
0.38143619769244,0.755652936021034,0.205097570688969,0.438620376673474,0.270297277042218,0,
0.361460306526606,0.789482909728308,0.261648745519713,0.310642160199682,0.285535848113915,0,
0.324608231444808,0.395968448729185,0.820191158900836,0.219877467665078,0.25630776917312,0,
0.654210435681075,0.388431200701139,0.32815611310235,0.379169503063308,0.301773669747689,0,
0.390218701567074,0.751796669588081,0.238749502190362,0.446789199001588,0.27554334249313,0,
0.536249354227656,0.336196319018405,0.39426523297491,0.39074200136147,0.269547839120659,0,
0.489237127604615,0.36091148115688,0.393070489844683,0.378715679600635,0.342992755433425,0,
0.468744618563802,0.61489921121823,0.468538430904022,0.308146131154981,0.32075943042718,0,
0.401928706733253,0.634355828220859,0.539028275587415,0.278647606081234,0.368973270047464,0,
0.758567246426726,0.327081507449606,0.33452807646356,0.339686861810756,0.355233574818886,0,
0.324780437403134,0.479929886064855,0.587813620071685,0.506013160880417,0.32075943042718,0,
0.336146030652661,0.592988606485539,0.52110712863401,0.417744497390515,0.362727954034474,0,
0.405889443774755,0.607361963190184,0.486260454002389,0.425005672793283,0.283537346989758,0,
0.837609781298433,0.186503067484663,0.343488649940263,0.374404356705242,0.306520109917562,0,
0.349750301360427,0.534092900964067,0.482477100756671,0.426820966643976,0.291031726205346,0,
0.855174789047701,0.192287467134093,0.397650338510554,0.384388472884048,0.291531351486385,0,
0.612881005682797,0.374583698510079,0.399442453205894,0.394599500794191,0.360729452910317,0,
0.3159979335285,0.334969325153374,0.510553564317005,0.893124574540504,0.32075943042718,0,
0.799380058550026,0.325503943908852,0.342094782954998,0.37712729748128,0.310517112165876,0,
0.64456690201481,0.487642418930762,0.463361210673039,0.448150669389607,0.288033974519111,0,
0.391940761150336,0.706397896581946,0.574074074074074,0.494667574313592,0.263552335748189,0,
0.763561219218185,0.319368974583699,0.34189565909996,0.374631268436578,0.33349987509368,0,
0.523161701394868,0.505170902716915,0.461768219832736,0.475833900612662,0.580064951286535,0,
0.51455140347856,0.640666082383874,0.291517323775388,0.313138189244384,0.364476642518111,0,
0.607026003099707,0.33567046450482,0.392074870569494,0.40571817562968,0.290032475643268,0,
0.4944033063544,0.466432953549518,0.319992035045798,0.33741774449739,0.342493130152386,0,
0.317547787153435,0.291323400525854,0.457387495021904,0.737236215112321,0.32075943042718,0,
0.363354572068193,0.597896581945662,0.576463560334528,0.455411844792376,0.248563577317012,0,
0.307732047528844,0.285539000876424,0.423536439665472,0.480145223508055,0.32075943042718,0,
0.535216118477699,0.546713409290096,0.294504181600956,0.330610392557295,0.300524606545091,0,
0.562596865851558,0.384574934268186,0.621863799283154,0.594962559564329,0.460404696477642,0,
0.628035130015498,0.406134969325153,0.399044205495818,0.390515089630134,0.354484136897327,0,
0.42087136214913,0.496406660823839,0.544006371963361,0.457907873837077,0.37846615038721,0,
0.57912863785087,0.445398773006135,0.329549980087614,0.383707737690039,0.342243317511866,0,
0.641467194764939,0.415600350569676,0.436280366387893,0.341502155661448,0.309018236322758,0,
0.331496469777854,0.421034180543383,0.834328952608522,0.192194236442024,0.32075943042718,0,
0.3159979335285,0.309027169149869,0.225408203902828,0.72952121624688,0.760679490382213,0,
0.560185982434992,0.492550394390885,0.491636798088411,0.316088041751759,0.291031726205346,0,
0.587566729808851,0.541805433829974,0.437674233373158,0.474699341955979,0.46789907569323,0,
0.384191493025659,0.712883435582822,0.595977698128236,0.287043340140685,0.32075943042718,0,
0.421732391940761,0.590885188431201,0.549780963759458,0.639891082368958,0.226829877591806,0,
0.390563113483726,0.669938650306748,0.662883313420948,0.248695257544815,0.32075943042718,0,
0.657654554847598,0.419106047326906,0.333731581043409,0.385069208078058,0.305271046714964,0,
0.329946616152919,0.2965819456617,0.436877737953007,0.581347855684139,0.686485136147889,0,
0.402617530566558,0.670464504820333,0.285941855834329,0.413886997957794,0.245565825630777,0,
0.36352677802652,0.690271691498685,0.251294305057746,0.437939641479464,0.280289782663003,0,
0.316514551403479,0.295880806310254,0.467741935483871,0.801452235080554,0.154634024481639,0,
0.340967797485793,0.71375985977213,0.269414575866189,0.310415248468346,0.284286784911317,0,
0.501808162562425,0.709903593339176,0.546395858223815,0.430905377808033,0.286285286035473,0,
0.349750301360427,0.52182296231376,0.791716447630426,0.227138643067847,0.251311516362728,0,
0.328741174444636,0.420508326029798,0.774990043807248,0.214431586113002,0.261304021983512,0,
0.482865507146547,0.686765994741455,0.287335722819594,0.311549807125028,0.353984511616288,0,
0.343550886860685,0.456441717791411,0.817005177220231,0.228500113455866,0.32075943042718,0,
0.352505596693646,0.654688869412796,0.487256073277579,0.437485818016791,0.243067699225581,0,
0.819528155674186,0.177563540753725,0.342293906810036,0.37644656228727,0.308018985760679,0,
0.447391079731359,0.711656441717792,0.287136598964556,0.322214658497844,0.294279290532101,0,
0.319786464611676,0.330236634531113,0.503584229390681,0.82119355570683,0.164626530102423,0,
0.722576201136559,0.295705521472393,0.3878932696137,0.380304061719991,0.300774419185611,0,
0.323574995694851,0.311130587204207,0.615491835921943,0.76401179941003,0.163127654259306,0,
0.357843981401756,0.537072743207713,0.577658303464755,0.257771726798275,0.32075943042718,0,
0.42534871706561,0.67011393514461,0.282954998008761,0.413206262763785,0.361478890831876,0,
0.306354399862235,0.292375109553024,0.465352449223417,0.496709779895621,0.32075943042718,0,
0.947477182710522,0.163716038562664,0.393468737554759,0.340140685273429,0.307019735198601,0,
0.320991906319959,0.398422436459246,0.878534448426922,0.207170410710234,0.32075943042718,0,
0.517478904770105,0.622611744084137,0.292712066905615,0.312684365781711,0.365725705720709,0,
0.378853108317548,0.541454864154251,0.606531262445241,0.461765373269798,0.27579315513365,0,
0.363698983984846,0.582997370727432,0.29689366786141,0.31926480599047,0.299025730701974,0,
0.810056827966248,0.17703768624014,0.395858223815213,0.387338325391423,0.343992005995503,0,
0.656965731014293,0.418580192813322,0.333930704898447,0.384842296346721,0.305520859355483,0,
0.310142930945411,0.290972830850131,0.466547192353644,0.70024960290447,0.608043967024732,0,
0.416049595315998,0.788957055214724,0.280963759458383,0.306103925572952,0.446665001249063,0,
0.490098157396246,0.748466257668712,0.273197929111908,0.465849784433855,0.267549337996503,0,
0.566902014809712,0.520771253286591,0.478693747510952,0.317222600408441,0.293280039970022,0,
0.314448079903565,0.290972830850131,0.481879729191557,0.843430905377808,0.123157631776168,0,
0.618219390390907,0.409465381244522,0.458582238152131,0.441797140912185,0.276042967774169,0,
0.492853452729464,0.367397020157756,0.338908801274393,0.380077149988654,0.308018985760679,0,
0.618047184432581,0.409465381244522,0.458383114297093,0.441797140912185,0.276042967774169,0,
0.325297055278113,0.437510955302366,0.645758661887694,0.266621284320399,0.32075943042718,0,
0.373514723609437,0.684312007011394,0.667064914376742,0.533696392103472,0.260554584061954,0,
0.355605303943516,0.308501314636284,0.541019514137794,0.807805763557976,0.187109667749188,0,
0.555880833476838,0.327256792287467,0.398645957785743,0.392557295212162,0.338246315263552,0,
0.318753228861719,0.333742331288344,0.62226204699323,0.611980939414568,0.32075943042718,0,
0.343206474944033,0.636459246275197,0.565909996017523,0.47333787156796,0.2560579565326,0,
0.42672636473222,0.414548641542507,0.543010752688172,0.286816428409349,0.279790157381964,0,
0.306182193903909,0.322348816827344,0.113102349661489,0.751531654186521,0.32075943042718,0,
0.678663681763389,0.369325153374233,0.430904022301872,0.337871567960064,0.30751936047964,0,
0.149991389702084,0.0464504820333041,0.255276782158503,0.450192874971636,0.529852610542093,0,
0.530049939727915,0.423312883435583,0.459378733572282,0.330156569094622,0.37796652510617,0,
0.154813156535216,0.387554776511832,0.305455993628037,0.436124347628772,0.207844116912316,0,
0.335973824694334,0.419631901840491,0.451214655515731,0.465849784433855,0.431676242817887,0,
0.867229206130532,0.191586327782647,0.390880127439267,0.342182890855457,0.340994254309268,0,
0.823661098674014,0.320420683610868,0.336121067303863,0.381892443839347,0.339245565825631,0,
0.267263647322197,0.450482033304119,0.759259259259259,0.186975266621284,0.32075943042718,0,
0.942483209919063,0.178965819456617,0.337514934289128,0.339006126616746,0.304521608793405,0,
0.415532977441019,0.589132340052585,0.562126642771804,0.631495348309508,0.226080439670247,0,
0.308248665403823,0.287116564417178,0.448626045400239,0.688677104606308,0.604296777416937,0,
0.314620285861891,0.371078001752848,0.788331342094783,0.164964828681643,0.32075943042718,0,
0.331152057861202,0.301840490797546,0.442453205894066,0.63262990696619,0.666999750187359,0,
0.377992078525917,0.747940403155127,0.223416965352449,0.449512139777627,0.280789407944042,0,
0.599448940933356,0.507800175284838,0.321385902031063,0.332652598139324,0.342243317511866,0,
0.790253142758739,0.291498685363716,0.340900039824771,0.341729067392784,0.338246315263552,0,
0.668503530222146,0.405609114811569,0.330346475507766,0.389380530973451,0.347239570322258,0,
0.527639056311348,0.572830850131464,0.295101553166069,0.329475833900613,0.302023482388209,0,
0.402617530566558,0.776687116564417,0.259458383114297,0.302246426140231,0.289532850362228,0,
0.900120544170828,0.172830850131464,0.340700915969733,0.344905831631495,0.337247064701474,0,
0.346650594110556,0.454864154250657,0.930904022301872,0.167914681189017,0.209592805395953,0,
0.376614430859308,0.511656441717791,0.71226602947033,0.514862718402541,0.218336247814139,0,
0.490614775271224,0.427169149868536,0.328355236957388,0.340594508736102,0.309018236322758,0,
0.325124849319786,0.364066608238387,0.521704500199124,0.650782845473111,0.169372970272296,0,
0.42534871706561,0.712007011393514,0.270609318996416,0.315634218289086,0.284536597551836,0,
0.499225073187532,0.446976336546889,0.817801672640382,0.252325845246199,0.274793904571571,0,
0.917685551920096,0.411042944785276,0.334328952608522,0.34785568413887,0.310267299525356,0,
0.342862063027381,0.436108676599474,0.82258064516129,0.557749035625142,0.228578566075443,0,
0.309626313070432,0.299386503067485,0.418558343289526,0.252325845246199,0.32075943042718,0,
0.37695884277596,0.82418930762489,0.253484667463162,0.49739051508963,0.273544841368973,0,
0.415705183399346,0.460473269062226,0.718239745121466,0.229180848649875,0.26929802648014,0,
0.307387635612192,0.295004382120946,0.451214655515731,0.722713864306785,0.122907819135648,0,
0.392285173066988,0.570727432077125,0.275985663082437,0.314953483095076,0.32075943042718,0,
0.648183227139659,0.564767747589834,0.530067702110713,0.306784660766962,0.361728703472396,0,
0.361804718443258,0.0506573181419807,0.100756670649144,0.191740412979351,0.233325006245316,0,
0.306354399862235,0.289921121822962,0.439864595778574,0.508282278193783,0.32075943042718,0,
0.574479076976063,0.612269938650307,0.58084428514536,0.493533015656909,0.277791656257807,0,
0.339934561735836,0.427870289219982,0.650935882118678,0.485364193328795,0.224831376467649,0,
0.5167900809368,0.673444347063979,0.576065312624452,0.484229634672113,0.279290532100924,0,
0.545204064060617,0.510429447852761,0.450617283950617,0.669843430905378,0.211091681239071,0,
0.301016015154124,0.27361963190184,0.421545201115094,0.465169049239846,0.0479640269797652,0,
0.711038401928707,0.4022787028922,0.491636798088411,0.590651236668936,0.243067699225581,0,
0.338556914069227,0.559333917616126,0.527080844285145,0.449739051508963,0.277292030976767,0,
0.350266919235405,0.390359333917616,0.878534448426922,0.653051962786476,0.184861353984512,0,
0.447563285689685,0.618755477651183,0.28494623655914,0.312911277513047,0.383212590557082,0,
0.612536593766144,0.421384750219106,0.578056551174831,0.293169956886771,0.369223082687984,0,
0.383158257275702,0.403330411919369,0.72520908004779,0.225777172679828,0.411191606295279,0,
0.439814017565008,0.608764241893076,0.290720828355237,0.429543907420014,0.271046714963777,0,
0.437230928190115,0.62874671340929,0.282954998008761,0.414113909689131,0.363727204596553,0,
0.361976924401584,0.66783523225241,0.242333731581043,0.304515543453597,0.371471396452661,0,
0.35319442052695,0.624715162138475,0.575069693349263,0.218742909008396,0.653509867599301,0,
0.483898742896504,0.360385626643295,0.337116686579052,0.378942591331972,0.344241818636023,0,
0.38143619769244,0.609640666082384,0.285742731979291,0.318810982527797,0.297277042218336,0,
0.55088686068538,0.606134969325153,0.281561131023497,0.432039936464715,0.521358980764427,0,
0.330291028069571,0.483610867659947,0.634010354440462,0.266167460857726,0.404946290282288,0,
0.317719993111762,0.301314636283961,0.457984866587017,0.855457227138643,0.0931801149138146,0,
0.753573273635268,0.286590709903593,0.452608522500996,0.581801679146812,0.264301773669748,0,
0.364215601859824,0.499211218229623,0.906013540422142,0.207624234172907,0.240069947539345,0,
0.700361632512485,0.282208588957055,0.394464356829948,0.394145677331518,0.305770671996003,0,
0.325641467194765,0.417353198948291,0.812823576264436,0.198093941456773,0.32075943042718,0,
0.740657826760806,0.306573181419807,0.334328952608522,0.340594508736102,0.350487134649013,0,
0.375236783192698,0.816652059596845,0.237355635205098,0.292489221692761,0.282787909068199,0,
0.364215601859824,0.708150744960561,0.236160892074871,0.537780803267529,0.541843617287035,0,
0.672119855346995,0.298685363716039,0.344285145360414,0.373950533242569,0.332750437172121,0,
0.598071293266747,0.519018404907975,0.308044603743528,0.331291127751305,0.346989757681739,0,
0.347856035818839,0.73794916739702,0.277777777777778,0.309734513274336,0.286035473394954,0,
0.360427070776649,0.548466257668712,0.308243727598566,0.330837304288632,0.30102423182613,0,
0.367487515068021,0.350219106047327,0.740939864595779,0.590197413206263,0.407444416687484,0,
0.693473394179439,0.610517090271692,0.30884109916368,0.326525981393238,0.299775168623532,0,
0.647666609264681,0.569500438212095,0.304659498207885,0.398230088495575,0.349238071446415,0,
0.48097124160496,0.515162138475022,0.290123456790123,0.478783753120036,0.4484136897327,0,
0.337351472360944,0.353198948290973,0.516328156113102,0.12094395280236,0.32075943042718,0,
0.42311003960737,0.753198948290973,0.271206690561529,0.315180394826413,0.358481139145641,0,
0.360599276734975,0.398948290972831,0.821784149741139,0.701611073292489,0.191856107919061,0,
0.643189254348201,0.535144609991236,0.505774591796097,0.321307011572498,0.35898076442668,0,
0.388324436025486,0.680806310254163,0.63878932696137,0.489902427955525,0.32075943042718,0,
0.434131220940244,0.776687116564417,0.268418956591,0.550487860222374,0.26255308518611,0,
0.38952987773377,0.742857142857143,0.276782158502589,0.307919219423644,0.367474394204347,0,
0.732908558636129,0.358457493426819,0.436678614097969,0.339459950079419,0.305021234074444,0,
0.934045117961081,0.179666958808063,0.337514934289128,0.339913773542092,0.305520859355483,0,
0.808679180299638,0.341104294478528,0.38968538430904,0.343544361243476,0.312765425930552,0,
0.359393835026692,0.390709903593339,0.822381521306252,0.211708645336964,0.235323507369473,0,
0.518684346478388,0.448553900087642,0.449223416965352,0.443839346494214,0.223082687984012,0,
0.65352161184777,0.384925503943909,0.336320191158901,0.381892443839347,0.346490132400699,0,
0.436714310315137,0.600350569675723,0.466348068498606,0.42455184933061,0.26904821383962,0,
0.324608231444808,0.310955302366345,0.617483074472322,0.720671658724756,0.162877841618786,0,
0.335112794902704,0.316213847502191,0.728594185583433,0.568867710460631,0.440669497876593,0,
0.352677802651972,0.468185801928133,0.896256471525289,0.200363058770138,0.240569572820385,0,
0.902703633545721,0.331113058720421,0.445240939864596,0.336963921034717,0.307019735198601,0,
0.329257792319614,0.623137598597721,0.245718837116687,0.425686407987293,0.365725705720709,0,
0.699845014637506,0.363540753724803,0.426921545201115,0.341048332198775,0.337746689982513,0,
0.544687446185638,0.532340052585451,0.487654320987654,0.319945541184479,0.291281538845866,0,
0.368692956776304,0.555477651183173,0.299084030266826,0.410710233719083,0.296777416937297,0,
0.706044429137248,0.34250657318142,0.400836320191159,0.397776265032902,0.295778166375219,0,
0.388324436025486,0.722173531989483,0.270410195141378,0.317449512139778,0.289532850362228,0,
0.724814878594799,0.284136722173532,0.398048586220629,0.407306557749036,0.303772170871846,0,
0.446357843981402,0.501489921121823,0.420151334129829,0.385523031540731,0.337996502623033,0,
0.350266919235405,0.462576687116564,0.560135404221426,0.464034490583163,0.270547089682738,0,
0.400206647149991,0.684837861524978,0.243130227001195,0.30496936691627,0.287534349238071,0,
0.330291028069571,0.434005258545136,0.897252090800478,0.194463353755389,0.214339245565826,0,
0.394523850525228,0.65977212971078,0.566109119872561,0.270932607215793,0.277292030976767,0,
0.5167900809368,0.686765994741455,0.28036638789327,0.302927161334241,0.249313015238571,0,
0.607026003099707,0.653637160385627,0.296694544006372,0.326299069661902,0.296527604296777,0,
0.894782159462717,0.184750219106047,0.398845081640781,0.383707737690039,0.305770671996003,0,
0.307559841570518,0.294478527607362,0.507168458781362,0.6761969593828,0.216337746689983,0,
0.758050628551748,0.191235758106924,0.400637196336121,0.385749943272067,0.285036222832875,0,
0.352333390735319,0.3977212971078,0.704101951413779,0.562287270251872,0.458656007994005,0,
0.374547959359394,0.747589833479404,0.228195937873357,0.302473337871568,0.283537346989758,0,
0.314448079903565,0.375284837861525,0.620270808442851,0.742682096664397,0.32075943042718,0,
0.768210780092991,0.348466257668712,0.333134209478295,0.377808032675289,0.311766175368474,0,
0.477699328396762,0.65749342681858,0.283552369573875,0.31404583616973,0.285286035473395,0,
0.399173411400034,0.410692375109553,0.796694544006372,0.267755842977082,0.453909567824132,0,
0.33166867573618,0.400525854513585,0.796296296296296,0.595416383027002,0.232825380964277,0,
0.361460306526606,0.37703768624014,0.875547590601354,0.203085999546177,0.475893080189858,0,
0.354227656276907,0.52410166520596,0.470728793309438,0.314272747901066,0.291031726205346,0,
0.482348889271569,0.702015775635408,0.269812823576264,0.431359201270706,0.411941044216837,0,
0.533494058894438,0.446976336546889,0.428116288331342,0.407987292943045,0.295778166375219,0,
0.328913380402962,0.487116564417178,0.520310633213859,0.501701837985024,0.32075943042718,0,
0.432753573273635,0.656792287467134,0.492035045798487,0.466757431359201,0.556082937796653,0,
0.48768727397968,0.478702892199825,0.318996415770609,0.336056274109371,0.342493130152386,0,
0.395557086275185,0.829447852760736,0.242134607726006,0.505559337417744,0.272795403447414,0,
0.417771654899259,0.706047326906223,0.58821186778176,0.453142727479011,0.274793904571571,0,
0.893576717754434,0.2988606485539,0.338709677419355,0.34331744951214,0.308518611041719,0,
0.327019114861374,0.465381244522349,0.197929111907607,0.287497163603358,0.369223082687984,0,
0.401756500774927,0.528834355828221,0.455595380326563,0.31926480599047,0.294279290532101,0,
0.728431203719649,0.195617879053462,0.405416168857029,0.393238030406172,0.306020484636523,0,
0.381780609609092,0.443821209465381,0.800876144962167,0.228727025187202,0.26255308518611,0,
0.343034268985707,0.412971078001753,0.838311429709279,0.208304969366916,0.232825380964277,0,
0.317375581195109,0.32760736196319,0.624452409398646,0.699341955979124,0.104921309018236,0,
0.552608920268641,0.495705521472393,0.474512146555157,0.702064896755162,0.219085685735698,0,
0.323574995694851,0.307274320771253,0.498207885304659,0.743589743589744,0.32075943042718,0,
0.793697261925263,0.36319018404908,0.329549980087614,0.418879056047198,0.297776667499375,0,
0.376786636817634,0.822436459246275,0.274392672242135,0.440435670524166,0.492880339745191,0,
0.536938178060961,0.540403155127081,0.287534846674632,0.328795098706603,0.32075943042718,0,
0.563457895643189,0.719719544259422,0.281561131023497,0.418879056047198,0.388458656007994,0,
0.415532977441019,0.703768624014023,0.65531660692951,0.259360108917631,0.271046714963777,0,
0.52040640606165,0.434706397896582,0.443249701314217,0.442931699568868,0.222083437421934,0,
0.416738419149303,0.320595968448729,0.536240541616886,0.817336056274109,0.180114913814639,0,
0.833304632340279,0.356003505696757,0.41178813221824,0.566371681415929,0.264051961029228,0,
0.474771827105218,0.384399649430324,0.336718438868976,0.375312003630588,0.33974519110667,0,
0.327019114861374,0.411393514460999,0.553763440860215,0.621057408668028,0.32075943042718,0,
0.556741863268469,0.53339176161262,0.297092791716448,0.457000226911731,0.645016237821634,0,
0.497330807645945,0.710254163014899,0.269414575866189,0.316541865214432,0.418186360229828,0,
0.39262958498364,0.413146362839614,0.787733970529669,0.270024960290447,0.455908068948289,0,
0.510762872395385,0.677300613496932,0.532258064516129,0.496482868164284,0.270547089682738,0,
0.49888066127088,0.477475898334794,0.433293508562326,0.40049920580894,0.350487134649013,0,
0.465644911313931,0.616827344434706,0.617084826762246,0.547764919446335,0.263802148388708,0,
0.262786292405717,0.518141980718668,0.651732377538829,0.505786249149081,0.417436922308269,0,
0.31823661098674,0.412971078001753,0.854241338112306,0.206262763784888,0.32075943042718,0,
0.724987084553125,0.418930762489045,0.532656312226205,0.52212389380531,0.268298775918061,0,
0.350439125193732,0.617703768624014,0.290322580645161,0.320626276378489,0.29477891581314,0,
0.753401067676942,0.286765994741455,0.453006770211071,0.582028590878148,0.264551586310267,0,
0.351127949027036,0.433829973707274,0.804460374352847,0.217381438620377,0.477641768673495,0,
0.325641467194765,0.301840490797546,0.491039426523298,0.482187429090084,0.32075943042718,0,
0.819872567590839,0.334794040315513,0.407606531262445,0.432720671658725,0.298775918061454,0,
0.485276390563113,0.675723049956179,0.293906810035842,0.324483775811209,0.367974019485386,0,
0.524711555019804,0.687817703768624,0.272799681401832,0.31336510097572,0.292530602048464,0,
0.648011021181333,0.298685363716039,0.391477499004381,0.383253914227366,0.345740694479141,0,
0.629584983640434,0.465381244522349,0.526284348864994,0.461084638075789,0.256807394454159,0,
0.4423971069399,0.58965819456617,0.270609318996416,0.318810982527797,0.29502872845366,0,
0.339073531944205,0.430674846625767,0.802867383512545,0.180394826412526,0.240069947539345,0,
0.511623902187016,0.637686240140228,0.295898048586221,0.324256864079873,0.370971771171621,0,
0.598587911141725,0.429447852760736,0.327757865392274,0.34263671431813,0.338995753185111,0,
0.312209402445325,0.285714285714286,0.462166467542812,0.833446789199002,0.0911816137896578,0,
0.672119855346995,0.167046450482033,0.337514934289128,0.337871567960064,0.304521608793405,0,
0.61856380230756,0.501665205959684,0.287534846674632,0.400953029271613,0.289283037721709,0,
0.456862407439297,0.362489044697634,0.740342493030665,0.575675062400726,0.227829128153885,0,
0.678319269846737,0.388606485539001,0.433492632417364,0.414340821420467,0.459655258556083,0,
0.393146202858619,0.762839614373357,0.559936280366388,0.290220104379396,0.282538096427679,0,
0.487170656104701,0.620508326029798,0.525487853444843,0.506240072611754,0.21184111916063,0,
0.643189254348201,0.448553900087642,0.322381521306252,0.382119355570683,0.305021234074444,0,
0.316858963320131,0.381069237510955,0.811230585424134,0.199228500113456,0.180364726455159,0,
0.335629412777682,0.329535495179667,0.739745121465551,0.734967097798956,0.178116412690482,0,
0.302738074737386,0.268886941279579,0.337913181999204,0.279782164737917,0.598551086684986,0,
0.7472016531772,0.48851884312007,0.312624452409399,0.51168595416383,0.258306270297277,0,
0.47063888410539,0.668711656441718,0.265232974910394,0.422282732017245,0.472395703222583,0,
0.260375408989151,0.437160385626643,0.772003185981681,0.189698207397322,0.227579315513365,0,
0.359738246943344,0.547765118317266,0.280565511748307,0.324029952348536,0.294529103172621,0,
0.3271913208197,0.330937773882559,0.803464755077658,0.21261629226231,0.402448163877092,0,
0.338384708110901,0.376161262050833,0.864794902429311,0.216473791695031,0.235823132650512,0,
0.352677802651972,0.44715162138475,0.690163281561131,0.547084184252326,0.219335498376218,0,
0.362321336318237,0.392638036809816,0.875746714456392,0.547311095983662,0.247064701473895,0,
0.307732047528844,0.307099035933392,0.582437275985663,0.793510324483776,0.32075943042718,0,
0.321680730153263,0.426818580192813,0.702708084428515,0.249149081007488,0.270547089682738,0,
0.80144653004994,0.308851884312007,0.341099163679809,0.378261856137962,0.305520859355483,0,
0.851730669881178,0.176511831726556,0.335125448028674,0.383934649421375,0.305770671996003,0,
0.338556914069227,0.336546888694128,0.529271206690561,0.229634672112548,0.809392955283537,0,
0.60513173755812,0.449956178790535,0.316407805655117,0.388019060585432,0.343992005995503,0,
0.311003960737042,0.367046450482033,0.720430107526882,0.549807125028364,0.424681488883337,0,
0.336834854485965,0.536371603856266,0.633612106730386,0.533469480372135,0.32075943042718,0,
0.329257792319614,0.347589833479404,0.543608124253286,0.694803721352394,0.32075943042718,0,
0.718787670053384,0.291148115687993,0.404221425726802,0.405945087361017,0.305021234074444,0,
0.610642328224557,0.279404031551271,0.347670250896057,0.379169503063308,0.300774419185611,0,
0.468744618563802,0.55407537248028,0.312624452409399,0.334694803721352,0.345740694479141,0,
0.641639400723265,0.415074496056091,0.448426921545201,0.477195371000681,0.47439420434674,0,
0.457895643189254,0.715863277826468,0.279171644763043,0.475153165418652,0.528103922058456,0,
0.320130876528328,0.35284837861525,0.587813620071685,0.792375765827093,0.32075943042718,1,
0.483726536938178,0.617177914110429,0.694743130227001,0.277739959155888,0.284536597551836,1,
0.323574995694851,0.386503067484663,0.501991238550378,0.706149307919219,0.32075943042718,1,
0.42087136214913,0.388431200701139,0.736957387495022,0.722033129112775,0.128903322508119,1,
0.353022214568624,0.335144609991236,0.543608124253286,0.855230315407307,0.728453659755184,1,
0.310487342862063,0.308851884312007,0.486857825567503,0.777172679827547,0.12165875593305,1,
0.35767177544343,0.373006134969325,0.839107925129431,0.190152030859995,0.194354234324257,1,
0.464783881522301,0.731638913234005,0.54778972520908,0.458134785568414,0.284786410192356,1,
0.316342345445152,0.335495179666959,0.58821186778176,0.510324483775811,0.456657506869848,1,
0.342173239194076,0.325679228746713,0.501592990840303,0.786022237349671,0.32075943042718,1,
0.384019287067333,0.455740578439965,0.56252489048188,0.525073746312684,0.147889083187609,1,
0.40743929739969,0.340929009640666,0.729390681003584,0.600862264579079,0.46140394703972,1,
0.347511623902187,0.401577563540754,0.531859816806053,0.250510551395507,0.32075943042718,1,
0.385396934733942,0.425942156003506,0.677817602548785,0.243249375992739,0.254059455408444,1,
0.355605303943516,0.38615249780894,0.542214257268021,0.701157249829816,0.32075943042718,1,
0.395384880316859,0.505170902716915,0.648546395858224,0.517358747447243,0.589058206345241,1,
0.319614258653349,0.305521472392638,0.501592990840303,0.825277966870887,0.148888333749688,1,
0.318925434820045,0.334618755477651,0.478693747510952,0.60857726344452,0.200349737696727,1,
0.313242638195282,0.37353198948291,0.437275985663082,0.648740639891082,0.32075943042718,1,
0.268813500947133,0.320070113935145,0.498008761449622,0.721125482187429,0.0637022233325007,1,
0.500774926812468,0.528483786152498,0.260055754679411,0.300658044020876,0.276292780414689,1,
0.324608231444808,0.363365468886941,0.623855037833532,0.797594735647833,0.125405945540844,1,
0.310659548820389,0.331638913234005,0.592592592592593,0.567052416609939,0.199100674494129,1,
0.366109867401412,0.410692375109553,0.522301871764237,0.587701384161561,0.231826130402198,1,
0.335629412777682,0.299386503067485,0.506172839506173,0.55593374177445,0.497626779915064,1,
0.348889271568796,0.312883435582822,0.73257666268419,0.722260040844112,0.690731951036722,1,
0.330463234027897,0.331113058720421,0.480485862206292,0.673474018606762,0.32075943042718,1,
0.411744446357844,0.37581069237511,0.765432098765432,0.204674381665532,0.150137396952286,1,
0.388496641983813,0.588431200701139,0.530465949820788,0.298842750170184,0.25655758181364,1,
0.474944033063544,0.474320771253287,0.693548387096774,0.649875198547765,0.209842618036473,1,
0.326158085069743,0.346888694127958,0.563520509757069,0.633991377354209,0.21134149387959,1,
0.32942999827794,0.289570552147239,0.502389486260454,0.799183117767189,0.641518860854359,1,
0.348372653693818,0.333742331288344,0.509557945041816,0.646244610846381,0.32075943042718,1,
0.363182366109867,0.346187554776512,0.676025487853445,0.850692080780576,0.138895828128903,1,
0.344756328568968,0.346538124452235,0.621465551573078,0.788291354663036,0.196102922807894,1,
0.365248837609781,0.333041191936897,0.716447630426125,0.663036078965282,0.595303522358231,1,
0.319786464611676,0.345135845749343,0.454400637196336,0.531427274790107,0.32075943042718,1,
0.395557086275185,0.43102541630149,0.740342493030665,0.22237349670978,0.26305271046715,1,
0.42672636473222,0.546538124452235,0.280167264038232,0.421601996823236,0.255058705970522,1,
0.390563113483726,0.680806310254163,0.524492234169654,0.586339913773542,0.21808643517362,1,
0.401239882899948,0.407887817703769,0.709080047789725,0.639664170637622,0.636522608043967,1,
0.340623385569141,0.374408413672217,0.192751891676623,0.759927388245972,0.146140394703972,1,
0.248148785947994,0.341104294478528,0.536240541616886,0.62355343771273,0.0676992255808144,1,
0.51816772860341,0.367221735319895,0.717642373556352,0.73474018606762,0.217336997252061,1,
0.302910280695712,0.291498685363716,0.515730784547989,0.311095983662355,0.244066949787659,1,
0.331152057861202,0.319719544259422,0.572879330943847,0.608123439981847,0.32075943042718,1,
0.376614430859308,0.740403155127082,0.252887295898049,0.487406398910824,0.528353734698976,1,
0.428448424315481,0.690972830850132,0.574273197929112,0.506920807805764,0.456157881588808,1,
0.412261064232822,0.34250657318142,0.505575467941059,0.830496936691627,0.179865101174119,1,
0.316514551403479,0.346538124452235,0.603146156909598,0.70546857272521,0.32075943042718,1,
0.385396934733942,0.426117440841367,0.677817602548785,0.243249375992739,0.253809642767924,1,
0.460650938522473,0.420157756354075,0.809239346873755,0.220331291127751,0.247314514114414,1,
0.46168417427243,0.507624890446976,0.659099960175229,0.624687996369412,0.171621284036972,1,
0.441363871189943,0.352673093777388,0.746913580246914,0.788972089857046,0.186859855108668,1,
0.315653521611848,0.321297107800175,0.566507367582636,0.549353301565691,0.201598800899326,1,
0.357499569485104,0.465731814198072,0.769812823576264,0.544361243476288,0.562827879090682,1,
0.45806784914758,0.308150744960561,0.620469932297889,0.659632402995235,0.550337247064702,1,
0.338901325985879,0.330411919368975,0.445041816009558,0.680281370546857,0.497876592555583,1,
0.361632512484932,0.466432953549518,0.653126244524094,0.786022237349671,0.32075943042718,1,
0.369037368692957,0.406134969325153,0.711867781760255,0.572725209893352,0.552335748188858,1,
0.312381608403651,0.320420683610868,0.549980087614496,0.558883594281824,0.190856857356982,1,
0.38143619769244,0.43453111305872,0.554958183990442,0.648286816428409,0.753434923807145,1,
0.371964869984501,0.796669588080631,0.60015929908403,0.519854776491945,0.26929802648014,1,
0.476493886688479,0.320595968448729,0.729589804858622,0.53641933287951,0.258556082937797,1,
0.38952987773377,0.312883435582822,0.663480684986061,0.509416836850465,0.476142892830377,1,
0.369553986567935,0.336021034180543,0.770808442851454,0.559337417744497,0.48713464901324,1,
0.371620458067849,0.430499561787905,0.457188371166866,0.235761288858634,0.638021483887085,1,
0.488376097812984,0.648553900087642,0.654520111509359,0.290673927842069,0.278790906819885,1,
0.348544859652144,0.357405784399649,0.510553564317005,0.792148854095757,0.0939295528353735,1,
0.32271396590322,0.360035056967572,0.71784149741139,0.620149761742682,0.164126904821384,1,
0.422765627690718,0.440666082383874,0.528076463560335,0.613342409802587,0.471646265301024,1,
0.324091613569829,0.322874671340929,0.510155316606929,0.761061946902655,0.32075943042718,1,
0.346822800068882,0.349167397020158,0.434886499402628,0.610846380757885,0.485385960529603,1,
0.434992250731875,0.456792287467134,0.756670649143767,0.237803494440663,0.407444416687484,1,
0.344756328568968,0.33444347063979,0.76742333731581,0.613342409802587,0.672495628278791,1,
0.354916480110212,0.35284837861525,0.795698924731183,0.534604039028818,0.503872095928054,1,
0.339590149819184,0.35512708150745,0.446435682994823,0.611754027683231,0.188608543592306,1,
0.436369898398485,0.297808939526731,0.605137395459976,0.802813705468573,0.596802398201349,1,
0.38815223006716,0.341980718667835,0.662485065710872,0.619922850011346,0.477391956032975,1,
0.378336490442569,0.38159509202454,0.77757865392274,0.590424324937599,0.493130152385711,1,
0.440330635439986,0.465907099035933,0.779569892473118,0.235080553664624,0.255058705970522,1,
0.311003960737042,0.367922874671341,0.428116288331342,0.615157703653279,0.562827879090682,1,
0.36352677802652,0.378790534618756,0.526284348864994,0.678466076696165,0.32075943042718,1,
0.473049767521956,0.595092024539877,0.668060533651932,0.291354663036079,0.286285286035473,1,
0.282762183571552,0.187730061349693,0.273795300677021,0.142273655547992,0.32075943042718,1,
0.449285345272946,0.603155127081507,0.535045798486659,0.306557749035625,0.294279290532101,1,
0.408300327191321,0.336546888694128,0.784348864994026,0.591558883594282,0.635023732200849,1,
0.31152057861202,0.354776511831727,0.427120669056153,0.490129339686862,0.32075943042718,1,
0.426381952815567,0.518843120070114,0.662485065710872,0.525073746312684,0.475393454908818,1,
0.372825899776132,0.719719544259422,0.624850657108722,0.496029044701611,0.273295028728454,1,
0.342173239194076,0.514285714285714,0.692751891676623,0.653051962786476,0.199850112415688,1,
0.322369553986568,0.357756354075372,0.468538430904022,0.438847288404811,0.545590806894829,1,
0.316170139486826,0.312883435582822,0.452409398645958,0.243022464261402,0.60929303022733,1,
0.390046495608748,0.437160385626643,0.672043010752688,0.241660993873383,0.691231576317762,1,
0.31375925607026,0.322348816827344,0.527877339705297,0.740639891082369,0.32075943042718,1,
0.41415532977441,0.517090271691499,0.716248506571087,0.523485364193329,0.620284786410192,1,
0.386085758567246,0.409815950920245,0.723416965352449,0.539369185386885,0.663002747939046,1,
0.353711038401929,0.408764241893076,0.682994822779769,0.548218742909008,0.236322757931551,1,
0.369381780609609,0.374408413672217,0.766626841895659,0.68595416383027,0.32075943042718,1,
0.255381436197692,0.371603856266433,0.259657506969335,0.717948717948718,0.128903322508119,1,
0.374203547442741,0.420508326029798,0.82078853046595,0.605627410937145,0.548088933300025,1,
0.392973996900293,0.31954425942156,0.524293110314616,0.71000680735194,0.1541343992006,1,
0.348544859652144,0.393339176161262,0.581640780565512,0.907420013614704,0.105920559580315,1,
0.38815223006716,0.461875547765118,0.781162883313421,0.583390061266167,0.571071696227829,1,
0.311692784570346,0.327957931638913,0.431302270011947,0.55525300658044,0.32075943042718,1,
0.364215601859824,0.529184925503944,0.667662285941856,0.563194917177218,0.603297526854859,1,
0.488376097812984,0.338299737072743,0.702309836718439,0.503063308373043,0.2560579565326,1,
0.369381780609609,0.401752848378615,0.772401433691756,0.576128885863399,0.648013989507869,1,
0.45806784914758,0.423663453111306,0.465153325368379,0.611527115951895,0.502872845365975,1,
0.385396934733942,0.378790534618756,0.835125448028674,0.195371000680735,0.503122658006495,1,
0.313587050111934,0.362313759859772,0.431700517722023,0.635352847742228,0.32075943042718,1,
0.316342345445152,0.357756354075372,0.631819992035046,0.57930565010211,0.163377466899825,1,
0.315825727570174,0.313584574934268,0.537634408602151,0.641933287950987,0.646015488383712,1,
0.347683829860513,0.448378615249781,0.514536041417762,0.673247106875425,0.137147139645266,1,
0.279662476321681,0.292375109553024,0.480884109916368,0.591558883594282,0.32075943042718,1,
0.382297227484071,0.299211218229623,0.469534050179211,0.730882686634899,0.570072445665751,1,
0.331152057861202,0.339351446099912,0.664874551971326,0.498978897208986,0.32075943042718,1,
0.419493714482521,0.643470639789658,0.561728395061728,0.498978897208986,0.503872095928054,1,
0.476493886688479,0.320420683610868,0.729589804858622,0.536192421148173,0.258556082937797,1,
0.395901498191837,0.335144609991236,0.666666666666667,0.542319037894259,0.427929053210092,1,
0.345272946443947,0.397370727432077,0.688968538430904,0.13592012707057,0.716462653010242,1,
0.386602376442225,0.36441717791411,0.766228594185583,0.22169276151577,0.230077441918561,1,
0.464439469605648,0.50920245398773,0.611509358821187,0.278647606081234,0.565326005495878,1,
0.3903909075254,0.391761612620508,0.654719235364397,0.218969820739732,0.197851611291531,1,
0.528844498019631,0.401752848378615,0.512544802867383,0.503517131835716,0.401948538596053,1,
0.360771482693301,0.324802804557406,0.55694942254082,0.577717267982755,0.32075943042718,1,
0.395729292233511,0.512182296231376,0.788530465949821,0.518720217835262,0.25655758181364,1,
0.354055450318581,0.387028921998247,0.522899243329351,0.791014295439074,0.12790407194604,1,
0.38367487515068,0.525503943908852,0.710075667064914,0.599727705922396,0.261054209342993,1,
0.409161356982952,0.623663453111306,0.634607726005575,0.61833446789199,0.244066949787659,1,
0.372825899776132,0.385276073619632,0.699322978892871,0.530746539596097,0.242568073944542,1,
0.324436025486482,0.330061349693252,0.469334926324174,0.616519174041298,0.32075943042718,1,
0.313931462028586,0.392988606485539,0.517722023098367,0.808940322214659,0.119410442168374,1,
0.378680902359222,0.294127957931639,0.434289127837515,0.681642840934876,0.663252560579565,1,
0.3903909075254,0.391586327782647,0.654520111509359,0.218742909008396,0.197851611291531,1,
0.314103667986912,0.342857142857143,0.440661091198726,0.510551395507148,0.629028228828379,1,
0.316514551403479,0.347414548641542,0.566905615292712,0.358747447243022,0.32075943042718,1,
0.566729808851386,0.426117440841367,0.609318996415771,0.524166099387338,0.479640269797652,1,
0.318581022903392,0.377563540753725,0.551573078454799,0.773315180394826,0.32075943042718,1,
0.436369898398485,0.618580192813322,0.699920350457985,0.457680962105741,0.275293529852611,1,
0.340795591527467,0.351095530236635,0.573874950219036,0.568413886997958,0.32075943042718,1,
0.413983123816084,0.40578439964943,0.699123855037833,0.694576809621057,0.0409692730452161,1,
0.34647838815223,0.421560035056968,0.573675826363998,0.648513728159746,0.32075943042718,1,
0.33304632340279,0.36546888694128,0.502389486260454,0.599273882459723,0.32075943042718,1,
0.313414844153608,0.368098159509202,0.461170848267622,0.636033582936238,0.151136647514364,1,
0.532633029102807,0.516389132340053,0.698327359617682,0.261629226230996,0.281289033225081,1,
0.354744274151886,0.372304995617879,0.481282357626444,0.626276378488768,0.654758930801899,1,
0.395384880316859,0.350219106047327,0.677817602548785,0.607215793056501,0.466400199850112,1,
0.374547959359394,0.296231375985977,0.735563520509757,0.907193101883367,0.150886834873845,1,
0.459273290855864,0.51726555652936,0.704699322978893,0.592012707056955,0.219335498376218,1,
0.410022386774582,0.452936021034181,0.822978892871366,0.677785341502156,0.32075943042718,1,
0.315481315653522,0.327782646801052,0.584229390681004,0.721806217381439,0.183112665500874,1,
0.31152057861202,0.309903593339176,0.537435284747113,0.530519627864761,0.32075943042718,1,
0.461339762355777,0.5034180543383,0.659697331740342,0.489448604492852,0.606545091181614,1,
0.378164284484243,0.437861524978089,0.856829948227798,0.573632856818698,0.232825380964277,1,
0.267952471155502,0.133917616126205,0.155714854639586,0.150896301338779,0.32075943042718,1,
0.366970897193043,0.69307624890447,0.74173636001593,0.252325845246199,0.272295778166375,1,
0.445152402273119,0.290096406660824,0.730784547988849,0.529158157476742,0.417436922308269,1,
0.368348544859652,0.38965819456617,0.748108323377141,0.533242568640799,0.32075943042718,1,
