540,5,2,
0.732736352677803,0.190184049079755,0.40442054958184,0.401406852734286,0.297027229577817,0,
0.403650766316514,0.557230499561788,0.262445240939865,0.407079646017699,0.292030976767424,0,
0.330979851902876,0.410867659947415,0.845878136200717,0.602904470161107,0.229078191356483,0,
0.331496469777854,0.670289219982471,0.250099561927519,0.421828908554572,0.364476642518111,0,
0.506285517478905,0.385977212971078,0.322182397451215,0.341048332198775,0.337496877341994,0,
0.545204064060617,0.394566170026293,0.328753484667463,0.342182890855457,0.33974519110667,0,
0.778198725675908,0.292199824715162,0.400438072481083,0.378034944406626,0.347739195603298,0,
0.900637162045807,0.18510078878177,0.399044205495818,0.341048332198775,0.338496127904072,0,
0.306354399862235,0.280631025416301,0.443249701314217,0.621284320399365,0.729952535598301,0,
0.496814189770966,0.809114811568799,0.249303066507368,0.476060812343998,0.251311516362728,0,
0.467022558980541,0.515162138475022,0.30326563122262,0.404810528704334,0.297776667499375,0,
0.339245737902531,0.431375985977213,0.754082039028276,0.24120717041071,0.262053459905071,0,
0.311692784570346,0.306397896581946,0.509358821186778,0.298615838438847,0.32075943042718,0,
0.412088858274496,0.532865907099036,0.267821585025886,0.308599954617654,0.28178865850612,0,
0.340451179610815,0.514285714285714,0.574074074074074,0.457680962105741,0.400699475393455,0,
0.848286550714655,0.195092024539877,0.392871365989646,0.341729067392784,0.338995753185111,0,
0.58808334768383,0.527432077125329,0.482477100756671,0.648059904697073,0.227079690232326,0,
0.711382813845359,0.281332164767748,0.38331342094783,0.377581120943953,0.342243317511866,0,
0.31823661098674,0.434706397896582,0.601752289924333,0.281597458588609,0.278541094179365,0,
0.346995006027209,0.446801051709027,0.800278773397053,0.221465849784434,0.21159130652011,0,
0.358705011193387,0.455565293602103,0.619872560732776,0.491490810074881,0.264051961029228,0,
0.403306354399862,0.584925503943909,0.683990442054958,0.269117313365101,0.32075943042718,0,
0.11296710866196,0.508150744960561,0.17921146953405,0.266621284320399,0.32075943042718,0,
0.282589977613225,0.29307624890447,0.478693747510952,0.211708645336964,0.0094928803397452,0,
0.402789736524884,0.775985977212971,0.271007566706491,0.316541865214432,0.289033225081189,0,
0.470294472188738,0.517791411042945,0.305256869772999,0.397549353301566,0.296027979015738,0,
0.382297227484071,0.577914110429448,0.472520908004779,0.415021556614477,0.285535848113915,0,
0.339245737902531,0.46327782646801,0.736559139784946,0.194690265486726,0.224831376467649,0,
0.696056483554331,0.319894829097283,0.413978494623656,0.381438620376673,0.33974519110667,0,
0.302910280695712,0.282909728308501,0.450418160095579,0.240299523485364,0.32075943042718,0,
0.848803168589633,0.302892199824715,0.452807646356033,0.5214431586113,0.248063952035973,0,
0.400895470983296,0.723575810692375,0.514336917562724,0.470614930791922,0.565825630776917,0,
0.495436542104357,0.620333041191937,0.600756670649144,0.508509189925119,0.220584561578816,0,
0.330635439986223,0.458895705521472,0.892871365989646,0.213750850918992,0.217087184611541,0,
0.342345445152402,0.36669588080631,0.491238550378335,0.731336510097572,0.715463402448164,0,
0.856380230755984,0.285363716038563,0.595778574273198,0.308146131154981,0.299775168623532,0,
0.518856552436714,0.427344434706398,0.314615690959777,0.382800090764693,0.304521608793405,0,
0.347339417943861,0.463628396143734,0.760454002389486,0.218969820739732,0.438670996752436,0,
0.314275873945238,0.284312007011393,0.454400637196336,0.499432720671659,0.0809392955283537,0,
0.33976235577751,0.540753724802805,0.52568697729988,0.434082142046744,0.361229078191356,0,
0.569485104184605,0.637686240140228,0.287136598964556,0.409121851599728,0.361478890831876,0,
0.763389013259859,0.319018404907975,0.339904420549582,0.377354209212616,0.310517112165876,0,
0.644911313931462,0.325679228746713,0.776981282357626,0.257771726798275,0.280539595303522,0,
0.88841053900465,0.316389132340053,0.336121067303863,0.383253914227366,0.339245565825631,0,
0.330463234027897,0.41262050832603,0.840700915969733,0.204447469934196,0.32075943042718,0,
0.419665920440847,0.671516213847502,0.270011947431302,0.416609938733833,0.25655758181364,0,
0.330291028069571,0.49307624890447,0.510752688172043,0.508736101656456,0.264801398950787,0,
0.913208197003616,0.326906222611744,0.44942254082039,0.336737009303381,0.306520109917562,0,
0.351127949027036,0.323575810692375,0.751294305057746,0.626730201951441,0.46140394703972,0,
0.315481315653522,0.33339176161262,0.527279968140183,0.475380077149989,0.32075943042718,0,
0.38815223006716,0.687291849255039,0.538032656312226,0.242341729067393,0.62178366225331,0,
0.904597899087308,0.183347940403155,0.396853843090402,0.341502155661448,0.336247814139395,0,
0.277423798863441,0.192813321647677,0.265830346475508,0.660993873383254,0.638770921808644,0,
0.332013087652833,0.380718667835232,0.740740740740741,0.231676877694577,0.247314514114414,0,
0.664198381263992,0.615249780893953,0.291915571485464,0.332652598139324,0.302523107669248,0,
0.328052350611331,0.483786152497809,0.557347670250896,0.432947583390061,0.370222333250062,0,
0.249526433614603,0.431551270815074,0.585225009956193,0.241434082142047,0.252310766924806,0,
0.429998277940417,0.617703768624014,0.267622461170848,0.315634218289086,0.32075943042718,0,
0.38143619769244,0.57475898334794,0.602747909199522,0.280462899931926,0.277042218336248,0,
0.501808162562425,0.53339176161262,0.314615690959777,0.334240980258679,0.345740694479141,0,
0.542965386602376,0.609465381244522,0.250298685782557,0.317449512139778,0.294029477891581,0,
0.549853624935423,0.524276950043821,0.479091995221027,0.319037894259133,0.29477891581314,0,
0.320130876528328,0.451358457493427,0.589008363201912,0.278647606081234,0.32075943042718,0,
0.349578095402101,0.502716914986854,0.75826363998407,0.236442024052643,0.32075943042718,0,
0.422765627690718,0.456441717791411,0.303863002787734,0.262083049693669,0.796152885335998,0,
0.738074737385913,0.34022787028922,0.400836320191159,0.395507147719537,0.34599050711966,0,
0.305665576028931,0.298510078878177,0.424930306650737,0.454958021329703,0.32075943042718,0,
0.753056655760289,0.378264680105171,0.593986459577857,0.288858633991377,0.289782663002748,0,
0.447563285689685,0.566345311130587,0.281162883313421,0.442024052643522,0.618036472645516,0,
0.304632340278974,0.331113058720421,0.475109518120271,0.466303607896528,0.32075943042718,0,
0.311003960737042,0.312883435582822,0.548387096774194,0.358747447243022,0.32075943042718,0,
0.347511623902187,0.534092900964067,0.636399840700916,0.270251872021783,0.261304021983512,0,
0.319786464611676,0.308326029798422,0.529669454400637,0.790333560245065,0.102173369972521,0,
0.349922507318753,0.432252410166521,0.614297092791716,0.545949625595643,0.32075943042718,0,
0.357155157568452,0.452410166520596,0.603146156909598,0.489448604492852,0.267049712715463,0,
0.464956087480627,0.547239263803681,0.432696136997212,0.413660086226458,0.279790157381964,0,
0.595315997933528,0.402979842243646,0.535444046196734,0.717041071023372,0.208343742193355,0,
0.809195798174617,0.315512708150745,0.338311429709279,0.342409802586794,0.308768423682238,0,
0.475460650938522,0.590184049079755,0.251493428912784,0.295892897662809,0.273045216087934,0,
0.314448079903565,0.36091148115688,0.795101553166069,0.556614476968459,0.234324256807394,0,
0.313587050111934,0.350219106047327,0.55236957387495,0.855230315407307,0.32075943042718,0,
0.332874117444464,0.503593339176161,0.6415770609319,0.521216246879964,0.215338496127904,0,
0.417943860857586,0.698334794040316,0.593986459577857,0.453369639210347,0.273295028728454,0,
0.486826244188049,0.627695004382121,0.303464755077658,0.397776265032902,0.280789407944042,0,
0.463406233855691,0.756003505696757,0.528872958980486,0.505786249149081,0.399200599550337,0,
0.38952987773377,0.76546888694128,0.235364396654719,0.298615838438847,0.273794654009493,0,
0.832960220423627,0.185977212971078,0.384508164078057,0.379396414794645,0.300274793904572,0,
0.329602204236267,0.483786152497809,0.715651135005974,0.235761288858634,0.32075943042718,0,
0.548131565352161,0.547765118317266,0.495619275189168,0.567733151803948,0.497376967274544,0,
0.0180816256242466,0.351621384750219,0.325567502986858,0.329929657363286,0.297776667499375,0,
0.334079559152747,0.409640666082384,0.441855834328953,0.460630814613115,0.460904321758681,0,
0.517306698811779,0.709027169149869,0.278972520908005,0.417063762196506,0.406195353484886,0,
0.326846908903048,0.470289219982471,0.650139386698526,0.247333787156796,0.27554334249313,0,
0.356638539693473,0.446801051709027,0.693747510951812,0.505105513955071,0.32075943042718,0,
0.383847081109006,0.81034180543383,0.248108323377141,0.560018152938507,0.252810392205846,0,
0.510590666437059,0.620333041191937,0.295300677021107,0.320853188109825,0.404946290282288,0,
0.369037368692957,0.63102541630149,0.714257268020709,0.51690492398457,0.246565076192855,0,
0.387980024108834,0.609465381244522,0.551772202309837,0.447243022464261,0.368723457406945,0,
0.368004132943,0.484136722173532,0.462962962962963,0.427501701837985,0.32075943042718,0,
0.781815050800758,0.354250657318142,0.441656710473915,0.339006126616746,0.340744441668748,0,
0.350783537110384,0.439439088518843,0.68478693747511,0.526889040163376,0.221833624781414,0,
0.773721370759428,0.329184925503944,0.4778972520908,0.514408894939868,0.420684486635024,0,
0.345789564318925,0.430148992112182,0.929311031461569,0.180848649875199,0.226580064951287,0,
0.306871017737214,0.300788781770377,0.438271604938272,0.218742909008396,0.709218086435174,0,
0.416221801274324,0.572129710780018,0.554759060135404,0.300431132289539,0.372970272295778,0,
0.381091785775788,0.426292725679229,0.63878932696137,0.277513047424552,0.384961279040719,0,
0.436025486481832,0.773356704645048,0.243727598566308,0.471522577717268,0.399200599550337,0,
0.333735147236094,0.390184049079755,0.649542015133413,0.838211935557068,0.32075943042718,0,
0.674530738763561,0.560560911481157,0.285941855834329,0.534830950760154,0.265051211591307,0,
0.355605303943516,0.514285714285714,0.632616487455197,0.253914227365555,0.32075943042718,0,
0.332357499569485,0.445398773006135,0.744524093986459,0.233945995007942,0.187109667749188,0,
0.352850008610298,0.347063978965819,0.850457984866587,0.19310188336737,0.418935798151386,0,
0.359393835026692,0.452234881682734,0.826563122262047,0.183571590651237,0.32075943042718,0,
0.316342345445152,0.279579316389132,0.444643568299482,0.584751531654186,0.754683987009743,0,
0.406750473566385,0.622261174408414,0.726403823178017,0.264125255275698,0.261054209342993,0,
0.349233683485449,0.390534618755478,0.884707287933094,0.629680054458815,0.182113414938796,0,
0.49216462889616,0.40578439964943,0.324372759856631,0.380077149988654,0.335998001498876,0,
0.365248837609781,0.582822085889571,0.497809637594584,0.431132289539369,0.369472895328504,0,
0.323574995694851,0.427344434706398,0.75826363998407,0.213750850918992,0.253809642767924,0,
0.313587050111934,0.358457493426819,0.441855834328953,0.521216246879964,0.32075943042718,0,
0.427587394523851,0.771779141104295,0.278574273197929,0.427728613569322,0.420434673994504,0,
0.609264680557947,0.334794040315513,0.346276383910792,0.379396414794645,0.336247814139395,0,
0.381263991734114,0.631551270815074,0.2536837913182,0.315861130020422,0.353734698975768,0,
0.320130876528328,0.461700262927257,0.5221027479092,0.434082142046744,0.32075943042718,0,
0.353883244360255,0.527782646801052,0.61768219832736,0.466984343090538,0.26305271046715,0,
0.355777509901843,0.756529360210342,0.260454002389486,0.433855230315407,0.287534349238071,0,
0.432409161356983,0.594390885188431,0.272600557546794,0.281143635125936,0.678241319010742,0,
0.340278973652488,0.32760736196319,0.756670649143767,0.563421828908555,0.207844116912316,0,
0.432236955398657,0.5034180543383,0.302668259657507,0.399818470614931,0.299025730701974,0,
0.850180816256242,0.323926380368098,0.578853046594982,0.29906966190152,0.296777416937297,0,
0.382813845359049,0.585276073619632,0.483273596176822,0.442931699568868,0.2433175118661,0,
0.320991906319959,0.330061349693252,0.22700119474313,0.817562968005446,0.32075943042718,0,
0.30118822111245,0.286765994741455,0.43010752688172,0.257317903335602,0.181114164376717,0,
0.313242638195282,0.374057843996494,0.620669056152927,0.758565917857953,0.32075943042718,0,
0.369553986567935,0.41384750219106,0.856829948227798,0.566144769684593,0.225830627029728,0,
0.705700017220596,0.435232252410166,0.313620071684588,0.341275243930111,0.32075943042718,0,
0.317892199070088,0.364066608238387,0.717244125846276,0.600635352847742,0.17287034723957,0,
0.327707938694679,0.325854513584575,0.49084030266826,0.567960063535285,0.920309767674244,0,
0.480282417771655,0.482033304119194,0.285941855834329,0.330837304288632,0.343242568073945,0,
0.336662648527639,0.78387379491674,0.262046993229789,0.647832992965736,0.22458156382713,0,
0.311348372653694,0.294829097283085,0.446236559139785,0.493079192194236,0.833624781413939,0,
0.712932667470294,0.431726555652936,0.314615690959777,0.341955979124121,0.32075943042718,0,
0.466678147063888,0.405609114811569,0.31521306252489,0.336963921034717,0.32075943042718,0,
0.457895643189254,0.477826468010517,0.312823576264436,0.336056274109371,0.307019735198601,0,
0.420182538315826,0.835407537248028,0.266228594185583,0.296119809394146,0.391706220334749,0,
0.409333562941278,0.480280455740578,0.425925925925926,0.402768323122305,0.285535848113915,0,
0.347683829860513,0.594390885188431,0.610911987256073,0.47401860676197,0.254309268048963,0,
0.868434647838815,0.183523225241017,0.342692154520111,0.376219650555934,0.30776917312016,0,
0.345961770277252,0.627870289219982,0.5073675826364,0.426594054912639,0.263552335748189,0,
0.751851214052006,0.290271691498685,0.400438072481083,0.410029498525074,0.30102423182613,0,
0.334251765111073,0.555302366345311,0.27757865392274,0.44474699341956,0.285535848113915,0,
0.305148958153952,0.290972830850131,0.473715651135006,0.473791695030633,0.430177366974769,0,
0.426209746857241,0.523575810692375,0.554559936280366,0.461311549807125,0.382213339995004,0,
0.254003788531083,0.610867659947415,0.270808442851454,0.299977308826866,0.32075943042718,0,
0.345100740485621,0.562138475021911,0.274392672242135,0.431813024733379,0.291281538845866,0,
0.350266919235405,0.491673970201577,0.787933094384707,0.210347174948945,0.468898326255309,0,
0.318064405028414,0.320595968448729,0.528275587415372,0.440435670524166,0.274793904571571,0,
0.397451351816773,0.718317265556529,0.276184786937475,0.415248468345813,0.253809642767924,0,
0.385741346650594,0.391060473269062,0.83273596176822,0.176537326979805,0.242318261304022,0,
0.345789564318925,0.690446976336547,0.260055754679411,0.420240526435217,0.364226829877592,0,
0.351300154985362,0.365293602103418,0.833333333333333,0.562060358520535,0.449412940294779,0,
0.618736008265886,0.313935144609991,0.448626045400239,0.417063762196506,0.393704721458906,0,
0.338556914069227,0.685539000876424,0.510155316606929,0.451327433628319,0.285036222832875,0,
0.837093163423454,0.190008764241893,0.405017921146953,0.339233038348083,0.341993504871347,0,
0.334940588944377,0.317440841367222,0.759458383114297,0.558202859087815,0.472645515863103,0,
0.475805062855175,0.531463628396144,0.305057745917961,0.295892897662809,0.765675743192606,0,
0.351300154985362,0.449605609114812,0.584826762246117,0.460857726344452,0.184861353984512,0,
0.283451007404856,0.299912357581069,0.438470728793309,0.47787610619469,0.107669248063952,0,
0.497847425520923,0.590359333917616,0.289924332935086,0.412525527569775,0.374718960779415,0,
0.780437403134148,0.187905346187555,0.387295898048586,0.385523031540731,0.306270297277042,0,
0.400551059066644,0.694829097283085,0.279569892473118,0.418652144315861,0.251561329003248,0,
0.495264336146031,0.627695004382121,0.294703305455994,0.410029498525074,0.359730202348239,0,
0.340106767694162,0.431200701139351,0.636798088410992,0.250283639664171,0.32075943042718,0,
0.226450835198898,0.0929009640666082,0.304659498207885,0.335602450646698,0.303522358231327,0,
0.403306354399862,0.724276950043821,0.598566308243728,0.503970955298389,0.265800649512865,0,
0.327535732736353,0.495880806310254,0.769215452011151,0.562287270251872,0.32075943042718,0,
0.532460823144481,0.518667835232252,0.311429709279172,0.335602450646698,0.343242568073945,0,
0.416566213190976,0.857142857142857,0.221027479091995,0.435670524166099,0.285535848113915,0,
0.415016359566041,0.640315512708151,0.252090800477897,0.312684365781711,0.32075943042718,0,
0.442569312898226,0.54829097283085,0.553365193150139,0.301792602677558,0.28178865850612,0,
0.327707938694679,0.440315512708151,0.716845878136201,0.222600408441116,0.32075943042718,0,
0.48183227139659,0.675021910604733,0.27757865392274,0.421375085091899,0.575318511116662,0,
0.562252453934906,0.319368974583699,0.387495021903624,0.383707737690039,0.27579315513365,0,
0.41191665231617,0.660999123575811,0.257666268418957,0.313592012707057,0.32075943042718,0,
0.55398656793525,0.479754601226994,0.317403424930307,0.389153619242115,0.300774419185611,0,
0.370587222317892,0.657668711656442,0.626443647949024,0.514181983208532,0.32075943042718,0,
0.355260892026864,0.368273444347064,0.846674631620868,0.716814159292035,0.190107419435423,0,
0.846908903048045,0.168799298860649,0.336917562724014,0.380077149988654,0.302772920309768,0,
0.356121921818495,0.764241893076249,0.227598566308244,0.466757431359201,0.491131651261554,0,
0.311176166695368,0.301314636283961,0.437873357228196,0.557068300431132,0.601798651011741,0,
0.359221629068366,0.567572304995618,0.492831541218638,0.439074200136147,0.282787909068199,0,
0.382125021525745,0.582997370727432,0.848466746316209,0.215339233038348,0.24356732450662,0,
0.722059583261581,0.289044697633655,0.44305057745918,0.336963921034717,0.303272545590807,0,
0.554503185810229,0.477300613496932,0.316806053365193,0.388926707510778,0.300524606545091,0,
0.283623213363182,0.989833479404032,0.266228594185583,0.303607896528251,0.280289782663003,0,
0.334940588944377,0.332340052585451,0.453803265631223,0.579078738370774,0.585061204096927,0,
0.354744274151886,0.681332164767748,0.229390681003584,0.229861583843885,0.662752935298526,0,
0.334596177027725,0.454338299737073,0.818797291915571,0.239845700022691,0.32075943042718,0,
0.324436025486482,0.471691498685364,0.644763042612505,0.508055366462446,0.164376717461904,0,
0.730842087136215,0.297808939526731,0.422739944245321,0.340367597004765,0.307269547839121,0,
0.400206647149991,0.656091148115688,0.513341298287535,0.44928522804629,0.246565076192855,0,
0.341656621319098,0.47467134092901,0.302070888092393,0.325391422736555,0.349737696727454,0,
0.523161701394868,0.505170902716915,0.461768219832736,0.476060812343998,0.580064951286535,0,
0.475460650938522,0.788781770376862,0.237355635205098,0.304742455184933,0.361229078191356,0,
0.357327363526778,0.619982471516214,0.647749900438072,0.592239618788291,0.32075943042718,0,
0.853797141381092,0.327432077125329,0.404221425726802,0.320172452915816,0.482638021483887,0,
0.713621491303599,0.28045574057844,0.390681003584229,0.394145677331518,0.305271046714964,0,
0.416049595315998,0.444347063978966,0.319593787335723,0.33741774449739,0.308268798401199,0,
0.396073704150164,0.62418930762489,0.650139386698526,0.30496936691627,0.282787909068199,0,
0.3791975202342,0.612795793163891,0.53126244524094,0.301338779214885,0.281289033225081,0,
0.50111933872912,0.336371603856266,0.316806053365193,0.399364647152258,0.297776667499375,0,
0.346306182193904,0.594566170026293,0.264834727200319,0.435897435897436,0.32075943042718,0,
0.87136214913036,0.345311130587204,0.43110314615691,0.51690492398457,0.276292780414689,0,
0.305493370070604,0.297984224364592,0.424332935085623,0.454731109598366,0.32075943042718,0,
0.329257792319614,0.448203330411919,0.740342493030665,0.23144996596324,0.32075943042718,0,
0.341656621319098,0.433829973707274,0.778176025487853,0.750397095529839,0.32075943042718,0,
0.794041673841915,0.36319018404908,0.329549980087614,0.418652144315861,0.297526854858856,0,
0.327019114861374,0.328659070990359,0.802668259657507,0.21783526208305,0.401698725955533,0,
0.84535904942311,0.371078001752848,0.411190760653126,0.518266394372589,0.250811891081689,0,
0.615636301016015,0.615074496056091,0.512743926722421,0.308373042886317,0.35873095178616,0,
0.765627690718099,0.329710780017528,0.588610115491836,0.295665985931473,0.284536597551836,0,
0.371276046151197,0.456091148115688,0.672441258462764,0.263898343544361,0.229827629278041,0,
0.326674702944722,0.382997370727432,0.746117084826762,0.678692988427502,0.200849362977767,0,
0.444807990356466,0.620858895705521,0.27299880525687,0.435216700703426,0.267049712715463,0,
0.355260892026864,0.712357581069238,0.28673835125448,0.316768776945768,0.362977766674994,0,
0.751162390218702,0.341980718667835,0.451413779370769,0.597458588609031,0.247064701473895,0,
0.694162218012743,0.346888694127958,0.341696535244922,0.387792148854096,0.308018985760679,0,
0.61270879972447,0.36546888694128,0.389884508164078,0.390288177898797,0.276542593055209,0,
0.387807818150508,0.750744960560911,0.255675029868578,0.423417290673928,0.284786410192356,0,
0.447907697606337,0.717616126205083,0.528076463560335,0.297027456319492,0.283787159630277,0,
0.446185638023076,0.744609991235758,0.521704500199124,0.480599046970728,0.428678491131651,0,
0.462200792147408,0.665907099035933,0.305455993628037,0.324937599273882,0.29502872845366,0,
0.328052350611331,0.342857142857143,0.543010752688172,0.733832539142274,0.203847114664002,0,
0.375925607026003,0.615950920245399,0.662485065710872,0.496255956432948,0.257057207094679,0,
0.443774754606509,0.375109553023663,0.326363998407009,0.343998184706149,0.337496877341994,0,
0.339245737902531,0.718667835232252,0.273795300677021,0.41479464488314,0.359730202348239,0,
0.307559841570518,0.286590709903593,0.417164476304261,0.461084638075789,0.229078191356483,0,
0.476321680730153,0.725854513584575,0.277777777777778,0.312911277513047,0.384211841119161,0,
0.388324436025486,0.706748466257669,0.515133412982875,0.29975039709553,0.28178865850612,0,
0.364904425693129,0.460999123575811,0.532457188371167,0.463807578851827,0.283787159630277,0,
0.589633201308765,0.727432077125329,0.286539227399442,0.329929657363286,0.302023482388209,0,
0.343895298777338,0.446801051709027,0.683990442054958,0.247560698888133,0.255558331251561,0,
0.468916824522128,0.409465381244522,0.321385902031063,0.339459950079419,0.305770671996003,0,
0.596865851558464,0.487992988606485,0.464356829948228,0.42001361470388,0.519860104921309,0,
0.32271396590322,0.418054338299737,0.893866985264835,0.189017472203313,0.432675493379965,0,
0.877733769588428,0.182646801051709,0.399442453205894,0.384615384615385,0.306020484636523,0,
0.371276046151197,0.69535495179667,0.242731979291119,0.304742455184933,0.290032475643268,0,
0.440675047356639,0.758983347940403,0.263241736360016,0.546403449058316,0.262303272545591,0,
0.338729120027553,0.46205083260298,0.730585424133811,0.526889040163376,0.235323507369473,0,
0.426381952815567,0.621735319894829,0.2536837913182,0.314726571363739,0.356982263302523,0,
0.47063888410539,0.541454864154251,0.311628833134209,0.326979804855911,0.299775168623532,0,
0.429481660065438,0.322699386503067,0.611509358821187,0.841388699795779,0.157881588808394,0,
0.688651627346306,0.404382120946538,0.518916766228594,0.309507601543,0.375968023982014,0,
0.33976235577751,0.517090271691499,0.276383910792513,0.410029498525074,0.297526854858856,0,
0.329774410194593,0.328834355828221,0.569494225408204,0.751758565917858,0.32075943042718,0,
0.692267952471155,0.451533742331288,0.428514536041418,0.395280235988201,0.302023482388209,0,
0.363010160151541,0.398948290972831,0.743329350856233,0.249602904470161,0.259805146140395,0,
0.741002238677458,0.431551270815074,0.566109119872561,0.469026548672566,0.286035473394954,0,
0.407267091441364,0.666608238387379,0.486658701712465,0.66712049012934,0.229577816637522,0,
0.334940588944377,0.294653812445223,0.515929908403027,0.8738370773769,0.32075943042718,0,
0.311864990528672,0.330411919368975,0.633612106730386,0.82051282051282,0.155383462403198,0,
0.499913897020837,0.558457493426819,0.457785742731979,0.504197867029725,0.48713464901324,0,
0.320130876528328,0.355477651183173,0.570888092393469,0.828227819378262,0.165126155383462,0,
0.517306698811779,0.597370727432077,0.293707686180804,0.313592012707057,0.364976267799151,0,
0.425865334940589,0.609815950920245,0.235762644364795,0.303380984796914,0.366974768923308,0,
0.747029447218874,0.317090271691499,0.398645957785743,0.388926707510778,0.30776917312016,0,
0.360427070776649,0.539176161262051,0.671644763042613,0.260948491036987,0.257556832375718,0,
0.329774410194593,0.33567046450482,0.482875348466746,0.513047424551849,0.32075943042718,0,
0.507490959187188,0.637510955302366,0.299084030266826,0.32312230542319,0.381963527354484,0,
0.706733252970553,0.346713409290096,0.339506172839506,0.375312003630588,0.332000999250562,0,
0.487170656104701,0.448028045574058,0.318399044205496,0.338552303154073,0.306769922558081,0,
0.391079731358705,0.549167397020158,0.619872560732776,0.274790106648514,0.28203847114664,0,
0.311864990528672,0.309728308501315,0.261449621664675,0.872021783526208,0.132900324756433,0,
0.33080764594455,0.476599474145486,0.728195937873357,0.219196732471069,0.254309268048963,0,
0.337351472360944,0.334794040315513,0.482676224611708,0.276378488767869,0.706969772670497,0,
0.393318408816945,0.63558282208589,0.479689366786141,0.436805082822782,0.284786410192356,0,
0.402100912691579,0.771603856266433,0.232178414974114,0.469707283866576,0.273295028728454,0,
0.312381608403651,0.329710780017528,0.613898845081641,0.577717267982755,0.32075943042718,0,
0.404684002066471,0.548641542506573,0.290123456790123,0.325164511005219,0.32075943042718,0,
0.378680902359222,0.419456617002629,0.700517722023098,0.513501248014522,0.421184111916063,0,
0.543826416394007,0.35407537248028,0.33731581043409,0.388472884048105,0.350237322008494,0,
0.445324608231445,0.567922874671341,0.297889287136599,0.402995234853642,0.289283037721709,0,
0.356294127776821,0.534618755477651,0.640979689366786,0.244837758112094,0.25031226580065,0,
0.581539521267436,0.547239263803681,0.287534846674632,0.297708191513501,0.552835373469898,0,
0.448079903564663,0.727782646801052,0.280764635603345,0.319945541184479,0.28878341244067,0,
0.475805062855175,0.685714285714286,0.28036638789327,0.319037894259133,0.291781164126905,0,
0.905975546753918,0.184049079754601,0.398645957785743,0.341275243930111,0.337247064701474,0,
0.344584122610642,0.451533742331288,0.926722421346077,0.203312911277513,0.32075943042718,0,
0.389874289650422,0.818755477651183,0.242333731581043,0.529158157476742,0.253310017486885,0,
0.729120027552953,0.279404031551271,0.389486260454002,0.395053324256864,0.304521608793405,0,
0.415705183399346,0.698510078878177,0.270011947431302,0.414567733151804,0.281039220584562,0,
0.749612536593766,0.311130587204207,0.410991636798088,0.378942591331972,0.343742193354984,0,
0.267952471155502,0.445398773006135,0.696136997212266,0.238484229634672,0.267299525355983,0,
0.523850525228173,0.446099912357581,0.309438470728793,0.336510097572044,0.342243317511866,0,
0.449801963147925,0.383523225241017,0.331342094782955,0.37644656228727,0.347489382962778,0,
0.61270879972447,0.563014899211218,0.280167264038232,0.398230088495575,0.265550836872346,0,
0.389185465817117,0.648378615249781,0.512544802867383,0.421828908554572,0.370472145890582,0,
0.374203547442741,0.738825591586328,0.273795300677021,0.308373042886317,0.281289033225081,0,
0.33976235577751,0.461524978089395,0.825169255276782,0.240072611754028,0.450412190856857,0,
0.42896504219046,0.474496056091148,0.315611310234966,0.331518039482641,0.32075943042718,0,
0.408816945066299,0.438387379491674,0.705097570688969,0.499886544134332,0.269547839120659,0,
0.364560013776477,0.495530236634531,0.281959378733572,0.324029952348536,0.29502872845366,0,
0.399690029275013,0.539176161262051,0.276184786937475,0.317222600408441,0.29502872845366,0,
0.799035646633373,0.319368974583699,0.540621266427718,0.435216700703426,0.280539595303522,0,
0.307387635612192,0.300438212094654,0.494623655913978,0.494894486044929,0.206844866350237,0,
0.32271396590322,0.312007011393514,0.556152927120669,0.744724302246426,0.170622033474894,0,
0.395729292233511,0.510078878177038,0.29231381919554,0.324256864079873,0.302023482388209,0,
0.267435853280523,0.476774758983348,0.676224611708483,0.235534377127297,0.32075943042718,0,
0.378853108317548,0.62646801051709,0.269812823576264,0.318810982527797,0.296027979015738,0,
0.818839331840882,0.321647677475898,0.338510553564317,0.341729067392784,0.308518611041719,0,
0.344584122610642,0.549693251533742,0.307048984468339,0.327433628318584,0.297027229577817,0,
0.450662992939556,0.624890446976337,0.274193548387097,0.41479464488314,0.287034723957032,0,
0.344756328568968,0.457142857142857,0.710075667064914,0.209212616292262,0.245316012990257,0,
0.678319269846737,0.400525854513585,0.333731581043409,0.387111413660086,0.343992005995503,0,
0.319442052695023,0.368098159509202,0.720430107526882,0.602904470161107,0.458905820634524,0,
0.854141553297744,0.308150744960561,0.402429311031462,0.38688450192875,0.419185610791906,0,
0.423971069399001,0.769149868536372,0.272202309836718,0.311322895393692,0.360479640269798,0,
0.482004477354916,0.658194566170026,0.283751493428913,0.320399364647152,0.292780414688983,0,
0.599621146891682,0.370376862401402,0.332935085623258,0.384842296346721,0.340994254309268,0,
0.375753401067677,0.605258545135846,0.749900438072481,0.248922169276152,0.259305520859355,0,
0.884449801963148,0.297808939526731,0.340900039824771,0.343998184706149,0.337996502623033,0,
0.450835198897882,0.36546888694128,0.330943847072879,0.375765827093261,0.309767674244317,0,
0.677458240055106,0.328308501314636,0.39705296694544,0.380077149988654,0.337996502623033,0,
0.340795591527467,0.444522348816827,0.870171246515333,0.183571590651237,0.226580064951287,0,
0.793697261925263,0.323926380368098,0.614496216646754,0.283866575901974,0.285286035473395,0,
0.314103667986912,0.293251533742331,0.482078853046595,0.857045609257999,0.159630277292031,0,
0.516962286895126,0.553198948290973,0.28673835125448,0.32834127524393,0.295278541094179,0,
0.351472360943689,0.409114811568799,0.94205495818399,0.183571590651237,0.418436172870347,0,
0.650938522472878,0.356529360210342,0.340900039824771,0.343544361243476,0.336497626779915,0,
0.725503702428104,0.293777388255916,0.53126244524094,0.690265486725664,0.228078940794404,0,
0.443258136731531,0.763716038562664,0.264237355635205,0.413886997957794,0.440669497876593,0,
0.508696400895471,0.678702892199825,0.275388291517324,0.41025641025641,0.361978516112915,0,
0.524539349061478,0.603505696757231,0.302469135802469,0.321080099841162,0.284536597551836,0,
0.358705011193387,0.61840490797546,0.699721226602947,0.526435216700703,0.234074444166875,0,
0.651627346306182,0.567572304995618,0.538829151732378,0.30428863172226,0.3592305770672,0,
0.672119855346995,0.452059596844873,0.45499800876145,0.457907873837077,0.262053459905071,0,
0.365937661443086,0.484837861524978,0.447431302270012,0.421148173360563,0.32075943042718,0,
0.338040296194248,0.392638036809816,0.881322182397451,0.20285908781484,0.236572570572071,0,
0.333907353194421,0.38737949167397,0.892074870569494,0.191967324710688,0.456657506869848,0,
0.38591355260892,0.738825591586328,0.228992433293509,0.301111867483549,0.282787909068199,0,
0.375236783192698,0.319018404907975,0.646555157307845,0.835262083049694,0.32075943042718,0,
0.635267780265197,0.578790534618756,0.486857825567503,0.317903335602451,0.295278541094179,0,
0.405889443774755,0.541630148992112,0.462365591397849,0.319491717721806,0.32075943042718,0,
0.501980368520751,0.425591586327783,0.315013938669853,0.340140685273429,0.305770671996003,0,
0.270018942655416,0.174233128834356,0.206690561529271,0.13592012707057,0.163877092180864,0,
0.328396762527983,0.325854513584575,0.495818399044205,0.64238711141366,0.948038970771921,0,
0.328224556569657,0.429097283085013,0.621067303863003,0.471749489448604,0.259305520859355,0,
0.46616152918891,0.731113058720421,0.278574273197929,0.45450419786703,0.474893829627779,0,
0.757189598760117,0.193865030674847,0.394663480684986,0.379396414794645,0.340244816387709,0,
0.345100740485621,0.51954425942156,0.473516527279968,0.417971409121852,0.294029477891581,0,
0.311692784570346,0.370552147239264,0.711270410195141,0.190605854322668,0.42917811641269,0,
0.334940588944377,0.526555652936021,0.663878932696137,0.47401860676197,0.32075943042718,0,
0.578267608059239,0.472217353198948,0.322779769016328,0.390515089630134,0.353984511616288,0,
0.847425520923024,0.32182296231376,0.332935085623258,0.395053324256864,0.305770671996003,0,
0.418460478732564,0.745836985100789,0.264237355635205,0.315861130020422,0.287534349238071,0,
0.317892199070088,0.339877300613497,0.632815611310235,0.813024733378716,0.160629527854109,0,
0.343034268985707,0.417703768624014,0.852648347272003,0.210800998411618,0.236322757931551,0,
0.400378853108318,0.637510955302366,0.258861011549184,0.311776718856365,0.295528353734699,0,
0.488720509729637,0.611744084136722,0.28673835125448,0.417971409121852,0.273544841368973,0,
0.489237127604615,0.726205083260298,0.278574273197929,0.433628318584071,0.32075943042718,0,
0.334940588944377,0.547414548641542,0.783950617283951,0.188109825277967,0.25655758181364,0,
0.781987256759084,0.293251533742331,0.417363600159299,0.393691853868845,0.30102423182613,0,
0.437747546065094,0.560385626643295,0.294902429311031,0.432947583390061,0.236322757931551,0,
0.408989151024625,0.609114811568799,0.271007566706491,0.309734513274336,0.290781913564826,0,
0.633201308765283,0.473794916739702,0.302668259657507,0.412298615838439,0.297027229577817,0,
0.824349922507319,0.17931638913234,0.392871365989646,0.342409802586794,0.334998750936797,0,
0.360771482693301,0.649079754601227,0.245519713261649,0.471976401179941,0.27554334249313,0,
0.342689857069055,0.44715162138475,0.915372361608921,0.209893351486272,0.24381713714714,0,
0.30704322369554,0.293952673093777,0.445440063719634,0.52212389380531,0.32075943042718,0,
0.328052350611331,0.436459246275197,0.690163281561131,0.245518493306104,0.270796902323258,0,
0.822800068882383,0.292024539877301,0.402628434886499,0.406625822555026,0.298526105420934,0,
0.350611331152058,0.501840490797546,0.763241736360016,0.217381438620377,0.222333250062453,0,
0.394868262441881,0.712357581069238,0.533452807646356,0.282505105513955,0.613789657756682,0,
0.336318236610987,0.463453111305872,0.662883313420948,0.255729521216247,0.267299525355983,0,
0.413122094024453,0.621910604732691,0.707088809239347,0.249375992738825,0.268298775918061,0,
0.56655760289306,0.62524101665206,0.50457984866587,0.316088041751759,0.369972520609543,0,
0.404167384191493,0.31726555652936,0.517522899243329,0.79260267755843,0.171121658755933,0,
0.554158773893577,0.440666082383874,0.451413779370769,0.415021556614477,0.27579315513365,0,
0.816600654382642,0.315337423312883,0.338908801274393,0.379850238257318,0.338995753185111,0,
0.323058377819873,0.403856266432954,0.855436081242533,0.199909235307465,0.32075943042718,0,
0.824177716548993,0.440841367221735,0.466746316208682,0.446789199001588,0.389208093929553,0,
0.386774582400551,0.311305872042068,0.772003185981681,0.571136827773996,0.730202348238821,1,
0.315481315653522,0.322874671340929,0.49542015133413,0.737236215112321,0.152385710716962,1,
0.306354399862235,0.28396143733567,0.538829151732378,0.283412752439301,0.216087934049463,1,
0.457895643189254,0.396319018404908,0.731780167264038,0.219196732471069,0.561828628528604,1,
0.32271396590322,0.356879929886065,0.83731581043409,0.159745858860903,0.751186610042468,1,
0.419838126399173,0.332515337423313,0.768618080446037,0.224642614023145,0.418186360229828,1,
0.32942999827794,0.321998247151621,0.557546794105934,0.646017699115044,0.81413939545341,1,
0.313414844153608,0.321647677475898,0.538829151732378,0.200363058770138,0.32075943042718,1,
0.332529705527811,0.387730061349693,0.636798088410992,0.266848196051736,0.271296527604297,1,
0.406750473566385,0.383698510078878,0.634010354440462,0.546403449058316,0.12190856857357,1,
0.521267435853281,0.483786152497809,0.779569892473118,0.264579078738371,0.278790906819885,1,
0.338384708110901,0.421735319894829,0.802867383512545,0.206035852053551,0.113165126155383,1,
0.361976924401584,0.348115687992989,0.668857029072083,0.760154299977309,0.14763927054709,1,
0.340278973652488,0.454338299737073,0.830744723217842,0.211027910142954,0.32075943042718,1,
0.31375925607026,0.377563540753725,0.457586618876941,0.628999319264806,0.32075943042718,1,
0.404339590149819,0.364767747589833,0.746714456391876,0.645790787383708,0.188858356232825,1,
0.327880144653005,0.324978089395267,0.444046196734369,0.735420921261629,0.142393205096178,1,
0.372825899776132,0.320070113935145,0.807248108323377,0.571817562968005,0.46789907569323,1,
0.40967797485793,0.344609991235758,0.746913580246914,0.568867710460631,0.454409193105171,1,
0.320647494403306,0.343382997370727,0.511549183592194,0.659859314726571,0.161378965775668,1,
0.437403134148442,0.623488168273444,0.677021107128634,0.283185840707965,0.281538845865601,1,
0.375408989151025,0.347589833479404,0.751095181202708,0.698207397322442,0.659755183612291,1,
0.308937489237128,0.301314636283961,0.457984866587017,0.75879282958929,0.32075943042718,1,
0.309626313070432,0.286415425065732,0.445639187574671,0.595870206489675,0.220084936297777,1,
0.365421043568107,0.491673970201577,0.701911589008363,0.620830496936692,0.194604046964776,1,
0.373686929567763,0.473269062226117,0.787335722819594,0.645563875652371,0.1668748438671,1,
0.359393835026692,0.315687992988606,0.690163281561131,0.979351032448378,0.164876342742943,1,
0.346995006027209,0.445223488168273,0.516129032258065,0.596550941683685,0.517112165875593,1,
0.364043395901498,0.662576687116564,0.793906810035842,0.267982754708418,0.267799150637022,1,
0.25727570173928,0.397020157756354,0.696336121067304,0.181756296800545,0.560579565326005,1,
0.528672292061305,0.401752848378615,0.512345679012346,0.503517131835716,0.401948538596053,1,
0.382813845359049,0.375109553023663,0.715651135005974,0.64692534604039,0.510117411941044,1,
0.388496641983813,0.448378615249781,0.661489446435683,0.259813932380304,0.634024481638771,1,
0.400206647149991,0.45749342681858,0.616487455197133,0.538007714998865,0.665500874344242,1,
0.391251937317031,0.665205959684487,0.59836718438869,0.547084184252326,0.228078940794404,1,
0.3903909075254,0.322173531989483,0.565710872162485,0.716587247560699,0.16662503122658,1,
0.308076459445497,0.322173531989483,0.418558343289526,0.488767869298843,0.32075943042718,1,
0.329602204236267,0.321647677475898,0.488649940262843,0.569094622191967,0.32075943042718,1,
0.398656793525056,0.405258545135846,0.721425726802071,0.230996142500567,0.420934299275543,1,
0.335973824694334,0.315687992988606,0.487853444842692,0.656228727025187,0.825630776917312,1,
0.394351644566902,0.403155127081507,0.665870171246515,0.649648286816428,0.680739445415938,1,
0.483037713104873,0.716739702015776,0.571883711668658,0.302019514408895,0.283537346989758,1,
0.354055450318581,0.422261174408414,0.812027080844285,0.228273201724529,0.159880089932551,1,
0.370070604442914,0.642594215600351,0.630824372759857,0.678919900158838,0.232325755683238,1,
0.380058550025831,0.511656441717791,0.550776583034647,0.751758565917858,0.186360229827629,1,
0.348889271568796,0.312708150744961,0.73257666268419,0.722033129112775,0.690482138396203,1,
0.385569140692268,0.524627519719544,0.748307447232178,0.683458134785568,0.213090182363228,1,
0.322886171861546,0.304820333041192,0.436678614097969,0.67165872475607,0.138895828128903,1,
0.317892199070088,0.329710780017528,0.505177220230984,0.879509870660313,0.32075943042718,1,
0.488892715687963,0.656967572304996,0.599761051373955,0.488540957567506,0.273045216087934,1,
0.340106767694162,0.399649430324277,0.857228195937873,0.633764465622873,0.546590057456907,1,
0.379025314275874,0.313584574934268,0.67184388689765,0.713183571590651,0.746440169872596,1,
0.382813845359049,0.408764241893076,0.658900836320191,0.561152711595189,0.233075193604796,1,
0.360943688651627,0.351095530236635,0.969135802469136,0.233038348082596,0.449163127654259,1,
0.437058722231789,0.278001752848379,0.725408203902827,0.533242568640799,0.427929053210092,1,
0.340278973652488,0.326205083260298,0.437076861808045,0.653732697980486,0.510866849862603,1,
0.330979851902876,0.440315512708151,0.488849064117881,0.580440208758793,0.615788158880839,1,
0.312726020320303,0.316213847502191,0.510951812027081,0.530746539596097,0.32075943042718,1,
0.324091613569829,0.34022787028922,0.488251692552768,0.460630814613115,0.32075943042718,1,
0.389874289650422,0.702366345311131,0.551573078454799,0.53188109825278,0.501124156882338,1,
0.341484415360771,0.431726555652936,0.899442453205894,0.208758792829589,0.51311516362728,1,
0.33166867573618,0.398948290972831,0.552966945440064,0.495575221238938,0.32075943042718,1,
0.546065093852247,0.53216476774759,0.563321385902031,0.516451100521897,0.590557082188359,1,
0.446357843981402,0.469588080631025,0.693349263241736,0.554118447923758,0.534099425430927,1,
0.310831754778715,0.323225241016652,0.429111907606531,0.546857272520989,0.32075943042718,1,
0.327363526778026,0.388957055214724,0.544006371963361,0.587474472430225,0.201848613539845,1,
0.474083003271913,0.333041191936897,0.746515332536838,0.697980485591105,0.161878591056707,1,
0.379714138109179,0.326205083260298,0.776583034647551,0.177444973905151,0.32075943042718,1,
0.534182882727742,0.389132340052585,0.659299084030267,0.673020195144089,0.157881588808394,1,
0.388668847942139,0.451183172655565,0.848068498606133,0.217381438620377,0.250562078441169,1,
0.343895298777338,0.328133216476775,0.432497013142174,0.650555933741774,0.532850362228329,1,
0.340623385569141,0.326205083260298,0.439267224213461,0.668028137054686,0.513364976267799,1,
0.527983468228001,0.500262927256792,0.72978892871366,0.263898343544361,0.283287534349238,1,
0.384363698983985,0.333041191936897,0.775189167662286,0.674154753800772,0.68573569822633,1,
0.315653521611848,0.317966695880806,0.558144165671047,0.23213070115725,0.481388958281289,1,
0.402273118649905,0.350920245398773,0.744324970131422,0.706149307919219,0.501873594803897,1,
0.336146030652661,0.353023663453111,0.526881720430108,0.777399591558884,0.32075943042718,1,
0.355949715860169,0.321998247151621,0.551373954599761,0.55979124120717,0.48063952035973,1,
0.414844153607715,0.648203330411919,0.627041019514138,0.495348309507602,0.535598301274045,1,
0.382297227484071,0.299211218229623,0.469534050179211,0.730655774903562,0.569822633025231,1,
0.353366626485276,0.42874671340929,0.690362405416169,0.214885409575675,0.239820134898826,1,
0.310487342862063,0.30464504820333,0.505973715651135,0.215339233038348,0.648263802148389,1,
0.376270018942655,0.424364592462752,0.819394663480685,0.610392557295212,0.568573569822633,1,
0.332357499569485,0.359509202453988,0.887295898048586,0.638529611980939,0.48063952035973,1,
0.348889271568796,0.332690622261174,0.424731182795699,0.609711822101203,0.32075943042718,1,
0.347856035818839,0.413672217353199,0.818996415770609,0.609711822101203,0.613290032475643,1,
0.393662820733597,0.433479404031551,0.586618876941458,0.8452461992285,0.145890582063452,1,
0.323574995694851,0.362664329535495,0.69115890083632,0.68073519400953,0.597302023482388,1,
0.332874117444464,0.300087642418931,0.679410593389088,0.700022691173134,0.846864851361479,1,
0.338212502152574,0.396669588080631,0.708283552369574,0.585205355116859,0.607544341743692,1,
0.312726020320303,0.316389132340053,0.5147351652728,0.358747447243022,0.32075943042718,1,
0.374547959359394,0.405083260297984,0.700517722023098,0.124574540503744,0.114664001998501,1,
0.358705011193387,0.357230499561788,0.793508562325767,0.538007714998865,0.479640269797652,1,
0.340623385569141,0.431375985977213,0.788331342094783,0.548899478103018,0.571821134149388,1,
0.349233683485449,0.433128834355828,0.536638789326961,0.793056501021103,0.144891331501374,1,
0.310831754778715,0.336722173531989,0.427917164476304,0.175402768323122,0.32075943042718,1,
0.315309109695195,0.278702892199825,0.415969733174034,0.27115951894713,0.517112165875593,1,
0.456517995522645,0.305170902716915,0.757467144563919,0.215112321307012,0.405695728203847,1,
0.31152057861202,0.354776511831727,0.427120669056153,0.490129339686862,0.32075943042718,1,
0.358016187360083,0.357756354075372,0.541816009557945,0.723394599500794,0.624031976017987,1,
0.408644739107973,0.337072743207713,0.492433293508562,0.840481052870433,0.182613040219835,1,
0.423971069399001,0.48045574057844,0.658303464755078,0.290900839573406,0.242568073944542,1,
0.280351300154985,0.348466257668712,0.588809239346874,0.641479464488314,0.510617037222083,1,
0.412949888066127,0.654513584574934,0.716646754281163,0.528704334014069,0.264801398950787,1,
0.322369553986568,0.315512708150745,0.498207885304659,0.725436805082823,0.131901074194354,1,
0.348028241777165,0.350744960560911,0.511350059737157,0.869752666212843,0.842118411191606,1,
0.313587050111934,0.327957931638913,0.46136997212266,0.464942137508509,0.700974269298026,1,
0.373686929567763,0.344259421560035,0.715850258861012,0.628545495802133,0.689482887834124,1,
0.343206474944033,0.42646801051709,0.520708880923935,0.872248695257545,0.164876342742943,1,
0.404167384191493,0.707449605609115,0.248307447232178,0.442477876106195,0.460654509118161,1,
0.341656621319098,0.362664329535495,0.614496216646754,0.596324029952349,0.226080439670247,1,
0.391596349233683,0.402629272567923,0.587017124651533,0.621965055593374,0.770921808643517,1,
0.474771827105218,0.571779141104295,0.6268418956591,0.251418198320853,0.275043717212091,1,
0.352677802651972,0.421735319894829,0.63878932696137,0.610392557295212,0.492630527104671,1,
0.446013432064749,0.570902716914987,0.651732377538829,0.663489902427955,0.249562827879091,1,
0.305493370070604,0.2943032427695,0.52389486260454,0.785114590424325,0.1668748438671,1,
0.339245737902531,0.378439964943032,0.884309040223019,0.647832992965736,0.53859605296028,1,
0.368865162734631,0.323751095530237,0.57626443647949,0.836396641706376,0.32075943042718,1,
0.337695884277596,0.28396143733567,0.484468339307049,0.64692534604039,0.552835373469898,1,
0.408300327191321,0.563014899211218,0.672441258462764,0.527115951894713,0.575568323757182,1,
0.314620285861891,0.306573181419807,0.55057745917961,0.802132970274563,0.122158381214089,1,
0.362837954193215,0.690622261174408,0.765232974910394,0.266621284320399,0.274294279290532,1,
0.44687446185638,0.330587204206836,0.626045400238949,0.681189017472203,0.699475393454909,1,
0.33304632340279,0.359158632778265,0.61668657905217,0.524846834581348,0.650012490632026,1,
0.360599276734975,0.640841367221735,0.556551174830745,0.517585659178579,0.539345490881839,1,
0.335629412777682,0.314636283961437,0.589207487056949,0.105513955071477,0.900074943792156,1,
0.504735663853969,0.504995617879053,0.781561131023497,0.26594054912639,0.266050462153385,1,
0.329602204236267,0.443120070113935,0.50457984866587,0.678692988427502,0.511616287784162,1,
0.327880144653005,0.362138475021911,0.524691358024691,0.784887678692988,0.0959280539595304,1,
0.31152057861202,0.310604732690622,0.538032656312226,0.556160653505786,0.32075943042718,1,
0.356638539693473,0.32638036809816,0.722023098367184,0.603585205355117,0.159380464651511,1,
0.33080764594455,0.380718667835232,0.54599761051374,0.908554572271386,0.32075943042718,1,
0.395040468400207,0.330236634531113,0.819195539625647,0.61311549807125,0.459905071196603,1,
0.308593077320475,0.304995617879053,0.499800876144962,0.358747447243022,0.32075943042718,1,
0.399001205441708,0.516739702015776,0.755675029868578,0.222600408441116,0.25630776917312,1,
0.313242638195282,0.347239263803681,0.414177618478694,0.450419786702973,0.538845865600799,1,
0.354744274151886,0.460648553900088,0.548387096774194,0.78738370773769,0.167124656507619,1,
0.356466333735147,0.323225241016652,0.725607327757865,0.919219423644202,0.129402947789158,1,
0.432925779231961,0.291148115687993,0.812624452409399,0.211027910142954,0.222333250062453,1,
0.556741863268469,0.500613496932515,0.280167264038232,0.447469934195598,0.176367724206845,1,
0.36352677802652,0.370201577563541,0.701513341298287,0.588382119355571,0.32075943042718,1,
0.333907353194421,0.364592462751972,0.169454400637196,0.791468118901747,0.32075943042718,1,
0.348889271568796,0.355302366345311,0.486459577857427,0.78670297254368,0.0779415438421184,1,
0.331840881694507,0.285714285714286,0.480485862206292,0.71000680735194,0.561578815888084,1,
0.330463234027897,0.392462751971954,0.550378335324572,0.233719083276605,0.541343992005995,1,
0.336318236610987,0.316914986853637,0.58641975308642,0.130247333787157,0.904571571321509,1,
0.323402789736525,0.355652936021034,0.707088809239347,0.660313138189244,0.11541343992006,1,
0.405889443774755,0.675723049956179,0.599163679808841,0.558883594281824,0.260554584061954,1,
0.519545376270019,0.376336546888694,0.673636001592991,0.731109598366236,0.195103672245816,1,
0.327535732736353,0.317791411042945,0.468140183193947,0.692988427501702,0.118411191606295,1,
0.470122266230412,0.478352322524102,0.642373556352051,0.26594054912639,0.599550337247065,1,
0.349233683485449,0.423663453111306,0.770011947431302,0.599954617653733,0.581314014489133,1,
0.444463578439814,0.458720420683611,0.706690561529271,0.607896528250511,0.529103172620535,1,
0.396418116066816,0.421384750219106,0.641178813221824,0.22691173133651,0.691481388958281,1,
0.471672119855347,0.630674846625767,0.70131421744325,0.27501701837985,0.278790906819885,1,
0.329946616152919,0.298510078878177,0.486857825567503,0.751077830723848,0.662752935298526,1,
0.410883416566213,0.419982471516214,0.598168060533652,0.596777853415022,0.780414688983262,1,
0.326674702944722,0.410517090271691,0.485663082437276,0.621057408668028,0.32075943042718,1,
0.421387980024109,0.412971078001753,0.631023496614894,0.132289539369185,0.750936797401949,1,
