541,5,2,
0.340795591527467,0.388957055214724,0.855635205097571,0.238257317903336,0.244066949787659,0,
0.396073704150164,0.37125328659071,0.762445240939865,0.525073746312684,0.407694229328004,0,
0.471155501980368,0.545135845749343,0.437674233373158,0.415248468345813,0.283287534349238,0,
0.429826071982091,0.465907099035933,0.298287534846675,0.335829362378035,0.305271046714964,0,
0.547959359393835,0.623488168273444,0.253484667463162,0.311322895393692,0.291531351486385,0,
0.768210780092991,0.429798422436459,0.621266427718041,0.309961425005673,0.296527604296777,0,
0.306354399862235,0.292375109553024,0.465352449223417,0.496709779895621,0.32075943042718,0,
0.334940588944377,0.58615249780894,0.698924731182796,0.583390061266167,0.32075943042718,0,
0.356638539693473,0.415249780893953,0.920350457984866,0.180394826412526,0.32075943042718,0,
0.345789564318925,0.690446976336547,0.260055754679411,0.420240526435217,0.364226829877592,0,
0.518339934561736,0.66432953549518,0.296495420151334,0.325164511005219,0.29502872845366,0,
0.355260892026864,0.302716914986854,0.531859816806053,0.793056501021103,0.165126155383462,0,
0.358360599276735,0.591060473269062,0.302070888092393,0.321760835035171,0.298026480139895,0,
0.309798519028758,0.315337423312883,0.574870569494225,0.811663262990697,0.125655758181364,0,
0.345272946443947,0.573181419807187,0.712863401035444,0.522350805536646,0.233325006245316,0,
0.358705011193387,0.408588957055215,0.808641975308642,0.580213297027456,0.456657506869848,0,
0.25951437919752,0.65398773006135,0.55057745917961,0.470161107329249,0.32075943042718,0,
0.26175305665576,0.581419807186678,0.516726403823178,0.469707283866576,0.268798401199101,0,
0.738074737385913,0.34022787028922,0.400836320191159,0.395507147719537,0.34599050711966,0,
0.337351472360944,0.480280455740578,0.55973715651135,0.279782164737917,0.382213339995004,0,
0.323919407611503,0.43102541630149,0.768817204301075,0.231676877694577,0.32075943042718,0,
0.404339590149819,0.317440841367222,0.517522899243329,0.792829589289766,0.171121658755933,0,
0.34871706561047,0.36546888694128,0.780963759458383,0.528023598820059,0.421933549837622,0,
0.367659721026347,0.818229623137599,0.259856630824373,0.292035398230088,0.476892330751936,0,
0.331840881694507,0.419106047326906,0.821385902031063,0.610619469026549,0.232325755683238,0,
0.817978302049251,0.303067484662577,0.613102349661489,0.291127751304742,0.292030976767424,0,
0.365421043568107,0.809991235758107,0.261449621664675,0.312684365781711,0.287534349238071,0,
0.664198381263992,0.615249780893953,0.291915571485464,0.332652598139324,0.302523107669248,0,
0.30704322369554,0.283610867659947,0.420350457984867,0.481279782164738,0.32075943042718,0,
0.319786464611676,0.405258545135846,0.85941855834329,0.189244383934649,0.32075943042718,0,
0.6096090924746,0.188080631025416,0.411987256073278,0.393464942137508,0.295528353734699,0,
0.361804718443258,0.378264680105171,0.747311827956989,0.0846380757885183,0.212340744441669,0,
0.35543309798519,0.615775635407537,0.25647152528873,0.407533469480372,0.357981513864602,0,
0.480799035646633,0.647852760736196,0.282954998008761,0.271840254141139,0.54509118161379,0,
0.308248665403823,0.295880806310254,0.488450816407806,0.161334240980259,0.32075943042718,0,
0.42534871706561,0.514285714285714,0.448028673835125,0.400272294077604,0.30102423182613,0,
0.382813845359049,0.664855390008764,0.217443249701314,0.437031994554118,0.32075943042718,0,
0.415016359566041,0.626993865030675,0.505973715651135,0.420467438166553,0.291531351486385,0,
0.396418116066816,0.626993865030675,0.254878534448427,0.313592012707057,0.290532100924307,0,
0.341312209402445,0.421910604732691,0.909398645957786,0.194009530292716,0.32075943042718,0,
0.713104873428621,0.314460999123576,0.412783751493429,0.340594508736102,0.338496127904072,0,
0.85879111417255,0.352673093777388,0.41816009557945,0.556387565237123,0.270547089682738,0,
0.502669192354055,0.585801928133217,0.279968140183194,0.316314953483095,0.359730202348239,0,
0.33976235577751,0.540753724802805,0.52568697729988,0.434082142046744,0.361229078191356,0,
0.418288272774238,0.763014899211218,0.269215452011151,0.315180394826413,0.366974768923308,0,
0.466505941105562,0.666608238387379,0.282357626443648,0.455411844792376,0.575568323757182,0,
0.324436025486482,0.443470639789658,0.852648347272003,0.201951440889494,0.224831376467649,0,
0.612536593766144,0.430674846625767,0.325169255276782,0.34331744951214,0.336747439420435,0,
0.355088686068538,0.656967572304996,0.263639984070092,0.294304515543454,0.272545590806895,0,
0.472016531771999,0.688343558282209,0.286539227399442,0.32312230542319,0.294029477891581,0,
0.345961770277252,0.684662576687117,0.261449621664675,0.310415248468346,0.244566575068699,0,
0.308765283278801,0.281858019281332,0.436877737953007,0.458815520762423,0.32075943042718,0,
0.545892887893921,0.566170026292726,0.300876144962166,0.32834127524393,0.302273295028728,0,
0.361115894609953,0.744609991235758,0.236160892074871,0.477422282732017,0.32075943042718,0,
0.806096090924746,0.290972830850131,0.394464356829948,0.342182890855457,0.334748938296278,0,
0.715171344928534,0.388255915863278,0.439466348068499,0.443839346494214,0.427929053210092,0,
0.458928878939211,0.699561787905346,0.278972520908005,0.613569321533923,0.225580814389208,0,
0.58808334768383,0.527432077125329,0.482477100756671,0.648059904697073,0.227079690232326,0,
0.427415188565524,0.678878177037686,0.668857029072083,0.261175402768323,0.32075943042718,0,
0.350266919235405,0.491673970201577,0.787933094384707,0.210347174948945,0.468898326255309,0,
0.447391079731359,0.711656441717792,0.287136598964556,0.322214658497844,0.294279290532101,0,
0.468055794730498,0.367572304995618,0.33910792512943,0.375765827093261,0.340994254309268,0,
0.656965731014293,0.418580192813322,0.333930704898447,0.384842296346721,0.305520859355483,0,
0.400551059066644,0.694829097283085,0.279569892473118,0.418652144315861,0.251561329003248,0,
0.243154813156535,0.150394390885188,0.120071684587814,0.0916723394599501,0.504121908568574,0,
0.536421560185982,0.500613496932515,0.313620071684588,0.335829362378035,0.343742193354984,0,
0.269674530738764,0.417879053461876,0.836718438868976,0.172226004084411,0.32075943042718,0,
0.544343034268986,0.505170902716915,0.439466348068499,0.420240526435217,0.357981513864602,0,
0.363698983984846,0.582997370727432,0.29689366786141,0.31926480599047,0.299025730701974,0,
0.810056827966248,0.17703768624014,0.395858223815213,0.387338325391423,0.343992005995503,0,
0.361632512484932,0.406836108676599,0.835523695738749,0.212843203993646,0.228578566075443,0,
0.322197348028242,0.392638036809816,0.525288729589805,0.591785795325618,0.234074444166875,0,
0.403650766316514,0.423312883435583,0.731381919553963,0.243022464261402,0.42967774169373,0,
0.334251765111073,0.555302366345311,0.27757865392274,0.44474699341956,0.285535848113915,0,
0.309109695195454,0.31954425942156,0.428514536041418,0.477422282732017,0.586310267299525,0,
0.324608231444808,0.317440841367222,0.520111509358821,0.775811209439528,0.32075943042718,0,
0.340623385569141,0.659070990359334,0.583233771405814,0.490356251418198,0.388458656007994,0,
0.316514551403479,0.295880806310254,0.467741935483871,0.801452235080554,0.154634024481639,0,
0.354916480110212,0.629623137598598,0.57905217045002,0.51236668935784,0.235573320009993,0,
0.325297055278113,0.32532865907099,0.889884508164078,0.199001588382119,0.416187859105671,0,
0.342345445152402,0.388781770376862,0.747710075667065,0.680962105740867,0.207344491631277,0,
0.337868090235922,0.461174408413672,0.83731581043409,0.178579532561833,0.216837371971022,0,
0.459273290855864,0.703943908851884,0.280764635603345,0.282278193782619,0.523857107169623,0,
0.735491648011021,0.191411042944785,0.403026682596575,0.389834354436124,0.287534349238071,0,
0.32633029102807,0.439439088518843,0.634408602150538,0.274109371454504,0.282787909068199,0,
0.357327363526778,0.619982471516214,0.647749900438072,0.592239618788291,0.32075943042718,0,
0.599448940933356,0.507800175284838,0.321385902031063,0.332652598139324,0.342243317511866,0,
0.835198897881867,0.327256792287467,0.408203902827559,0.407760381211709,0.305520859355483,0,
0.338212502152574,0.33444347063979,0.530266825965751,0.228273201724529,0.812140894329253,0,
0.672119855346995,0.452059596844873,0.454798884906412,0.458134785568414,0.262303272545591,0,
0.34423971069399,0.388781770376862,0.735563520509757,0.243022464261402,0.32075943042718,0,
0.499052867229206,0.628396143733567,0.497013142174432,0.253914227365555,0.517112165875593,0,
0.311864990528672,0.29079754601227,0.453205894066109,0.242114817336056,0.0976767424431676,0,
0.620974685724126,0.171779141104294,0.393667861409797,0.338325391422737,0.338496127904072,0,
0.321164112278285,0.461700262927257,0.594782954998009,0.48377581120944,0.268048963277542,0,
0.643878078181505,0.382471516213848,0.396057347670251,0.38688450192875,0.34624031976018,0,
0.41639400723265,0.333216476774759,0.679410593389088,0.628545495802133,0.463652260804397,0,
0.346995006027209,0.446801051709027,0.800278773397053,0.221465849784434,0.21159130652011,0,
0.334940588944377,0.341980718667835,0.835921943448825,0.603131381892444,0.434923807144642,0,
0.370759428276218,0.333742331288344,0.635802469135802,0.786022237349671,0.181613789657757,0,
0.467022558980541,0.515162138475022,0.30326563122262,0.404810528704334,0.297776667499375,0,
0.76734975030136,0.279228746713409,0.394464356829948,0.402768323122305,0.305021234074444,0,
0.390046495608748,0.818930762489045,0.242333731581043,0.529158157476742,0.253310017486885,0,
0.39262958498364,0.54022787028922,0.579450418160096,0.434535965509417,0.32075943042718,0,
0.361632512484932,0.412269938650307,0.842094782954998,0.179714091218516,0.427929053210092,0,
0.312726020320303,0.302541630148992,0.460573476702509,0.617199909235307,0.32075943042718,0,
0.31823661098674,0.308851884312007,0.546993229788929,0.862945314272748,0.140394703972021,0,
0.306182193903909,0.294478527607362,0.447431302270012,0.715906512366689,0.107669248063952,0,
0.36352677802652,0.510780017528484,0.64336917562724,0.491490810074881,0.201099175618286,0,
0.33166867573618,0.356003505696757,0.506172839506173,0.753800771499887,0.32075943042718,0,
0.393318408816945,0.736371603856267,0.199522102747909,0.476968459269344,0.269547839120659,0,
0.506285517478905,0.385977212971078,0.322182397451215,0.341048332198775,0.337496877341994,0,
0.412088858274496,0.648203330411919,0.2463162086818,0.429543907420014,0.360479640269798,0,
0.507318753228862,0.410867659947415,0.432696136997212,0.405945087361017,0.353484886335249,0,
0.464439469605648,0.564943032427695,0.528076463560335,0.694349897889721,0.220834374219335,0,
0.77320475288445,0.411218229623138,0.445838311429709,0.507601542999773,0.279290532100924,0,
0.856380230755984,0.312357581069238,0.460175228992433,0.489448604492852,0.3974519110667,0,
0.395729292233511,0.651358457493427,0.521704500199124,0.427955525300658,0.368223832125906,0,
0.68176338901326,0.499035933391762,0.310434090003982,0.325845246199229,0.300774419185611,0,
0.344411916652316,0.477300613496932,0.693747510951812,0.254594962559564,0.267299525355983,0,
0.324780437403134,0.479929886064855,0.587813620071685,0.506013160880417,0.32075943042718,0,
0.345789564318925,0.552497808939527,0.271804062126643,0.438166553210801,0.290282288283787,0,
0.656965731014293,0.306397896581946,0.393667861409797,0.38620376673474,0.283537346989758,0,
0.346822800068882,0.80806310254163,0.221823974512147,0.436351259360109,0.276292780414689,0,
0.659721026347512,0.450832602979842,0.45221027479092,0.460857726344452,0.484636522608044,0,
0.333218529361116,0.324978089395267,0.438868976503385,0.568640798729294,0.55783162628029,0,
0.342345445152402,0.741104294478528,0.276583034647551,0.41547538007715,0.361728703472396,0,
0.333907353194421,0.324452234881683,0.476702508960573,0.266394372589063,0.0594554084436672,0,
0.746857241260548,0.317090271691499,0.398645957785743,0.388926707510778,0.308268798401199,0,
0.368004132943,0.57125328659071,0.594583831142971,0.49217154526889,0.248313764676493,0,
0.387980024108834,0.609465381244522,0.551772202309837,0.447243022464261,0.368723457406945,0,
0.324608231444808,0.480806310254163,0.772202309836718,0.556614476968459,0.32075943042718,0,
0.476149474771827,0.578790534618756,0.293508562325767,0.407987292943045,0.352235823132651,0,
0.314792491820217,0.300788781770377,0.465750696933493,0.596777853415022,0.32075943042718,0,
0.326846908903048,0.470289219982471,0.650139386698526,0.247333787156796,0.27554334249313,0,
0.337868090235922,0.502541630148992,0.767025089605735,0.186294531427275,0.483137646764926,0,
0.385052522817289,0.738299737072743,0.563719633612107,0.461084638075789,0.32075943042718,0,
0.382125021525745,0.621034180543383,0.281959378733572,0.319491717721806,0.297027229577817,0,
0.344928534527295,0.585977212971078,0.273795300677021,0.427955525300658,0.290032475643268,0,
0.332529705527811,0.405609114811569,0.470131421744325,0.457907873837077,0.32075943042718,0,
0.317547787153435,0.311130587204207,0.471127041019514,0.534604039028818,0.32075943042718,0,
0.441536077148269,0.496406660823839,0.315013938669853,0.329248922169276,0.344991256557582,0,
0.518684346478388,0.472918492550394,0.303663878932696,0.32902201043794,0.33974519110667,0,
0.412433270191149,0.569675723049956,0.309239346873755,0.329702745631949,0.303272545590807,0,
0.465644911313931,0.58737949167397,0.483671843886898,0.632176083503517,0.221583812140894,0,
0.321336318236611,0.295179666958808,0.469334926324174,0.286135693215339,0.32075943042718,0,
0.460306526605821,0.638737949167397,0.271405814416567,0.688223281143635,0.219835123657257,0,
0.486998450146375,0.465731814198072,0.305057745917961,0.33287950987066,0.32075943042718,0,
0.556569657310143,0.479929886064855,0.45400238948626,0.422282732017245,0.28203847114664,0,
0.337179266402618,0.389307624890447,0.904221425726802,0.204447469934196,0.236322757931551,0,
0.3271913208197,0.331638913234005,0.562126642771804,0.803040617199909,0.169622782912815,0,
0.349061477527122,0.541805433829974,0.477499004380725,0.421601996823236,0.296777416937297,0,
0.701567074220768,0.41384750219106,0.413978494623656,0.40117994100295,0.370721958531102,0,
0.332185293611159,0.43908851884312,0.754281162883313,0.22691173133651,0.32075943042718,0,
0.346306182193904,0.478878177037686,0.66547192353644,0.256637168141593,0.257057207094679,0,
0.319958670570002,0.305521472392638,0.462365591397849,0.843203993646471,0.0976767424431676,0,
0.464267263647322,0.644171779141104,0.281362007168459,0.312911277513047,0.32075943042718,0,
0.667125882555536,0.423838737949167,0.337514934289128,0.382573179033356,0.33974519110667,0,
0.345789564318925,0.430148992112182,0.929311031461569,0.180848649875199,0.226580064951287,0,
0.358705011193387,0.561437335670465,0.499800876144962,0.428182437031995,0.32075943042718,0,
0.401067676941622,0.747940403155127,0.21505376344086,0.42977081915135,0.32075943042718,0,
0.344928534527295,0.52988606485539,0.567502986857826,0.460630814613115,0.260554584061954,0,
0.489237127604615,0.36091148115688,0.393070489844683,0.378715679600635,0.342992755433425,0,
0.369381780609609,0.655565293602103,0.244922341696535,0.307011572498298,0.287534349238071,0,
0.1263991734114,0.465030674846626,0.297491039426523,0.318810982527797,0.283287534349238,0,
0.837609781298433,0.186503067484663,0.343488649940263,0.374404356705242,0.306520109917562,0,
0.483554330979852,0.518317265556529,0.446634806849861,0.286135693215339,0.7694229328004,0,
0.345789564318925,0.44364592462752,0.661688570290721,0.487860222373497,0.240819385460904,0,
0.45806784914758,0.357405784399649,0.33452807646356,0.379396414794645,0.305520859355483,0,
0.825210952298949,0.167747589833479,0.336917562724014,0.341275243930111,0.308018985760679,0,
0.745824005510591,0.412094653812445,0.475308641975309,0.542999773088269,0.399450412190857,0,
0.523161701394868,0.505170902716915,0.461768219832736,0.475833900612662,0.580064951286535,0,
0.420526950232478,0.765293602103418,0.269215452011151,0.315407306557749,0.367974019485386,0,
0.478560358188393,0.591586327782647,0.275587415372362,0.693442250964375,0.207094678990757,0,
0.310831754778715,0.324802804557406,0.618279569892473,0.8309507601543,0.143642268298776,0,
0.365248837609781,0.582822085889571,0.497809637594584,0.431132289539369,0.369472895328504,0,
0.327707938694679,0.325854513584575,0.49084030266826,0.567960063535285,0.920309767674244,0,
0.365076631651455,0.290972830850131,0.510951812027081,0.624234172906739,0.584561578815888,0,
0.705700017220596,0.435232252410166,0.313620071684588,0.341275243930111,0.32075943042718,0,
0.323747201653177,0.398071866783523,0.815013938669853,0.22237349670978,0.32075943042718,0,
0.534527294644395,0.549868536371604,0.294902429311031,0.330383480825959,0.299525355983013,0,
0.783192698467367,0.364592462751972,0.618876941457587,0.288404810528704,0.289532850362228,0,
0.641467194764939,0.415600350569676,0.436280366387893,0.341502155661448,0.309018236322758,0,
0.562596865851558,0.384574934268186,0.621863799283154,0.594962559564329,0.460404696477642,0,
0.381780609609092,0.688694127957932,0.577658303464755,0.479918311776719,0.276542593055209,0,
0.415188565524367,0.707975460122699,0.644763042612505,0.258906285454958,0.270796902323258,0,
0.469089030480455,0.653812445223488,0.262445240939865,0.417290673927842,0.42917811641269,0,
0.346650594110556,0.603505696757231,0.660493827160494,0.525300658044021,0.400199850112416,0,
0.335973824694334,0.419631901840491,0.451214655515731,0.465849784433855,0.431676242817887,0,
0.343550886860685,0.436634531113059,0.926125049780964,0.208531881098253,0.32075943042718,0,
0.867229206130532,0.191586327782647,0.390880127439267,0.342182890855457,0.340994254309268,0,
0.606853797141381,0.337248028045574,0.397451214655516,0.385296119809394,0.350986759930052,0,
0.340278973652488,0.391060473269062,0.768219832735962,0.72044474699342,0.32075943042718,0,
0.339934561735836,0.427870289219982,0.650935882118678,0.485364193328795,0.224831376467649,0,
0.307559841570518,0.286590709903593,0.417164476304261,0.461084638075789,0.229078191356483,0,
0.474083003271913,0.619106047326906,0.287534846674632,0.317222600408441,0.291281538845866,0,
0.339934561735836,0.795267309377739,0.262046993229789,0.452008168822328,0.529103172620535,0,
0.339245737902531,0.615775635407537,0.551971326164874,0.302473337871568,0.375468398700974,0,
0.303771310487343,0.323225241016652,0.476702508960573,0.471749489448604,0.32075943042718,0,
0.471155501980368,0.652585451358457,0.26284348864994,0.6761969593828,0.226829877591806,0,
0.385569140692268,0.690446976336547,0.554958183990442,0.474699341955979,0.272795403447414,0,
0.31823661098674,0.290271691498685,0.454400637196336,0.192648059904697,0.69897576817387,0,
0.340623385569141,0.398948290972831,0.882516925527678,0.209893351486272,0.242068448663502,0,
0.635267780265197,0.674320771253287,0.291517323775388,0.327660540049921,0.298276292780415,0,
0.309626313070432,0.299386503067485,0.418558343289526,0.252325845246199,0.32075943042718,0,
0.320647494403306,0.356178790534619,0.574074074074074,0.843203993646471,0.170372220834374,0,
0.53607714826933,0.72532865907099,0.509757068896854,0.309734513274336,0.288033974519111,0,
0.350611331152058,0.741279579316389,0.231182795698925,0.484002722940776,0.577566824881339,0,
0.545204064060617,0.530061349693252,0.45957785742732,0.423190378942591,0.27579315513365,0,
0.334596177027725,0.410867659947415,0.799283154121864,0.174041297935103,0.32075943042718,0,
0.786120199758912,0.195267309377739,0.396057347670251,0.381211708645337,0.297526854858856,0,
0.648011021181333,0.436108676599474,0.329749103942652,0.382119355570683,0.347489382962778,0,
0.650594110556225,0.424539877300613,0.334129828753485,0.380077149988654,0.341743692230827,0,
0.871189943172034,0.190359333917616,0.401831939466348,0.339459950079419,0.341993504871347,0,
0.325297055278113,0.462927256792287,0.593189964157706,0.252325845246199,0.32075943042718,0,
0.307215429653866,0.304469763365469,0.527678215850259,0.511005218969821,0.440169872595553,0,
0.359566040985018,0.682559158632778,0.27757865392274,0.29975039709553,0.289033225081189,0,
0.353711038401929,0.542681858019281,0.472919155714855,0.305196278647606,0.292030976767424,0,
0.312898226278629,0.332690622261174,0.656909597769813,0.614703880190606,0.233325006245316,0,
0.732908558636129,0.358457493426819,0.436678614097969,0.339459950079419,0.305021234074444,0,
0.453762700189426,0.700788781770377,0.242532855436081,0.315407306557749,0.518860854359231,0,
0.351988978818667,0.395793163891323,0.878335324571884,0.129566598593147,0.218336247814139,0,
0.320647494403306,0.330411919368975,0.485463958582238,0.891309280689812,0.126655008743442,0,
0.516101257103496,0.49079754601227,0.311230585424134,0.431813024733379,0.32075943042718,0,
0.421732391940761,0.4965819456617,0.299084030266826,0.332652598139324,0.340494629028229,0,
0.518684346478388,0.686765994741455,0.537037037037037,0.479918311776719,0.277042218336248,0,
0.84088169450663,0.343558282208589,0.425726802070888,0.469480372135239,0.27554334249313,0,
0.468916824522128,0.409465381244522,0.321385902031063,0.339459950079419,0.305770671996003,0,
0.367487515068021,0.350219106047327,0.740939864595779,0.590197413206263,0.407444416687484,0,
0.408816945066299,0.6045574057844,0.537634408602151,0.302246426140231,0.289283037721709,0,
0.647666609264681,0.569500438212095,0.304659498207885,0.398230088495575,0.349238071446415,0,
0.35095574306871,0.445749342681858,0.771604938271605,0.524166099387338,0.261304021983512,0,
0.375236783192698,0.586678352322524,0.293309438470729,0.408668028137055,0.295778166375219,0,
0.589633201308765,0.727432077125329,0.286539227399442,0.329929657363286,0.302023482388209,0,
0.773721370759428,0.282559158632778,0.618478693747511,0.287497163603358,0.394953784661504,0,
0.330635439986223,0.417353198948291,0.878335324571884,0.165872475606989,0.32075943042718,0,
0.493370070604443,0.660473269062226,0.268418956591,0.442024052643522,0.409442917811641,0,
0.326846908903048,0.52182296231376,0.503783353245719,0.43430905377808,0.36547589308019,0,
0.372998105734458,0.411042944785276,0.717045001991239,0.260948491036987,0.270297277042218,0,
0.334079559152747,0.557055214723926,0.494225408203903,0.423644202405264,0.293280039970022,0,
0.440675047356639,0.758983347940403,0.263241736360016,0.546403449058316,0.262303272545591,0,
0.38143619769244,0.609640666082384,0.285742731979291,0.318810982527797,0.297277042218336,0,
0.302738074737386,0.275547765118317,0.436280366387893,0.261856137962333,0.32075943042718,0,
0.424143275357327,0.526555652936021,0.287136598964556,0.326979804855911,0.347239570322258,0,
0.424315481315654,0.717440841367222,0.273596176821983,0.309053778080327,0.287784161878591,0,
0.318925434820045,0.457318141980719,0.521505376344086,0.434762877240753,0.32075943042718,0,
0.45582917168934,0.427870289219982,0.429311031461569,0.335829362378035,0.338745940544592,0,
0.717582228345101,0.449605609114812,0.308243727598566,0.392557295212162,0.390706969772671,0,
0.431892543482004,0.560210341805434,0.765033851055356,0.238030406171999,0.32075943042718,0,
0.327880144653005,0.543207712532866,0.496814018319395,0.43498978897209,0.32075943042718,0,
0.756328568968486,0.281332164767748,0.387495021903624,0.385523031540731,0.306769922558081,0,
0.258481143447563,0.134092900964067,0.664277180406213,0.772634445200817,0.165375968023982,0,
0.751162390218702,0.341980718667835,0.451413779370769,0.597458588609031,0.247064701473895,0,
0.609781298432926,0.392287467134093,0.43110314615691,0.403902881778988,0.240069947539345,0,
0.351816772860341,0.52182296231376,0.813620071684588,0.219877467665078,0.32075943042718,0,
0.641122782848287,0.503067484662577,0.287335722819594,0.403902881778988,0.28878341244067,0,
0.35991045290167,0.576336546888694,0.496415770609319,0.461311549807125,0.32075943042718,0,
0.363698983984846,0.603856266432954,0.276583034647551,0.410029498525074,0.354234324256807,0,
0.306182193903909,0.322348816827344,0.113102349661489,0.751531654186521,0.32075943042718,0,
0.31375925607026,0.308676599474145,0.575866188769415,0.889267075107783,0.32075943042718,0,
0.678491475805063,0.191060473269062,0.445838311429709,0.71068754254595,0.207344491631277,0,
0.678663681763389,0.369325153374233,0.430904022301872,0.337871567960064,0.30751936047964,0,
0.472016531771999,0.518492550394391,0.463560334528076,0.435897435897436,0.255308518611042,0,
0.572757017392802,0.583172655565294,0.286340103544405,0.424098025867937,0.523107669248064,0,
0.416566213190976,0.857142857142857,0.221027479091995,0.435670524166099,0.285535848113915,0,
0.31823661098674,0.492024539877301,0.690760653126244,0.529838892670751,0.32075943042718,0,
0.717410022386775,0.369325153374233,0.435483870967742,0.331971862945314,0.305770671996003,0,
0.37695884277596,0.744609991235758,0.269414575866189,0.416609938733833,0.280539595303522,0,
0.532460823144481,0.518667835232252,0.311429709279172,0.335602450646698,0.343242568073945,0,
0.514895815395213,0.569149868536372,0.29410593389088,0.42001361470388,0.277292030976767,0,
0.316858963320131,0.334268185801928,0.648944643568299,0.769684592693442,0.19260554584062,0,
0.54055450318581,0.421735319894829,0.425925925925926,0.407760381211709,0.296027979015738,0,
0.363871189943172,0.398247151621385,0.935284747112704,0.585205355116859,0.228578566075443,0,
0.316686757361805,0.299912357581069,0.522899243329351,0.712729748127978,0.589308018985761,0,
0.665231617013949,0.385977212971078,0.437873357228196,0.337190832766054,0.305770671996003,0,
0.558808334768383,0.595793163891323,0.477499004380725,0.530746539596097,0.426430177366975,0,
0.34423971069399,0.577563540753725,0.570290720828355,0.554345359655094,0.214339245565826,0,
0.346822800068882,0.628045574057844,0.569095977698128,0.486725663716814,0.388708468648514,0,
0.723781642844842,0.313409290096407,0.404818797291916,0.397322441570229,0.304521608793405,0,
0.550370242810401,0.606134969325153,0.292114695340502,0.291354663036079,0.507119660254809,0,
0.429137248148786,0.585801928133217,0.509358821186778,0.710914454277286,0.214089432925306,0,
0.343895298777338,0.307624890446976,0.699123855037833,0.597912412071704,0.600549587809143,0,
0.453934906147753,0.625065731814198,0.517921146953405,0.600181529385069,0.423432425680739,0,
0.314103667986912,0.293251533742331,0.482078853046595,0.857045609257999,0.159630277292031,0,
0.831065954882039,0.317090271691499,0.409199522102748,0.326752893124575,0.451661254059455,0,
0.318581022903392,0.432077125328659,0.682596575069693,0.255275697753574,0.32075943042718,0,
0.40967797485793,0.667659947414549,0.249502190362405,0.309280689811663,0.292030976767424,0,
0.333390735319442,0.297984224364592,0.445639187574671,0.67687769457681,0.831126655008743,0,
0.420354744274152,0.731113058720421,0.54958183990442,0.474926253687316,0.471146640019985,0,
0.320130876528328,0.295004382120946,0.48068498606133,0.75879282958929,0.676492630527105,0,
0.554158773893577,0.479929886064855,0.317204301075269,0.389380530973451,0.300774419185611,0,
0.399517823316687,0.634355828220859,0.257068896853843,0.310642160199682,0.293030227329503,0,
0.344584122610642,0.549693251533742,0.307048984468339,0.327433628318584,0.297027229577817,0,
0.327019114861374,0.465381244522349,0.197929111907607,0.287497163603358,0.369223082687984,0,
0.368004132943,0.740929009640666,0.247909199522103,0.624234172906739,0.22458156382713,0,
0.816772860340968,0.17703768624014,0.392871365989646,0.342409802586794,0.30751936047964,0,
0.546237299810573,0.360210341805434,0.337116686579052,0.384161561152712,0.350986759930052,0,
0.628551747890477,0.512708150744961,0.461569095977698,0.415929203539823,0.446415188608544,0,
0.491992422937834,0.685714285714286,0.278176025487853,0.517812570909916,0.458656007994005,0,
0.730842087136215,0.369325153374233,0.435284747112704,0.413886997957794,0.453909567824132,0,
0.35457206819356,0.33794916739702,0.703902827558742,0.569321533923304,0.551836122907819,0,
0.40296194248321,0.664154250657318,0.588610115491836,0.282732017245292,0.32075943042718,0,
0.340451179610815,0.421735319894829,0.911987256073278,0.202632176083504,0.32075943042718,0,
0.497330807645945,0.710254163014899,0.269414575866189,0.316541865214432,0.418186360229828,0,
0.365076631651455,0.652234881682734,0.633412982875348,0.511912865895167,0.32075943042718,0,
0.334596177027725,0.510429447852761,0.726204699322979,0.618561379623326,0.601299025730702,0,
0.827277423798863,0.184049079754601,0.393667861409797,0.386430678466077,0.29502872845366,0,
0.38591355260892,0.661349693251534,0.678215850258861,0.258906285454958,0.267799150637022,0,
0.278457034613398,0.148992112182296,0.126244524093986,0,0.32075943042718,0,
0.273979679696918,0.420333041191937,0.75089605734767,0.217381438620377,0.223082687984012,0,
0.402100912691579,0.780718667835232,0.251493428912784,0.296573632856819,0.222583062702973,0,
0.341484415360771,0.409290096406661,0.800079649542015,0.155661447696846,0.32075943042718,0,
0.316686757361805,0.496231375985977,0.654121863799283,0.184933061039256,0.32075943042718,0,
0.357843981401756,0.404732690622261,0.881123058542413,0.217381438620377,0.238071446415189,0,
0.397795763733425,0.726906222611744,0.535444046196734,0.286816428409349,0.563327504371721,0,
0.399690029275013,0.539176161262051,0.276184786937475,0.317222600408441,0.29502872845366,0,
0.309798519028758,0.277826468010517,0.429111907606531,0.674381665532108,0.779915063702223,0,
0.354227656276907,0.52410166520596,0.470728793309438,0.314272747901066,0.291031726205346,0,
0.691923540554503,0.281858019281332,0.699123855037833,0.268663489902428,0.387959030726955,0,
0.788703289133804,0.29079754601227,0.402031063321386,0.377808032675289,0.347739195603298,0,
0.55088686068538,0.353549517966696,0.345280764635603,0.346721125482187,0.330502123407444,0,
0.638367487515068,0.582646801051709,0.267821585025886,0.321760835035171,0.295528353734699,0,
0.449801963147925,0.383523225241017,0.331342094782955,0.37644656228727,0.347489382962778,0,
0.324263819528156,0.469938650306748,0.876941457586619,0.187656001815294,0.239820134898826,0,
0.336146030652661,0.431200701139351,0.841298287534847,0.199682323576129,0.32075943042718,0,
0.475805062855175,0.685714285714286,0.28036638789327,0.319037894259133,0.291781164126905,0,
0.707077664887205,0.193865030674847,0.406013540422143,0.403675970047651,0.304021983512366,0,
0.41415532977441,0.547414548641542,0.577658303464755,0.293850692080781,0.374469148138896,0,
0.309109695195454,0.341980718667835,0.205694942254082,0.951667801225323,0.32075943042718,0,
0.306354399862235,0.297808939526731,0.428912783751493,0.467665078284547,0.470147389457907,0,
0.576028930600999,0.407186678352323,0.462962962962963,0.327660540049921,0.30776917312016,0,
0.308420871362149,0.295705521472393,0.461967343687774,0.110732924892217,0.32075943042718,0,
0.686585155846392,0.191586327782647,0.405814416567105,0.398683911958248,0.299525355983013,0,
0.42896504219046,0.605083260297984,0.279769016328156,0.422055820285909,0.273794654009493,0,
0.311864990528672,0.309728308501315,0.261449621664675,0.872021783526208,0.132900324756433,0,
0.354055450318581,0.381069237510955,0,0.253460403902882,0.247314514114414,0,
0.337351472360944,0.334794040315513,0.482676224611708,0.276378488767869,0.706969772670497,0,
0.476149474771827,0.628571428571429,0.266228594185583,0.415929203539823,0.406195353484886,0,
0.387463406233856,0.653111305872042,0.674432497013142,0.24574540503744,0.32075943042718,0,
0.305493370070604,0.286415425065732,0.433691756272401,0.223961878829135,0.32075943042718,0,
0.468572412605476,0.646450482033304,0.287733970529669,0.410483321987747,0.280289782663003,0,
0.323574995694851,0.339526730937774,0.505376344086021,0.779441797140912,0.12840369722708,0,
0.362493542276563,0.384399649430324,0.726602947033055,0.224642614023145,0.220834374219335,0,
0.33752367831927,0.345661700262927,0.516129032258065,0.626730201951441,0.32075943042718,0,
0.465644911313931,0.58737949167397,0.483671843886898,0.632176083503517,0.221583812140894,0,
0.499913897020837,0.463803680981595,0.426921545201115,0.403222146584978,0.361478890831876,0,
0.468744618563802,0.55407537248028,0.312624452409399,0.334694803721352,0.345740694479141,0,
0.457895643189254,0.715863277826468,0.279171644763043,0.475153165418652,0.528103922058456,0,
0.641639400723265,0.415074496056091,0.448426921545201,0.477195371000681,0.47439420434674,0,
0.56655760289306,0.62524101665206,0.50457984866587,0.316088041751759,0.369972520609543,0,
0.50111933872912,0.437160385626643,0.817801672640382,0.255048786022237,0.274544091931052,0,
0.781987256759084,0.293251533742331,0.417363600159299,0.393691853868845,0.30102423182613,0,
0.849319786464612,0.391411042944785,0.460772600557547,0.444973905150896,0.290532100924307,0,
0.332874117444464,0.490096406660824,0.773596176821983,0.588382119355571,0.599050711966026,0,
0.715687962803513,0.401577563540754,0.499601752289924,0.551395507147719,0.25655758181364,0,
0.832099190631996,0.330236634531113,0.336320191158901,0.399591558883594,0.304271796152885,0,
0.302738074737386,0.268886941279579,0.337913181999204,0.279782164737917,0.598551086684986,0,
0.820905803340796,0.306047326906223,0.339705296694544,0.377808032675289,0.307269547839121,0,
0.266058205613914,0.520595968448729,0.630824372759857,0.499432720671659,0.413689732700475,0,
0.423971069399001,0.761787905346188,0.267025089605735,0.314726571363739,0.367474394204347,0,
0.351472360943689,0.499561787905346,0.259657506969335,0.443385523031541,0.28828378715963,0,
0.319269846736697,0.323751095530237,0.459378733572282,0.237576582709326,0.32075943042718,0,
0.602032030308249,0.382997370727432,0.425328554360812,0.401633764465623,0.288033974519111,0,
0.389013259858791,0.738650306748466,0.228195937873357,0.469253460403903,0.556082937796653,0,
0.416566213190976,0.693251533742331,0.266029470330546,0.41615611527116,0.26255308518611,0,
0.424659893232306,0.739526730937774,0.253882915173238,0.304515543453597,0.286784911316513,0,
0.339073531944205,0.430674846625767,0.802867383512545,0.180394826412526,0.240069947539345,0,
0.690373686929568,0.549693251533742,0.290720828355237,0.566825504878602,0.255808143892081,0,
0.322886171861546,0.38965819456617,0.814018319394663,0.569321533923304,0.32075943042718,0,
0.336834854485965,0.290446976336547,0.486459577857427,0.878375312003631,0.136897327004746,0,
0.628896159807129,0.320070113935145,0.400438072481083,0.393011118674835,0.283537346989758,0,
0.4423971069399,0.58965819456617,0.270609318996416,0.318810982527797,0.29502872845366,0,
0.501980368520751,0.425591586327783,0.315013938669853,0.340140685273429,0.305770671996003,0,
0.311692784570346,0.370552147239264,0.711270410195141,0.190605854322668,0.42917811641269,0,
0.363698983984846,0.550744960560911,0.595977698128236,0.474245518493306,0.32075943042718,0,
0.355777509901843,0.494478527607362,0.611509358821187,0.265032902201044,0.275293529852611,0,
0.334768382986051,0.353900087642419,0.55236957387495,0.715906512366689,0.32075943042718,0,
0.692440158429482,0.31726555652936,0.397650338510554,0.382800090764693,0.346989757681739,0,
0.643189254348201,0.448553900087642,0.322381521306252,0.382119355570683,0.305021234074444,0,
0.338729120027553,0.360035056967572,0.497809637594584,0.768776945768096,0.692980264801399,0,
0.822800068882383,0.292024539877301,0.402628434886499,0.406625822555026,0.298526105420934,0,
0.307387635612192,0.293251533742331,0.482875348466746,0.461765373269798,0.32075943042718,0,
0.259169967280868,0.395968448729185,0.639386698526483,0.19832085318811,0.567574319260555,1,
0.272946443946961,0.354776511831727,0.626045400238949,0.747447243022464,0.32075943042718,1,
0.329602204236267,0.328308501314636,0.445639187574671,0.673020195144089,0.145390956782413,1,
0.462200792147408,0.600175284837862,0.611708482676225,0.535965509416837,0.263302523107669,1,
0.412777682107801,0.419807186678352,0.723616089207487,0.475606988881325,0.246315263552336,1,
0.368865162734631,0.341805433829974,0.793508562325767,0.566371681415929,0.473644766425181,1,
0.386430170483899,0.354951796669588,0.776782158502589,0.249149081007488,0.491881089183113,1,
0.314275873945238,0.350920245398773,0.443647949024293,0.187429090083957,0.32075943042718,1,
0.268296883072154,0.320420683610868,0.257268020708881,0.100068073519401,0.32075943042718,1,
0.493370070604443,0.390885188431201,0.693747510951812,0.505786249149081,0.254808893330003,1,
0.333735147236094,0.339526730937774,0.513341298287535,0.554799183117767,0.0914314264301774,1,
0.445152402273119,0.290096406660824,0.730784547988849,0.529158157476742,0.417436922308269,1,
0.418288272774238,0.436985100788782,0.748307447232178,0.525754481506694,0.641768673494879,1,
0.456345789564319,0.32988606485539,0.62405416168857,0.694803721352394,0.694479140644517,1,
0.323402789736525,0.354951796669588,0.46415770609319,0.534830950760154,0.32075943042718,1,
0.32047528844498,0.329360210341805,0.558741537236161,0.700022691173134,0.0876842368223832,1,
0.316858963320131,0.284312007011393,0.477499004380725,0.664851372815975,0.790407194604047,1,
0.433786809023592,0.576687116564417,0.583034647550777,0.694576809621057,0.231576317761679,1,
0.36352677802652,0.415950920245399,0.496216646754281,0.581574767415475,0.237821633774669,1,
0.310831754778715,0.323225241016652,0.429111907606531,0.546857272520989,0.32075943042718,1,
0.404856208024798,0.707099035933392,0.541019514137794,0.563648740639891,0.240569572820385,1,
0.280867918029964,0.184750219106047,0.249502190362405,0.630587701384162,0.639020734449163,1,
0.332701911486137,0.368624014022787,0.518916766228594,0.732244157022918,0.32075943042718,1,
0.463750645772344,0.443120070113935,0.760852250099562,0.533015656909462,0.427679240569573,1,
0.379541932150852,0.484136722173532,0.67184388689765,0.272974812797822,0.261054209342993,1,
0.371792664026175,0.356879929886065,0.789924332935086,0.745858860903109,0.175868098925806,1,
0.375925607026003,0.394916739702016,0.67463162086818,0.512820512820513,0.235823132650512,1,
0.352677802651972,0.338124452234882,0.8584229390681,0.189017472203313,0.499125655758181,1,
0.330979851902876,0.440315512708151,0.488849064117881,0.580440208758793,0.615788158880839,1,
0.40967797485793,0.344609991235758,0.746913580246914,0.568867710460631,0.454409193105171,1,
0.517478904770105,0.371954425942156,0.704500199123855,0.559337417744497,0.461154134399201,1,
0.385224728775616,0.426117440841367,0.702508960573477,0.665078284547311,0.32075943042718,1,
0.431031513690374,0.302015775635407,0.768219832735962,0.236215112321307,0.445665750686985,1,
0.445841226106423,0.523575810692375,0.618279569892473,0.274563194917177,0.285785660754434,1,
0.369037368692957,0.356178790534619,0.514137793707686,0.64692534604039,0.550587059705221,1,
0.324608231444808,0.363365468886941,0.623855037833532,0.797594735647833,0.125405945540844,1,
0.342517651110728,0.418229623137599,0.746913580246914,0.160426594054913,0.680989258056458,1,
0.280867918029964,0.321998247151621,0.524691358024691,0.68595416383027,0.177866600049963,1,
0.403995178233167,0.707274320771253,0.248307447232178,0.442477876106195,0.460654509118161,1,
0.361460306526606,0.34829097283085,0.953604141776185,0.201951440889494,0.43617287034724,1,
0.313242638195282,0.347239263803681,0.414177618478694,0.450419786702973,0.538845865600799,1,
0.388841053900465,0.315687992988606,0.780764635603345,0.554118447923758,0.707219585311017,1,
0.403822972274841,0.339000876424189,0.697729988052569,0.555479918311777,0.597052210841869,1,
0.344584122610642,0.326906222611744,0.472720031859817,0.651463580667121,0.32075943042718,1,
0.342173239194076,0.325854513584575,0.50179211469534,0.786249149081007,0.32075943042718,1,
0.376614430859308,0.740403155127082,0.252887295898049,0.487406398910824,0.528353734698976,1,
0.317892199070088,0.329710780017528,0.505177220230984,0.879509870660313,0.32075943042718,1,
0.375925607026003,0.692199824715162,0.512146555157308,0.547991831177672,0.49337996502623,1,
0.340623385569141,0.374408413672217,0.192751891676623,0.759927388245972,0.146140394703972,1,
0.484931978646461,0.619281332164768,0.661887694145759,0.266394372589063,0.284036972270797,1,
0.390563113483726,0.680806310254163,0.524492234169654,0.586339913773542,0.21808643517362,1,
0.42672636473222,0.546538124452235,0.280167264038232,0.421601996823236,0.255058705970522,1,
0.38591355260892,0.381945661700263,0.772401433691756,0.253687315634218,0.415188608543592,1,
0.385569140692268,0.357230499561788,0.720230983671844,0.614476968459269,0.677741693729703,1,
0.32047528844498,0.351446099912358,0.524093986459578,0.842977081915135,0.107419435423432,1,
0.337179266402618,0.383523225241017,0.499004380724811,0.591558883594282,0.32075943042718,1,
0.348028241777165,0.448553900087642,0.694544006371963,0.904470161107329,0.157631776167874,1,
0.389874289650422,0.702366345311131,0.551573078454799,0.53188109825278,0.501373969522858,1,
0.399173411400034,0.387554776511832,0.648745519713262,0.634445200816882,0.233574818885836,1,
0.329774410194593,0.324276950043821,0.46594982078853,0.684365781710914,0.0874344241818636,1,
0.32942999827794,0.289570552147239,0.502389486260454,0.799183117767189,0.641518860854359,1,
0.329085586361288,0.370201577563541,0.482477100756671,0.849330610392557,0.087184611541344,1,
0.343723092819012,0.360560911481157,0.887096774193548,0.186067619695938,0.443917062203348,1,
0.3159979335285,0.31726555652936,0.453803265631223,0.246879963694123,0.597551836122908,1,
0.408300327191321,0.336546888694128,0.784348864994026,0.591558883594282,0.635023732200849,1,
0.282762183571552,0.187730061349693,0.273795300677021,0.142273655547992,0.32075943042718,1,
0.348200447735492,0.354776511831727,0.513938669852648,0.878148400272294,0.851611291531351,1,
0.36352677802652,0.378790534618756,0.526284348864994,0.678466076696165,0.32075943042718,1,
0.325124849319786,0.323400525854514,0.406810035842294,0.585432266848196,0.739195603297527,1,
0.337351472360944,0.452585451358457,0.762046993229789,0.246199228500113,0.254559080689483,1,
0.327363526778026,0.361262050832603,0.539625647152529,0.435897435897436,0.630527104671496,1,
0.337868090235922,0.425591586327783,0.79689366786141,0.206262763784888,0.180864351736198,1,
0.468572412605476,0.319193689745837,0.707487056949422,0.560018152938507,0.259805146140395,1,
0.388496641983813,0.588431200701139,0.530465949820788,0.298842750170184,0.25655758181364,1,
0.396073704150164,0.478878177037686,0.856232576662684,0.199682323576129,0.252810392205846,1,
0.32633029102807,0.306047326906223,0.741338112305854,0.641933287950987,0.687984011991007,1,
0.359393835026692,0.315687992988606,0.690163281561131,0.979351032448378,0.164876342742943,1,
0.348889271568796,0.312883435582822,0.73257666268419,0.722260040844112,0.690731951036722,1,
0.399517823316687,0.43102541630149,0.782556750298686,0.75879282958929,0.32075943042718,1,
0.312898226278629,0.32182296231376,0.527877339705297,0.528704334014069,0.32075943042718,1,
0.392112967108662,0.389482909728309,0.727598566308244,0.206035852053551,0.686485136147889,1,
0.339417943860858,0.344960560911481,0.523297491039426,0.876786929884275,0.0549587809143143,1,
0.325813673153091,0.342857142857143,0.565909996017523,0.518493306103926,0.620534599050712,1,
0.38367487515068,0.398948290972831,0.681600955794504,0.263898343544361,0.588308768423682,1,
0.336146030652661,0.353023663453111,0.526881720430108,0.777399591558884,0.32075943042718,1,
0.354916480110212,0.35284837861525,0.795698924731183,0.534604039028818,0.503872095928054,1,
0.350266919235405,0.702366345311131,0.256272401433692,0.624687996369412,0.228578566075443,1,
0.488376097812984,0.648553900087642,0.654520111509359,0.290673927842069,0.278790906819885,1,
0.339245737902531,0.378439964943032,0.884309040223019,0.647832992965736,0.53859605296028,1,
0.310487342862063,0.333567046450482,0.428912783751493,0.544815066938961,0.32075943042718,1,
0.521611847769933,0.480280455740578,0.544802867383512,0.515316541865214,0.64126904821384,1,
0.345617358360599,0.382120946538124,0.825169255276782,0.538461538461539,0.162628028978266,1,
0.275185121405201,0.359509202453988,0.604141776184787,0.65214431586113,0.17287034723957,1,
0.337695884277596,0.28396143733567,0.484468339307049,0.64692534604039,0.552835373469898,1,
0.413810917857758,0.38387379491674,0.680605336519315,0.566371681415929,0.694479140644517,1,
0.38952987773377,0.411042944785276,0.690959776981282,0.261175402768323,0.550087434424182,1,
0.314620285861891,0.306573181419807,0.55057745917961,0.802132970274563,0.122158381214089,1,
0.277079386946788,0.322699386503067,0.535045798486659,0.532561833446789,0.481388958281289,1,
0.385396934733942,0.378790534618756,0.835125448028674,0.195371000680735,0.503122658006495,1,
0.32856896848631,0.389833479404032,0.509956192751892,0.730882686634899,0.158880839370472,1,
0.340451179610815,0.373707274320771,0.622062923138192,0.503970955298389,0.32075943042718,1,
0.327019114861374,0.344084136722174,0.512943050577459,0.644202405264352,0.32075943042718,1,
0.404167384191493,0.707449605609115,0.248307447232178,0.442477876106195,0.460654509118161,1,
0.364043395901498,0.333742331288344,0.55973715651135,0.60925799863853,0.32075943042718,1,
0.323230583778199,0.277475898334794,0.330346475507766,0.560925799863853,0.581563827129653,1,
0.347683829860513,0.418229623137599,0.769016328156113,0.188336737009303,0.632775418436173,1,
0.320647494403306,0.343382997370727,0.511549183592194,0.659859314726571,0.161378965775668,1,
0.40743929739969,0.340929009640666,0.729390681003584,0.600862264579079,0.46140394703972,1,
0.452385052522817,0.67011393514461,0.56989247311828,0.539823008849557,0.260304771421434,1,
0.427070776648872,0.499035933391762,0.570489844683393,0.611754027683231,0.63427429427929,1,
0.316342345445152,0.335495179666959,0.58821186778176,0.510324483775811,0.456657506869848,1,
0.32271396590322,0.397020157756354,0.465153325368379,0.607669616519174,0.542093429927554,1,
0.432753573273635,0.399298860648554,0.777976901632816,0.59882005899705,0.581314014489133,1,
0.464095057688996,0.556178790534619,0.5221027479092,0.705922396187883,0.20534599050712,1,
0.328913380402962,0.312182296231376,0.46594982078853,0.192874971636034,0.32075943042718,1,
0.354399862235233,0.315162138475022,0.764635603345281,0.564556387565237,0.418186360229828,1,
0.409333562941278,0.310254163014899,0.678414974113899,0.237122759246653,0.431426430177367,1,
0.386774582400551,0.311305872042068,0.772003185981681,0.571136827773996,0.730202348238821,1,
0.355605303943516,0.470289219982471,0.55515730784548,0.490583163149535,0.415938046465151,1,
0.320303082486654,0.406310254163015,0.46415770609319,0.604492852280463,0.572070946789908,1,
0.333562941277768,0.370902716914987,0.566706491437674,0.836623553437713,0.106669997501874,1,
0.456517995522645,0.305170902716915,0.757467144563919,0.215112321307012,0.405695728203847,1,
0.315309109695195,0.278702892199825,0.415969733174034,0.27115951894713,0.517112165875593,1,
0.388496641983813,0.588431200701139,0.530465949820788,0.298842750170184,0.25655758181364,1,
0.313931462028586,0.310955302366345,0.510951812027081,0.818924438393465,0.112665500874344,1,
0.36214913035991,0.3011393514461,0.752090800477897,0.617653732697981,0.150137396952286,1,
0.267435853280523,0.180543382997371,0.269812823576264,0.632176083503517,0.32075943042718,1,
0.31375925607026,0.322348816827344,0.527877339705297,0.740639891082369,0.32075943042718,1,
0.3159979335285,0.367221735319895,0.427120669056153,0.482641252552757,0.32075943042718,1,
0.350266919235405,0.385276073619632,0.54320987654321,0.559337417744497,0.516862353235074,1,
0.351472360943689,0.446976336546889,0.688172043010753,0.650329022010438,0.32075943042718,1,
0.328741174444636,0.31375985977213,0.493229788928714,0.615157703653279,0.32075943042718,1,
0.488376097812984,0.338299737072743,0.702309836718439,0.503063308373043,0.2560579565326,1,
0.363182366109867,0.364592462751972,0.748307447232178,0.572498298162015,0.629028228828379,1,
0.357155157568452,0.784399649430324,0.662086818000797,0.479691400045382,0.277292030976767,1,
0.423971069399001,0.48045574057844,0.658303464755078,0.290900839573406,0.242568073944542,1,
0.408472533149647,0.337072743207713,0.492433293508562,0.840254141139097,0.182613040219835,1,
0.343378680902359,0.420858895705521,0.511549183592194,0.610846380757885,0.119660254808893,1,
0.325813673153091,0.283786152497809,0.472720031859817,0.666893578398003,0.565076192855358,1,
0.332013087652833,0.387028921998247,0.520708880923935,0.926253687315634,0.32075943042718,1,
0.327880144653005,0.362138475021911,0.524691358024691,0.784887678692988,0.0959280539595304,1,
0.353538832443603,0.377563540753725,0.625448028673835,0.582482414340821,0.202598051461404,1,
0.320130876528328,0.290271691498685,0.485862206292314,0.702064896755162,0.10267299525356,1,
0.33080764594455,0.380718667835232,0.54599761051374,0.908554572271386,0.32075943042718,1,
0.361632512484932,0.453461875547765,0.723217841497411,0.564329475833901,0.520359730202348,1,
0.372825899776132,0.385276073619632,0.699322978892871,0.530746539596097,0.242568073944542,1,
0.387980024108834,0.299211218229623,0.694544006371963,0.520762423417291,0.493130152385711,1,
0.399001205441708,0.516739702015776,0.755675029868578,0.222600408441116,0.25630776917312,1,
0.328396762527983,0.286765994741455,0.488450816407806,0.766280916723394,0.649512865350987,1,
0.334423971069399,0.301840490797546,0.650537634408602,0.749489448604493,0.854609043217587,1,
0.360943688651627,0.342857142857143,0.666666666666667,0.809167233945995,0.32075943042718,1,
0.519545376270019,0.376336546888694,0.673636001592991,0.731109598366236,0.195103672245816,1,
0.436369898398485,0.618580192813322,0.699920350457985,0.457680962105741,0.275293529852611,1,
0.333390735319442,0.367922874671341,0.797889287136599,0.220785114590424,0.411941044216837,1,
0.318753228861719,0.376336546888694,0.488450816407806,0.761969593828001,0.113914564076942,1,
0.368348544859652,0.38965819456617,0.748108323377141,0.533242568640799,0.32075943042718,1,
0.353366626485276,0.327432077125329,0.795101553166069,0.538007714998865,0.413439920059955,1,
0.340623385569141,0.358808063102542,0.451015531660693,0.624687996369412,0.186360229827629,1,
0.336318236610987,0.316914986853637,0.58641975308642,0.130247333787157,0.904571571321509,1,
