541,5,2,
0.522817289478216,0.418580192813322,0.609518120270808,0.610619469026549,0.491381463902073,0,
0.606337179266403,0.483610867659947,0.466148944643568,0.436578171091445,0.483387459405446,0,
0.45496814189771,0.401928133216477,0.320390282755874,0.383027002496029,0.349737696727454,0,
0.483382125021526,0.5011393514461,0.295698924731183,0.333106421601997,0.300524606545091,0,
0.332529705527811,0.541805433829974,0.649342891278375,0.597458588609031,0.19860104921309,0,
0.323230583778199,0.450131463628396,0.627439267224213,0.25164511005219,0.268548588558581,0,
0.315481315653522,0.33339176161262,0.527279968140183,0.475380077149989,0.32075943042718,0,
0.347683829860513,0.41262050832603,0.844086021505376,0.66643975493533,0.32075943042718,0,
0.475977268813501,0.0553900087642419,0.254281162883313,0.721579305650102,0.175118661004247,0,
0.359221629068366,0.407537248028046,0.864396654719235,0.207851145904243,0.245316012990257,0,
0.316686757361805,0.379491673970202,0.814217443249701,0.196732471068754,0.168373719710217,0,
0.374203547442741,0.507800175284838,0.280764635603345,0.427955525300658,0.296027979015738,0,
0.403306354399862,0.596143733567046,0.279569892473118,0.317676423871114,0.29477891581314,0,
0.690029275012915,0.582296231375986,0.307447232178415,0.326072157930565,0.299025730701974,0,
0.353366626485276,0.433654688869413,0.687574671445639,0.505559337417744,0.191356482638021,0,
0.549853624935423,0.524276950043821,0.479091995221027,0.319037894259133,0.29477891581314,0,
0.333390735319442,0.313234005258545,0.769812823576264,0.56501021102791,0.482138396202848,0,
0.356121921818495,0.388431200701139,0.802270011947431,0.609484910369866,0.428678491131651,0,
0.421043568107456,0.727081507449606,0.26284348864994,0.302246426140231,0.541593804646515,0,
0.480282417771655,0.615950920245399,0.585424133811231,0.488540957567506,0.533100174868848,0,
0.38143619769244,0.57475898334794,0.602747909199522,0.280462899931926,0.277042218336248,0,
0.32942999827794,0.420333041191937,0.761847869374751,0.220558202859088,0.263552335748189,0,
0.343723092819012,0.432077125328659,0.864396654719235,0.137735420921262,0.32075943042718,0,
0.325469261236439,0.405609114811569,0.82536837913182,0.209893351486272,0.251061703722208,0,
0.328052350611331,0.483786152497809,0.557347670250896,0.432947583390061,0.370222333250062,0,
0.479421387980024,0.463978965819457,0.433492632417364,0.333106421601997,0.33999500374719,0,
0.347856035818839,0.418755477651183,0.947232178414974,0.140912185159973,0.195353484886335,0,
0.397451351816773,0.728483786152498,0.275985663082437,0.41479464488314,0.267549337996503,0,
0.332013087652833,0.380718667835232,0.740740740740741,0.231676877694577,0.247314514114414,0,
0.40967797485793,0.588957055214724,0.566507367582636,0.622418879056047,0.212840369722708,0,
0.330291028069571,0.49307624890447,0.510752688172043,0.508736101656456,0.264801398950787,0,
0.378853108317548,0.541454864154251,0.606531262445241,0.461765373269798,0.365725705720709,0,
0.304115722403995,0.284312007011393,0.431700517722023,0.21783526208305,0.32075943042718,0,
0.477871534355089,0.583523225241017,0.478096375945838,0.690265486725664,0.232075943042718,0,
0.644911313931462,0.325679228746713,0.776981282357626,0.257771726798275,0.280539595303522,0,
0.319442052695023,0.3011393514461,0.48805256869773,0.500794191059678,0.662752935298526,0,
0.356638539693473,0.639964943032428,0.272202309836718,0.320626276378489,0.300024981264052,0,
0.700189426554159,0.440841367221735,0.439466348068499,0.587474472430225,0.252060954284287,0,
0.33304632340279,0.426818580192813,0.738152130625249,0.233492171545269,0.32075943042718,0,
0.357155157568452,0.44592462751972,0.665272799681402,0.515997277059224,0.195353484886335,0,
0.471155501980368,0.589833479404032,0.29410593389088,0.329929657363286,0.345490881838621,0,
0.315825727570174,0.339877300613497,0.652727996814018,0.818016791468119,0.32075943042718,0,
0.416910625107629,0.320595968448729,0.536439665471923,0.817562968005446,0.180114913814639,0,
0.384535904942311,0.68501314636284,0.24452409398646,0.307238484229635,0.290032475643268,0,
0.400895470983296,0.723575810692375,0.514336917562724,0.470614930791922,0.565825630776917,0,
0.339245737902531,0.448203330411919,0.921943448825169,0.174495121397776,0.222333250062453,0,
0.654554847597727,0.495880806310254,0.323974512146555,0.339459950079419,0.343242568073945,0,
0.336318236610987,0.303768624014023,0.456192751891677,0.714318130247334,0.738446165375968,0,
0.314448079903565,0.36091148115688,0.658303464755078,0.687996369412299,0.450911816137897,0,
0.271224384363699,0.454163014899211,0.652329749103943,0.489221692761516,0.32075943042718,0,
0.942311003960737,0.184574934268186,0.393866985264835,0.340594508736102,0.30152385710717,0,
0.342345445152402,0.511130587204207,0.952608522500995,0.162922623099614,0.32075943042718,0,
0.417255037024281,0.511305872042068,0.290521704500199,0.327206716587248,0.34599050711966,0,
0.381608403650766,0.497107800175285,0.801075268817204,0.53641933287951,0.201348988258806,0,
0.389013259858791,0.674496056091148,0.663480684986061,0.505786249149081,0.252810392205846,0,
0.368176338901326,0.811568799298861,0.281162883313421,0.316541865214432,0.279290532100924,0,
0.747373859135526,0.342156003505697,0.393866985264835,0.382800090764693,0.335248563577317,0,
0.502496986395729,0.535845749342682,0.314018319394663,0.333787156796006,0.345490881838621,0,
0.877561563630102,0.323225241016652,0.339307048984468,0.343998184706149,0.308768423682238,0,
0.407783709316342,0.505872042068361,0.30326563122262,0.329702745631949,0.303272545590807,0,
0.385569140692268,0.676248904469763,0.578056551174831,0.477649194463354,0.272545590806895,0,
0.316858963320131,0.297283085013146,0.453205894066109,0.818243703199455,0.0911816137896578,0,
0.315481315653522,0.33567046450482,0.665870171246515,0.657817109144543,0.21159130652011,0,
0.555536421560186,0.571078001752848,0.288530465949821,0.298615838438847,0.537346989757682,0,
0.318064405028414,0.283260297984224,0.439466348068499,0.569321533923304,0.719210592055958,0,
0.559669364560014,0.601928133216477,0.479091995221027,0.542319037894259,0.423432425680739,0,
0.819528155674186,0.177563540753725,0.342293906810036,0.37644656228727,0.308018985760679,0,
0.307904253487171,0.280105170902717,0.430704898446834,0.461992285001135,0.32075943042718,0,
0.352161184776993,0.738299737072743,0.233373158104341,0.498978897208986,0.599800149887584,0,
0.317547787153435,0.385977212971078,0.7610513739546,0.614476968459269,0.187359480389708,0,
0.364043395901498,0.648729184925504,0.550378335324572,0.474699341955979,0.25630776917312,0,
0.922679524711555,0.182646801051709,0.39426523297491,0.340140685273429,0.297776667499375,0,
0.338384708110901,0.485539000876424,0.528275587415372,0.445200816882233,0.285785660754434,0,
0.344928534527295,0.479228746713409,0.666268418956591,0.260267755842977,0.266799900074944,0,
0.251592905114517,0.0944785276073619,0.260055754679411,0.293623780349444,0.282787909068199,0,
0.655415877389358,0.456441717791411,0.327956989247312,0.400045382346267,0.304521608793405,0,
0.868434647838815,0.183523225241017,0.342692154520111,0.376219650555934,0.30776917312016,0,
0.352161184776993,0.580893952673094,0.636200716845878,0.512593601089176,0.257307019735199,0,
0.36352677802652,0.690271691498685,0.251294305057746,0.437939641479464,0.280289782663003,0,
0.680902359221629,0.493952673093777,0.541218637992832,0.500340367597005,0.274544091931052,0,
0.657654554847598,0.419106047326906,0.333731581043409,0.385069208078058,0.305271046714964,0,
0.33976235577751,0.586327782646801,0.71505376344086,0.51690492398457,0.32075943042718,0,
0.336662648527639,0.78387379491674,0.262046993229789,0.647832992965736,0.22458156382713,0,
0.421732391940761,0.590885188431201,0.549780963759458,0.639891082368958,0.226829877591806,0,
0.587566729808851,0.541805433829974,0.437674233373158,0.474699341955979,0.46789907569323,0,
0.335801618736008,0.410692375109553,0.763042612504978,0.246879963694123,0.255308518611042,0,
0.541587738935767,0.472217353198948,0.306252489048188,0.331064216019968,0.347489382962778,0,
0.691234716721199,0.350744960560911,0.344882516925528,0.345359655094168,0.332750437172121,0,
0.850525228172895,0.346538124452235,0.335324571883712,0.343544361243476,0.335248563577317,0,
0.668159118305493,0.456091148115688,0.454400637196336,0.455638756523712,0.262303272545591,0,
0.768038574134665,0.281507449605609,0.39984070091597,0.40639891082369,0.302023482388209,0,
0.33080764594455,0.464154250657318,0.706690561529271,0.244610846380758,0.263552335748189,0,
0.668503530222146,0.405609114811569,0.330346475507766,0.389380530973451,0.347239570322258,0,
0.329085586361288,0.351621384750219,0.548586220629231,0.69639210347175,0.32075943042718,0,
0.79559152746685,0.310780017528484,0.342094782954998,0.376900385749943,0.308518611041719,0,
0.317031169278457,0.281858019281332,0.45400238948626,0.597458588609031,0.73694728953285,0,
0.711382813845359,0.281332164767748,0.38331342094783,0.377581120943953,0.342243317511866,0,
0.462717410022387,0.653286590709904,0.265232974910394,0.321533923303835,0.293529852610542,0,
0.319958670570002,0.315863277826468,0.456192751891677,0.535284774222827,0.32075943042718,0,
0.603926295849836,0.424364592462752,0.324970131421744,0.340140685273429,0.337746689982513,0,
0.559497158601687,0.687817703768624,0.271007566706491,0.477422282732017,0.398950786909818,0,
0.446013432064749,0.481507449605609,0.299482277976902,0.336737009303381,0.343242568073945,0,
0.387635612192182,0.637160385626643,0.260055754679411,0.315861130020422,0.290282288283787,0,
0.325985879111417,0.350920245398773,0.638590203106332,0.72884048105287,0.172620534599051,0,
0.778198725675908,0.292199824715162,0.400438072481083,0.378034944406626,0.347739195603298,0,
0.306354399862235,0.280631025416301,0.443249701314217,0.621284320399365,0.729952535598301,0,
0.555880833476838,0.327256792287467,0.398645957785743,0.392557295212162,0.338246315263552,0,
0.332874117444464,0.545311130587204,0.675228992433293,0.507601542999773,0.244066949787659,0,
0.491820216979507,0.55863277826468,0.309637594583831,0.332652598139324,0.299775168623532,0,
0.360082658859997,0.456266432953549,0.814615690959777,0.195144088949399,0.32075943042718,0,
0.78887549509213,0.38965819456617,0.461569095977698,0.466530519627865,0.292530602048464,0,
0.444807990356466,0.573006134969325,0.27479091995221,0.723848422963467,0.200099925056208,0,
0.317719993111762,0.389482909728309,0.824771007566706,0.186067619695938,0.181114164376717,0,
0.596693645600138,0.44592462751972,0.317801672640382,0.402995234853642,0.361728703472396,0,
0.352850008610298,0.451358457493427,0.80605336519315,0.199909235307465,0.443167624281789,0,
0.741518856552437,0.187028921998247,0.336519315013939,0.341048332198775,0.347739195603298,0,
0.325985879111417,0.407186678352323,0.789924332935086,0.162014976174268,0.32075943042718,0,
0.49216462889616,0.40578439964943,0.324372759856631,0.380077149988654,0.335998001498876,0,
0.380575167900809,0.635933391761613,0.248904818797292,0.308373042886317,0.32075943042718,0,
0.359393835026692,0.452234881682734,0.826563122262047,0.183571590651237,0.32075943042718,0,
0.348544859652144,0.30464504820333,0.660493827160494,0.689130928068981,0.126655008743442,0,
0.386602376442225,0.840315512708151,0.266825965750697,0.308373042886317,0.283037721708718,0,
0.336490442569313,0.787028921998247,0.263440860215054,0.642160199682324,0.226829877591806,0,
0.530222145686241,0.535845749342682,0.436678614097969,0.397549353301566,0.302273295028728,0,
0.786809023592216,0.421384750219106,0.467144563918757,0.472203312911277,0.287284536597552,0,
0.358705011193387,0.753724802804557,0.257666268418957,0.304061719990924,0.282538096427679,0,
0.53383847081109,0.514110429447853,0.434886499402628,0.417290673927842,0.356732450662003,0,
0.781126226967453,0.334618755477651,0.336718438868976,0.399137735420921,0.347239570322258,0,
0.806957120716377,0.375985977212971,0.337514934289128,0.380077149988654,0.336997252060954,0,
0.628896159807129,0.56319018404908,0.440063719633612,0.432039936464715,0.4229328003997,0,
0.323058377819873,0.518492550394391,0.498207885304659,0.437031994554118,0.32075943042718,0,
0.341484415360771,0.599474145486415,0.586220629231382,0.488087134104833,0.208843367474394,0,
0.667642500430515,0.47361963190184,0.321585025886101,0.339913773542092,0.342493130152386,0,
0.446013432064749,0.774583698510079,0.255874153723616,0.453369639210347,0.404946290282288,0,
0.333562941277768,0.409465381244522,0.873755475906013,0.166326299069662,0.47414439170622,0,
0.340795591527467,0.561963190184049,0.73257666268419,0.223281143635126,0.32075943042718,0,
0.313587050111934,0.350219106047327,0.55236957387495,0.855230315407307,0.32075943042718,0,
0.321164112278285,0.452936021034181,0.815810434090004,0.172679827547084,0.233325006245316,0,
0.898226278629241,0.169325153374233,0.397451214655516,0.377808032675289,0.337996502623033,0,
0.306354399862235,0.294829097283085,0.489446435682995,0.476514635806671,0.223332500624532,0,
0.324091613569829,0.375284837861525,0.734767025089606,0.601542999773088,0.32075943042718,0,
0.329257792319614,0.44943032427695,0.531859816806053,0.606535057862492,0.21159130652011,0,
0.336662648527639,0.421560035056968,0.927319792911191,0.182890855457227,0.32075943042718,0,
0.402445324608231,0.750043821209465,0.527479091995221,0.273428636260495,0.287034723957032,0,
0.467883588772171,0.753198948290973,0.284747112704102,0.322895393691854,0.286285286035473,0,
0.638884105390046,0.420157756354075,0.434488251692553,0.339459950079419,0.308018985760679,0,
0.660065438264164,0.49079754601227,0.324372759856631,0.342182890855457,0.343242568073945,0,
0.346133976235578,0.420858895705521,0.855635205097571,0.617199909235307,0.204096927304522,0,
0.504046840020665,0.519018404907975,0.303663878932696,0.400272294077604,0.297526854858856,0,
0.365076631651455,0.580543382997371,0.288729589804859,0.460403902881779,0.443167624281789,0,
0.662992939555708,0.298510078878177,0.414974113898845,0.343998184706149,0.32075943042718,0,
0.391424143275357,0.393865030674847,0.704101951413779,0.5357385976855,0.44241818636023,0,
0.555708627518512,0.470990359333918,0.302668259657507,0.327660540049921,0.297776667499375,0,
0.689168245221285,0.341104294478528,0.344484269215452,0.378261856137962,0.333749687734199,0,
0.329774410194593,0.597370727432077,0.277777777777778,0.423871114136601,0.27554334249313,0,
0.436025486481832,0.716213847502191,0.27299880525687,0.316995688677105,0.28828378715963,0,
0.473566385396935,0.580017528483786,0.485065710872162,0.708418425232584,0.23107669248064,0,
0.333735147236094,0.57703768624014,0.505973715651135,0.443839346494214,0.32075943042718,0,
0.399345617358361,0.529710780017528,0.247710075667065,0.305877013841616,0.280039970022483,0,
0.361460306526606,0.789482909728308,0.261648745519713,0.310642160199682,0.285535848113915,0,
0.537799207852592,0.658369851007888,0.561927518916766,0.484229634672113,0.281538845865601,0,
0.350783537110384,0.439439088518843,0.68478693747511,0.526889040163376,0.221833624781414,0,
0.432409161356983,0.600350569675723,0.529072082835524,0.674154753800772,0.212590557082188,0,
0.465128293438953,0.493952673093777,0.318199920350458,0.33741774449739,0.344491631276543,0,
0.336662648527639,0.482909728308501,0.656511350059737,0.47787610619469,0.270047464401699,0,
0.32271396590322,0.341104294478528,0.65531660692951,0.645110052189698,0.32075943042718,0,
0.432409161356983,0.594390885188431,0.272600557546794,0.281143635125936,0.678241319010742,0,
0.365593249526434,0.54478527607362,0.224412584627638,0.470161107329249,0.597052210841869,0,
0.439125193731703,0.475197195442594,0.315611310234966,0.333333333333333,0.308018985760679,0,
0.260892026864129,0.117616126205083,0.203305455993628,0.213523939187656,0.240819385460904,0,
0.424143275357327,0.788606485539001,0.275189167662286,0.314726571363739,0.287034723957032,0,
0.323919407611503,0.316739702015776,0.193349263241736,0.654867256637168,0.185111166625031,0,
0.282762183571552,1,0.26742333731581,0.301338779214885,0.280039970022483,0,
0.371103840192871,0.680981595092024,0.232377538829152,0.488767869298843,0.605545840619535,0,
0.653349405889444,0.501665205959684,0.512345679012346,0.319037894259133,0.357232075943043,0,
0.3159979335285,0.334969325153374,0.510553564317005,0.893124574540504,0.32075943042718,0,
0.361115894609953,0.402103418054338,0.869175627240143,0.179487179487179,0.237571821134149,0,
0.316170139486826,0.297283085013146,0.507566706491438,0.714318130247334,0.32075943042718,0,
0.361115894609953,0.392112182296231,0.644165671047391,0.218969820739732,0.32075943042718,0,
0.313242638195282,0.374057843996494,0.620669056152927,0.758565917857953,0.32075943042718,0,
0.323919407611503,0.32182296231376,0.512345679012346,0.805763557975947,0.32075943042718,0,
0.892543482004477,0.316564417177914,0.336320191158901,0.383253914227366,0.341244066949788,0,
0.53383847081109,0.409640666082384,0.421943448825169,0.394826412525528,0.279290532100924,0,
0.430342689857069,0.689921121822962,0.276383910792513,0.299296573632857,0.259305520859355,0,
0.850180816256242,0.323926380368098,0.578853046594982,0.29906966190152,0.296777416937297,0,
0.432236955398657,0.5034180543383,0.302668259657507,0.399818470614931,0.299025730701974,0,
0.545204064060617,0.530061349693252,0.45957785742732,0.422963467211255,0.27579315513365,0,
0.319614258653349,0.331463628396144,0.631819992035046,0.776718856364874,0.32075943042718,0,
0.774754606509385,0.456091148115688,0.314615690959777,0.523258452461992,0.261803647264552,0,
0.316858963320131,0.335845749342682,0.626443647949024,0.804175175856592,0.165625780664502,0,
0.339245737902531,0.549167397020158,0.591198725607328,0.457227138643068,0.276542593055209,0,
0.312553814361977,0.298334794040315,0.459776981282358,0.754027683231223,0.32075943042718,0,
0.322886171861546,0.316389132340053,0.496216646754281,0.186975266621284,0.777916562578066,0,
0.55088686068538,0.606134969325153,0.281561131023497,0.432039936464715,0.521358980764427,0,
0.578095402100913,0.629272567922875,0.288530465949821,0.410029498525074,0.360979265550837,0,
0.593421732391941,0.514460999123576,0.311827956989247,0.330837304288632,0.303022732950287,0,
0.909247459962115,0.31954425942156,0.428116288331342,0.436805082822782,0.291031726205346,0,
0.437575340106768,0.535144609991236,0.463361210673039,0.428182437031995,0.24356732450662,0,
0.327880144653005,0.508501314636284,0.593389088012744,0.499432720671659,0.32075943042718,0,
0.325641467194765,0.328308501314636,0.539028275587415,0.804628999319265,0.16662503122658,0,
0.794041673841915,0.36319018404908,0.329549980087614,0.418652144315861,0.297526854858856,0,
0.415705183399346,0.460473269062226,0.718239745121466,0.229180848649875,0.26929802648014,0,
0.388496641983813,0.768799298860649,0.608721624850657,0.497163603358294,0.261304021983512,0,
0.332529705527811,0.544609991235758,0.693150139386698,0.51690492398457,0.410941793654759,0,
0.485620802479766,0.512883435582822,0.464954201513341,0.433401406852734,0.252060954284287,0,
0.3791975202342,0.612795793163891,0.53126244524094,0.301338779214885,0.281289033225081,0,
0.87136214913036,0.345311130587204,0.43110314615691,0.51690492398457,0.276292780414689,0,
0.392112967108662,0.848729184925504,0.232377538829152,0.43430905377808,0.279790157381964,0,
0.357843981401756,0.527256792287467,0.738749502190362,0.589516678012253,0.554833874594054,0,
0.337007060444291,0.423663453111306,0.744723217841497,0.258225550260948,0.26255308518611,0,
0.340795591527467,0.405258545135846,0.68837116686579,0.533469480372135,0.223832125905571,0,
0.396073704150164,0.62418930762489,0.650139386698526,0.30496936691627,0.282787909068199,0,
0.513862579645256,0.532340052585451,0.299084030266826,0.415248468345813,0.27554334249313,0,
0.473049767521956,0.686415425065732,0.273994424532059,0.295892897662809,0.556082937796653,0,
0.317547787153435,0.388255915863278,0.669056152927121,0.732244157022918,0.170622033474894,0,
0.39848458756673,0.667659947414549,0.608721624850657,0.484229634672113,0.274793904571571,0,
0.808679180299638,0.341104294478528,0.38968538430904,0.343544361243476,0.312765425930552,0,
0.419149302565869,0.643821209465381,0.585025886101155,0.28023598820059,0.278291281538846,0,
0.737213707594283,0.361437335670464,0.430904022301872,0.340594508736102,0.337496877341994,0,
0.705872223178922,0.372304995617879,0.441059338908801,0.332425686407987,0.309517861603797,0,
0.503530222145686,0.455915863277826,0.823178016726404,0.248014522350806,0.273794654009493,0,
0.816428448424315,0.310780017528484,0.338709677419355,0.378942591331972,0.33999500374719,0,
0.487170656104701,0.448028045574058,0.318399044205496,0.338552303154073,0.306769922558081,0,
0.352161184776993,0.680981595092024,0.228195937873357,0.245972316768777,0.660754434174369,0,
0.382469433442397,0.789307624890447,0.262246117084827,0.432266848196052,0.468898326255309,0,
0.51902875839504,0.60578439964943,0.275189167662286,0.457227138643068,0.575318511116662,0,
0.367659721026347,0.654688869412796,0.657108721624851,0.517812570909916,0.32075943042718,0,
0.310315136903737,0.331463628396144,0.478295499800876,0.13977762650329,0.32075943042718,0,
0.458412261064233,0.584224364592463,0.286140979689367,0.319491717721806,0.293030227329503,0,
0.567246426726365,0.333917616126205,0.397650338510554,0.393464942137508,0.33949537846615,0,
0.393146202858619,0.674846625766871,0.494026284348865,0.425686407987293,0.382213339995004,0,
0.916824522128466,0.18965819456617,0.451413779370769,0.397549353301566,0.303522358231327,0,
0.426381952815567,0.621735319894829,0.2536837913182,0.314726571363739,0.356982263302523,0,
0.477182710521784,0.397020157756354,0.516129032258065,0.437258906285455,0.375718211341494,0,
0.404684002066471,0.765819456617003,0.266029470330546,0.300658044020876,0.26929802648014,0,
0.491131393146203,0.594040315512708,0.52389486260454,0.651463580667121,0.228578566075443,0,
0.602893060099879,0.382120946538124,0.632417363600159,0.551622418879056,0.451911066699975,0,
0.53383847081109,0.501665205959684,0.434687375547591,0.418879056047198,0.356482638021484,0,
0.724814878594799,0.311130587204207,0.697530864197531,0.270932607215793,0.284286784911317,0,
0.337007060444291,0.288168273444347,0.484468339307049,0.863399137735421,0.122408193854609,0,
0.484759772688135,0.628921998247152,0.29410593389088,0.421148173360563,0.28178865850612,0,
0.943172033752368,0.336371603856266,0.335921943448825,0.335375538915362,0.306769922558081,0,
0.339245737902531,0.718667835232252,0.273795300677021,0.41479464488314,0.359730202348239,0,
0.413983123816084,0.401928133216477,0.310832337714058,0.391876560018153,0.296527604296777,0,
0.356121921818495,0.617703768624014,0.580645161290323,0.50260948491037,0.245815638271297,0,
0.437230928190115,0.62874671340929,0.282954998008761,0.414113909689131,0.363727204596553,0,
0.350266919235405,0.493602103418054,0.827956989247312,0.207851145904243,0.32075943042718,0,
0.301016015154124,0.27361963190184,0.421545201115094,0.465169049239846,0.0479640269797652,0,
0.367659721026347,0.662751971954426,0.567702110712863,0.473791695030633,0.247064701473895,0,
0.30704322369554,0.282033304119194,0.412385503783353,0.4499659632403,0.32075943042718,0,
0.387807818150508,0.750744960560911,0.255675029868578,0.423417290673928,0.284786410192356,0,
0.883760978129843,0.177914110429448,0.390282755874154,0.341729067392784,0.30751936047964,0,
0.302910280695712,0.276599474145486,0.44026284348865,0.480145223508055,0.32075943042718,0,
0.493197864646117,0.5977212971078,0.279569892473118,0.510778307238484,0.254559080689483,0,
0.374892371276046,0.798422436459246,0.239944245320589,0.293396868618108,0.28228828378716,0,
0.393318408816945,0.77703768624014,0.279171644763043,0.427274790106649,0.532600549587809,0,
0.308248665403823,0.287642418930762,0.451612903225806,0.709099160426594,0.32075943042718,0,
0.382297227484071,0.620508326029798,0.603544404619673,0.453369639210347,0.272045965525856,0,
0.635095574306871,0.578615249780894,0.486857825567503,0.317903335602451,0.295528353734699,0,
0.338384708110901,0.58965819456617,0.560533651931501,0.500567279328341,0.32075943042718,0,
0.402273118649905,0.693602103418054,0.672242134607726,0.465169049239846,0.269797651761179,0,
0.643189254348201,0.464855390008764,0.465153325368379,0.443385523031541,0.287034723957032,0,
0.315825727570174,0.346713409290096,0.668857029072083,0.839800317676424,0.32075943042718,0,
0.479938005855003,0.567046450482033,0.288729589804859,0.41547538007715,0.27579315513365,0,
0.395729292233511,0.613146362839614,0.496614894464357,0.434082142046744,0.370971771171621,0,
0.417255037024281,0.359333917616126,0.813620071684588,0.20739732244157,0.420934299275543,0,
0.373514723609437,0.684312007011394,0.667064914376742,0.533696392103472,0.260554584061954,0,
0.327535732736353,0.495880806310254,0.769215452011151,0.562287270251872,0.32075943042718,0,
0.618047184432581,0.409465381244522,0.458383114297093,0.441797140912185,0.276042967774169,0,
0.690545892887894,0.289570552147239,0.438669852648347,0.339459950079419,0.338496127904072,0,
0.340795591527467,0.71375985977213,0.28215850258861,0.411164057181756,0.360979265550837,0,
0.527466850353022,0.531288343558282,0.299681401831939,0.328568186975267,0.30102423182613,0,
0.318753228861719,0.409290096406661,0.831541218637993,0.182437031994554,0.32075943042718,0,
0.404167384191493,0.31726555652936,0.517522899243329,0.79260267755843,0.171121658755933,0,
0.254692612364388,0.761262050832603,0.239346873755476,0.283866575901974,0.278041468898326,0,
0.552608920268641,0.495705521472393,0.474512146555157,0.702064896755162,0.219085685735698,0,
0.312726020320303,0.288343558282209,0.448626045400239,0.519400953029272,0.646515113664751,0,
0.325297055278113,0.296231375985977,0.468140183193947,0.179714091218516,0.704721458905821,0,
0.410883416566213,0.803856266432954,0.258462763839108,0.307692307692308,0.359980014988758,0,
0.267435853280523,0.476774758983348,0.676224611708483,0.235534377127297,0.32075943042718,0,
0.691406922679525,0.378264680105171,0.33552369573875,0.37712729748128,0.345241069198101,0,
0.408300327191321,0.502191060473269,0.296495420151334,0.402087587928296,0.28853359980015,0,
0.350094713277079,0.304119193689746,0.642572680207089,0.690038574994327,0.133150137396952,0,
0.395557086275185,0.51726555652936,0.661688570290721,0.251418198320853,0.271546340244816,0,
0.340795591527467,0.444522348816827,0.870171246515333,0.183571590651237,0.226580064951287,0,
0.344584122610642,0.571603856266433,0.694743130227001,0.516451100521897,0.242068448663502,0,
0.504563457895643,0.507624890446976,0.469534050179211,0.434082142046744,0.391956032975269,0,
0.342517651110728,0.458720420683611,0.915372361608921,0.180848649875199,0.236572570572071,0,
0.423971069399001,0.769149868536372,0.272202309836718,0.311322895393692,0.360479640269798,0,
0.500086102979163,0.558457493426819,0.457586618876941,0.504197867029725,0.48713464901324,0,
0.389874289650422,0.43908851884312,0.599960175228992,0.286362604946676,0.381214089432925,0,
0.527294644394696,0.460648553900088,0.459776981282358,0.446108463807579,0.251561329003248,0,
0.340795591527467,0.350043821209465,0.701911589008363,0.693896074427048,0.209093180114914,0,
0.378853108317548,0.62646801051709,0.269812823576264,0.318810982527797,0.296027979015738,0,
0.603065266058206,0.450482033304119,0.317005177220231,0.39074200136147,0.344741443917062,0,
0.305148958153952,0.279053461875548,0.434488251692553,0.587247560698888,0.32075943042718,0,
0.336146030652661,0.432252410166521,0.982477100756671,0.169956886771046,0.32075943042718,0,
0.314964697778543,0.294829097283085,0.507168458781362,0.692080780576356,0.32075943042718,0,
0.338040296194248,0.392638036809816,0.881322182397451,0.20285908781484,0.236572570572071,0,
0.648011021181333,0.296231375985977,0.344882516925528,0.379169503063308,0.30776917312016,0,
0.317031169278457,0.421735319894829,0.623456790123457,0.281370546857273,0.279290532100924,0,
0.368520750817978,0.403856266432954,0.906810035842294,0.651463580667121,0.217586809892581,0,
0.39262958498364,0.413146362839614,0.787733970529669,0.270024960290447,0.455908068948289,0,
0.516962286895126,0.553198948290973,0.28673835125448,0.32834127524393,0.295278541094179,0,
0.556741863268469,0.53339176161262,0.297092791716448,0.457000226911731,0.645016237821634,0,
0.862235233339073,0.320771253286591,0.328952608522501,0.323349217154527,0.470147389457907,0,
0.328396762527983,0.432602979842244,0.748307447232178,0.234399818470615,0.263552335748189,0,
0.318753228861719,0.285539000876424,0.444444444444444,0.552303154073066,0.719460404696478,0,
0.335801618736008,0.41262050832603,0.887495021903624,0.16383027002496,0.473394953784662,0,
0.429826071982091,0.328133216476775,0.62863401035444,0.873383253914227,0.157631776167874,0,
0.463234027897365,0.6988606485539,0.282755874153724,0.321533923303835,0.357731701224082,0,
0.835371103840193,0.327256792287467,0.408203902827559,0.407760381211709,0.305520859355483,0,
0.322197348028242,0.400525854513585,0.770011947431302,0.185840707964602,0.171871096677492,0,
0.324091613569829,0.305872042068361,0.602349661489446,0.749943272067166,0.1541343992006,0,
0.608920268641295,0.394741454864154,0.430505774591796,0.402995234853642,0.286535098675993,0,
0.333562941277768,0.490446976336547,0.768618080446037,0.582482414340821,0.620034973769673,0,
0.404856208024798,0.646275197195443,0.26284348864994,0.424778761061947,0.357731701224082,0,
0.352161184776993,0.47239263803681,0.898247710075667,0.201724529158157,0.244816387709218,0,
0.345789564318925,0.445398773006135,0.471724412584628,0.428409348763331,0.32075943042718,0,
0.349405889443775,0.308326029798422,0.682994822779769,0.685500340367597,0.124906320259805,0,
0.806268296883072,0.293251533742331,0.631819992035046,0.474472430224643,0.262303272545591,0,
0.40072326502497,0.47361963190184,0.288928713659896,0.321760835035171,0.302023482388209,0,
0.367659721026347,0.681858019281332,0.570888092393469,0.526889040163376,0.32075943042718,0,
0.337351472360944,0.476073619631902,0.640979689366786,0.240072611754028,0.32075943042718,0,
0.367831926984674,0.376687116564417,0.85663082437276,0.672339459950079,0.202847864101924,0,
0.512140520061994,0.478702892199825,0.441457586618877,0.400726117540277,0.350487134649013,0,
0.902703633545721,0.331113058720421,0.445240939864596,0.336963921034717,0.307019735198601,0,
0.415705183399346,0.698510078878177,0.270011947431302,0.414567733151804,0.281039220584562,0,
0.376442224900982,0.64364592462752,0.663281561131023,0.51168595416383,0.32075943042718,0,
0.350439125193732,0.4965819456617,0.821784149741139,0.20353982300885,0.32075943042718,0,
0.359566040985018,0.382471516213848,0.867383512544803,0.214431586113002,0.184361728703472,0,
0.304115722403995,0.282383873794917,0.433293508562326,0.228500113455866,0.854359230577067,0,
0.433959014981918,0.5977212971078,0.460971724412585,0.422963467211255,0.273295028728454,0,
0.356294127776821,0.534618755477651,0.640979689366786,0.244837758112094,0.25031226580065,0,
0.503874634062339,0.456441717791411,0.837913181999204,0.244157022918085,0.272795403447414,0,
0.547787153435509,0.511656441717791,0.297690163281561,0.271386430678466,0.665251061703722,0,
0.90855863612881,0.176687116564417,0.338311429709279,0.380304061719991,0.304521608793405,0,
0.504907869812295,0.42068361086766,0.320589406610912,0.340594508736102,0.306769922558081,0,
0.321164112278285,0.31954425942156,0.455993628036639,0.535965509416837,0.32075943042718,0,
0.51007404856208,0.599474145486415,0.280565511748307,0.407079646017699,0.362228328753435,0,
0.51592905114517,0.625416301489921,0.279968140183194,0.407306557749036,0.355983012740445,0,
0.785086964008955,0.188080631025416,0.339904420549582,0.37712729748128,0.337746689982513,0,
0.328396762527983,0.360385626643295,0.57447232178415,0.687315634218289,0.203597302023482,0,
0.445324608231445,0.567922874671341,0.297889287136599,0.402995234853642,0.289283037721709,0,
0.668331324263819,0.496406660823839,0.540621266427718,0.517131835715906,0.269797651761179,0,
0.342862063027381,0.382997370727432,0.715452011150936,0.54163830270025,0.447914064451661,0,
0.303426898570691,0.272918492550394,0.411589008363202,0.490129339686862,0.32075943042718,0,
0.273635267780265,0.350394390885188,0.653126244524094,0.584070796460177,0.32075943042718,0,
0.433097985190288,0.380718667835232,0.40163281561131,0.377354209212616,0.341743692230827,0,
0.364043395901498,0.601928133216477,0.610513739545998,0.514408894939868,0.32075943042718,0,
0.556569657310143,0.479929886064855,0.45400238948626,0.422282732017245,0.28203847114664,0,
0.334940588944377,0.329360210341805,0.478693747510952,0.238938053097345,0.32075943042718,0,
0.303254692612364,0.279228746713409,0.443249701314217,0.478783753120036,0.619035723207594,0,
0.416738419149303,0.54601226993865,0.268418956591,0.307238484229635,0.396452660504622,0,
0.359738246943344,0.547765118317266,0.280565511748307,0.324029952348536,0.294529103172621,0,
0.34871706561047,0.369149868536372,0.553166069295101,0.0515089630133878,0.32075943042718,0,
0.694678835887722,0.465030674846626,0.412982875348467,0.407079646017699,0.296527604296777,0,
0.410366798691235,0.510429447852761,0.537833532457188,0.269117313365101,0.750437172120909,0,
0.552436714310315,0.539176161262051,0.476304261250498,0.31926480599047,0.32075943042718,0,
0.342689857069055,0.44715162138475,0.915372361608921,0.209893351486272,0.24381713714714,0,
0.491992422937834,0.382471516213848,0.749502190362405,0.207170410710234,0.255558331251561,0,
0.33752367831927,0.390885188431201,0.907606531262445,0.181529385069208,0.32075943042718,0,
0.407955915274668,0.591411042944785,0.539625647152529,0.302473337871568,0.289782663002748,0,
0.33080764594455,0.433479404031551,0.892273994424532,0.190378942591332,0.216087934049463,0,
0.382641639400723,0.43680981595092,0.780167264038232,0.230542319037894,0.260804396702473,0,
0.321336318236611,0.335845749342682,0.479888490641179,0.830496936691627,0.128653509867599,0,
0.762011365593249,0.190709903593339,0.342891278375149,0.345132743362832,0.309517861603797,0,
0.388841053900465,0.788255915863278,0.221425726802071,0.294985250737463,0.369972520609543,0,
0.511623902187016,0.637686240140228,0.295898048586221,0.324256864079873,0.370971771171621,0,
0.342517651110728,0.378439964943032,0.714456391875747,0.548218742909008,0.442917811641269,0,
0.635267780265197,0.578790534618756,0.486857825567503,0.317903335602451,0.295278541094179,0,
0.431720337523678,0.377388255915863,0.562126642771804,0.296573632856819,0.32075943042718,0,
0.317203375236783,0.333041191936897,0.662485065710872,0.742909008395734,0.32075943042718,0,
0.74944033063544,0.402979842243646,0.413181999203505,0.377581120943953,0.30776917312016,0,
0.428792836232134,0.616827344434706,0.276184786937475,0.418652144315861,0.279290532100924,0,
0.425693128982263,0.757581069237511,0.551174830744723,0.285908781484003,0.37172120909318,0,
0.315309109695195,0.320245398773006,0.621266427718041,0.74449739051509,0.186859855108668,0,
0.485104184604787,0.679579316389132,0.271804062126643,0.308373042886317,0.287034723957032,0,
0.338212502152574,0.419106047326906,0.77757865392274,0.216473791695031,0.244566575068699,0,
0.487170656104701,0.620508326029798,0.525487853444843,0.506240072611754,0.21184111916063,0,
0.71895987601171,0.464855390008764,0.492831541218638,0.51690492398457,0.270547089682738,0,
0.684518684346478,0.353549517966696,0.385702907208284,0.382119355570683,0.338745940544592,0,
0.354227656276907,0.390534618755478,0.573675826363998,0.663489902427955,0.508118910816887,1,
0.411744446357844,0.37581069237511,0.765432098765432,0.204674381665532,0.149887584311766,1,
0.344584122610642,0.42296231375986,0.765432098765432,0.570456092579986,0.596802398201349,1,
0.370587222317892,0.365644171779141,0.467144563918757,0.603131381892444,0.566075443417437,1,
0.336490442569313,0.306573181419807,0.73436877737953,0.655321080099841,0.779915063702223,1,
0.413983123816084,0.40578439964943,0.699123855037833,0.694576809621057,0.0409692730452161,1,
0.34647838815223,0.421560035056968,0.573675826363998,0.648513728159746,0.32075943042718,1,
0.375753401067677,0.393339176161262,0.648745519713262,0.169276151577037,0.130402198351237,1,
0.366626485276391,0.448378615249781,0.865392273994425,0.177671885636487,0.476392705470897,1,
0.470122266230412,0.478352322524102,0.642373556352051,0.26594054912639,0.599550337247065,1,
0.32633029102807,0.310254163014899,0.513341298287535,0.506240072611754,0.510117411941044,1,
0.352161184776993,0.453637160385627,0.705097570688969,0.656455638756524,0.142892830377217,1,
0.410883416566213,0.419982471516214,0.598168060533652,0.596777853415022,0.780414688983262,1,
0.386430170483899,0.452760736196319,0.706889685384309,0.559337417744497,0.614289283037722,1,
0.32856896848631,0.37703768624014,0.612504978096376,0.765373269798049,0.136397701723707,1,
0.381608403650766,0.441191936897458,0.549183592194345,0.532561833446789,0.143642268298776,1,
0.326846908903048,0.344609991235758,0.567901234567901,0.511005218969821,0.648513614788908,1,
0.310487342862063,0.337248028045574,0.55794504181601,0.875652371227592,0.101174119410442,1,
0.58584467022559,0.439263803680982,0.592592592592593,0.520308599954618,0.184111916062953,1,
0.383158257275702,0.502892199824715,0.727399442453206,0.749716360335829,0.201348988258806,1,
0.356638539693473,0.452410166520596,0.673636001592991,0.517131835715906,0.232075943042718,1,
0.371964869984501,0.796669588080631,0.60015929908403,0.519854776491945,0.26929802648014,1,
0.40967797485793,0.347589833479404,0.728395061728395,0.752893124574541,0.53235073694729,1,
0.428448424315481,0.691323400525855,0.574273197929112,0.506920807805764,0.456157881588808,1,
0.395557086275185,0.431200701139351,0.740541616885703,0.22237349670978,0.26305271046715,1,
0.365248837609781,0.42068361086766,0.728992433293508,0.60857726344452,0.32075943042718,1,
0.47735491648011,0.388606485539001,0.871963361210673,0.207170410710234,0.227579315513365,1,
0.353883244360255,0.581069237510955,0.598964555953803,0.474472430224643,0.229328003997002,1,
0.567935250559669,0.417353198948291,0.629032258064516,0.542092126162923,0.503622283287534,1,
0.281728947821595,0.320070113935145,0.511150935882119,0.717267982754708,0.0729452910317262,1,
0.335973824694334,0.322173531989483,0.589207487056949,0.595189471295666,0.32075943042718,1,
0.313414844153608,0.321647677475898,0.538829151732378,0.200363058770138,0.32075943042718,1,
0.36576545548476,0.36319018404908,0.515531660692951,0.636714318130247,0.587559330502124,1,
0.439297399690029,0.58737949167397,0.542811628833134,0.477649194463354,0.479140644516613,1,
0.275873945238505,0.350043821209465,0.678016726403823,0.170183798502383,0.22408193854609,1,
0.388841053900465,0.304469763365469,0.749900438072481,0.245972316768777,0.430676992255808,1,
0.259169967280868,0.382296231375986,0.69573874950219,0.181983208531881,0.201598800899326,1,
0.308248665403823,0.351971954425942,0.414974113898845,0.533242568640799,0.32075943042718,1,
0.399690029275013,0.308501314636284,0.673038630027877,0.521896982073973,0.500374718960779,1,
0.350611331152058,0.374583698510079,0.521505376344086,0.578398003176764,0.550836872345741,1,
0.322886171861546,0.304820333041192,0.436678614097969,0.67165872475607,0.138895828128903,1,
0.51816772860341,0.367221735319895,0.717642373556352,0.73474018606762,0.217336997252061,1,
0.251592905114517,0.355302366345311,0.533851055356432,0.651917404129794,0.591556332750437,1,
0.456345789564319,0.32988606485539,0.62405416168857,0.694803721352394,0.694229328003997,1,
0.44687446185638,0.330587204206836,0.626045400238949,0.681189017472203,0.699475393454909,1,
0.38815223006716,0.362489044697634,0.860414177618479,0.167687769457681,0.219585311016737,1,
0.412261064232822,0.34250657318142,0.505575467941059,0.830496936691627,0.179865101174119,1,
0.304632340278974,0.203505696757231,0.448227797690163,0.266167460857726,0.32075943042718,1,
0.384363698983985,0.698334794040316,0.261449621664675,0.460630814613115,0.495128653509868,1,
0.394351644566902,0.403155127081507,0.665870171246515,0.649648286816428,0.680739445415938,1,
0.328913380402962,0.31148115687993,0.511748307447232,0.573405945087361,0.32075943042718,1,
0.329085586361288,0.385801928133217,0.871764237355635,0.602450646698434,0.615788158880839,1,
0.31375925607026,0.353374233128834,0.442254082039028,0.191740412979351,0.32075943042718,1,
0.328052350611331,0.350219106047327,0.658502588610115,0.644202405264352,0.74993754683987,1,
0.318581022903392,0.343908851884312,0.646555157307845,0.611980939414568,0.1541343992006,1,
0.408472533149647,0.338124452234882,0.499601752289924,0.842296346721126,0.178616037971521,1,
0.345272946443947,0.337598597721297,0.527479091995221,0.794417971409122,0.162128403697227,1,
0.402100912691579,0.409815950920245,0.787335722819594,0.62741093714545,0.528603547339495,1,
0.33166867573618,0.439263803680982,0.490242931103146,0.567506240072612,0.575068698476143,1,
0.327019114861374,0.334969325153374,0.648944643568299,0.499659632402995,0.649263052710467,1,
0.327019114861374,0.419281332164768,0.495221027479092,0.64692534604039,0.32075943042718,1,
0.303254692612364,0.281156879929886,0.499601752289924,0.302473337871568,0.252060954284287,1,
0.33304632340279,0.360035056967572,0.617881322182397,0.535284774222827,0.682737946540095,1,
0.353538832443603,0.400175284837862,0.512146555157308,0.757658270932607,0.14089432925306,1,
0.347339417943861,0.409290096406661,0.865392273994425,0.216927615157704,0.440169872595553,1,
0.390735319442053,0.391761612620508,0.765033851055356,0.238257317903336,0.264301773669748,1,
0.442569312898226,0.630499561787905,0.691756272401434,0.503063308373043,0.272795403447414,1,
0.473049767521956,0.595092024539877,0.668060533651932,0.291354663036079,0.286285286035473,1,
0.30928190115378,0.341279579316389,0.590003982477101,0.62287270251872,0.32075943042718,1,
0.314275873945238,0.33216476774759,0.538829151732378,0.560018152938507,0.32075943042718,1,
0.371620458067849,0.394566170026293,0.755276782158503,0.216927615157704,0.718461154134399,1,
0.378336490442569,0.368098159509202,0.774392672242134,0.223508055366462,0.32075943042718,1,
0.348028241777165,0.761963190184049,0.622660294703305,0.51236668935784,0.270547089682738,1,
0.348544859652144,0.357405784399649,0.510553564317005,0.792148854095757,0.0939295528353735,1,
0.311692784570346,0.320595968448729,0.53584229390681,0.554799183117767,0.32075943042718,1,
0.400895470983296,0.411919368974584,0.787136598964556,0.655321080099841,0.144391706220335,1,
0.321852936111589,0.324276950043821,0.470330545599363,0.786476060812344,0.32075943042718,1,
0.308765283278801,0.308851884312007,0.514934289127837,0.538461538461539,0.32075943042718,1,
0.320303082486654,0.331814198071867,0.104141776184787,0.189017472203313,0.232325755683238,1,
0.331152057861202,0.338299737072743,0.502986857825567,0.824597231676878,0.575318511116662,1,
0.3159979335285,0.318667835232252,0.439466348068499,0.274790106648514,0.599550337247065,1,
0.500258308937489,0.358983347940403,0.902230187176424,0.22169276151577,0.261803647264552,1,
0.329946616152919,0.36091148115688,0.516328156113102,0.744043567052417,0.531351486385211,1,
0.426381952815567,0.518843120070114,0.662485065710872,0.525073746312684,0.475393454908818,1,
0.312037196486998,0.322699386503067,0.186379928315412,0.723848422963467,0.122408193854609,1,
0.354744274151886,0.353374233128834,0.768219832735962,0.684138869979578,0.727204596552586,1,
0.423971069399001,0.549693251533742,0.536041417761848,0.462219196732471,0.395203597302023,1,
0.469605648355433,0.376336546888694,0.577459179609717,0.600181529385069,0.437921558830877,1,
0.322886171861546,0.305170902716915,0.435483870967742,0.663943725890629,0.106669997501874,1,
0.398140175650077,0.336546888694128,0.746117084826762,0.677785341502156,0.63477391956033,1,
0.398828999483382,0.364592462751972,0.800079649542015,0.234626730201951,0.26305271046715,1,
0.378680902359222,0.294127957931639,0.434289127837515,0.681642840934876,0.663252560579565,1,
0.33166867573618,0.331989482909728,0.504181600955794,0.575901974132063,0.556832375718211,1,
0.476493886688479,0.320420683610868,0.729589804858622,0.536192421148173,0.258556082937797,1,
0.356466333735147,0.374583698510079,0.539824771007567,0.728159745858861,0.0612040969273045,1,
0.426898570690546,0.525503943908852,0.612504978096376,0.505786249149081,0.467399450412191,1,
0.387635612192182,0.305872042068361,0.787136598964556,0.565237122759247,0.441918561079191,1,
0.413122094024453,0.443470639789658,0.728195937873357,0.541184479237577,0.57032225830627,1,
0.341656621319098,0.362664329535495,0.614496216646754,0.596324029952349,0.226080439670247,1,
0.347683829860513,0.448378615249781,0.514536041417762,0.673247106875425,0.137147139645266,1,
0.343550886860685,0.394040315512708,0.587017124651533,0.58974358974359,0.32075943042718,1,
0.364732219734803,0.334268185801928,0.706093189964158,0.610165645563876,0.126904821383962,1,
0.343206474944033,0.42646801051709,0.520708880923935,0.872248695257545,0.164876342742943,1,
0.391596349233683,0.402629272567923,0.587017124651533,0.621965055593374,0.770921808643517,1,
0.335457206819356,0.398597721297108,0.773197929111908,0.152030859995462,0.700224831376468,1,
0.395729292233511,0.395968448729185,0.798486658701712,0.764238711141366,0.198351236572571,1,
0.268813500947133,0.320070113935145,0.498008761449622,0.721125482187429,0.0637022233325007,1,
0.332529705527811,0.387730061349693,0.636798088410992,0.266848196051736,0.271296527604297,1,
0.314964697778543,0.402453987730061,0.503783353245719,0.740639891082369,0.0686984761428929,1,
0.315136903736869,0.341805433829974,0.560732775786539,0.842069434989789,0.122658006495129,1,
0.337179266402618,0.440841367221735,0.788132218239745,0.20739732244157,0.214838870846865,1,
0.317375581195109,0.264855390008764,0.536041417761848,0.246199228500113,0.116662503122658,1,
0.346133976235578,0.320595968448729,0.652130625248905,0.698207397322442,0.753934549088184,1,
0.382641639400723,0.327081507449606,0.676622859418558,0.629680054458815,0.605046215338496,1,
0.327363526778026,0.30692375109553,0.518717642373556,0.812797821647379,0.32075943042718,1,
0.355605303943516,0.38615249780894,0.542214257268021,0.701157249829816,0.32075943042718,1,
0.347511623902187,0.401577563540754,0.531859816806053,0.250510551395507,0.32075943042718,1,
0.346133976235578,0.31954425942156,0.641975308641975,0.743589743589744,0.761928553584811,1,
0.315481315653522,0.322874671340929,0.49542015133413,0.737236215112321,0.152385710716962,1,
0.42087136214913,0.388431200701139,0.736957387495022,0.722033129112775,0.128903322508119,1,
0.322541759944894,0.296056091148116,0.500995619275189,0.673474018606762,0.119910067449413,1,
0.353711038401929,0.408764241893076,0.682994822779769,0.548218742909008,0.236322757931551,1,
0.482004477354916,0.555652936021034,0.569095977698128,0.669389607442705,0.20534599050712,1,
0.390046495608748,0.437160385626643,0.672043010752688,0.241660993873383,0.691231576317762,1,
0.332185293611159,0.346362839614373,0.537435284747113,0.857499432720672,0.0691981014239321,1,
0.374547959359394,0.405083260297984,0.700517722023098,0.124574540503744,0.114664001998501,1,
0.324091613569829,0.372129710780018,0.63878932696137,0.750397095529839,0.161129153135149,1,
0.356638539693473,0.751971954425942,0.275985663082437,0.63716814159292,0.223582313265051,1,
0.325297055278113,0.339526730937774,0.466148944643568,0.538234626730202,0.644766425181114,1,
0.467194764938867,0.551095530236635,0.756670649143767,0.254141139096891,0.277292030976767,1,
0.310315136903737,0.311831726555653,0.466348068498606,0.46358066712049,0.244566575068699,1,
0.438952987773377,0.572304995617879,0.524691358024691,0.647832992965736,0.209342992755433,1,
0.364215601859824,0.529184925503944,0.667662285941856,0.563194917177218,0.603297526854859,1,
0.436714310315137,0.708851884312007,0.665870171246515,0.276151577036533,0.277541843617287,1,
0.284139831238161,0.306222611744084,0.546794105933891,0.277739959155888,0.231576317761679,1,
0.350439125193732,0.374408413672217,0.523496614894464,0.575221238938053,0.536847364476643,1,
0.345272946443947,0.416301489921122,0.600358422939068,0.660086226457908,0.0786909817636773,1,
0.444119166523162,0.358808063102542,0.751095181202708,0.788972089857046,0.190856857356982,1,
0.409161356982952,0.623663453111306,0.634607726005575,0.61833446789199,0.244066949787659,1,
0.339417943860858,0.327957931638913,0.450418160095579,0.684138869979578,0.533349987509368,1,
0.345100740485621,0.43453111305872,0.874352847471127,0.212162468799637,0.161378965775668,1,
0.329602204236267,0.443120070113935,0.50457984866587,0.678692988427502,0.511616287784162,1,
0.360771482693301,0.324802804557406,0.55694942254082,0.577717267982755,0.32075943042718,1,
0.397279145858447,0.517966695880806,0.777777777777778,0.51622418879056,0.259055708218836,1,
0.324436025486482,0.330061349693252,0.469334926324174,0.616519174041298,0.32075943042718,1,
0.334940588944377,0.323926380368098,0.520310633213859,0.616292262309961,0.579815138646015,1,
0.36214913035991,0.412445223488168,0.60294703305456,0.769230769230769,0.701723707219585,1,
0.311348372653694,0.302191060473269,0.452608522500996,0.454277286135693,0.23082687984012,1,
0.360082658859997,0.479579316389132,0.64058144165671,0.740639891082369,0.200599550337247,1,
0.31152057861202,0.311656441717791,0.536240541616886,0.547538007714999,0.32075943042718,1,
0.384019287067333,0.31148115687993,0.796694544006372,0.584297708191514,0.470647014738946,1,
0.51816772860341,0.367221735319895,0.717443249701314,0.73474018606762,0.217336997252061,1,
0.352677802651972,0.374233128834356,0.484468339307049,0.57022918084865,0.694728953285036,1,
0.459101084897537,0.556529360210342,0.655117483074472,0.526889040163376,0.473644766425181,1,
0.354744274151886,0.405083260297984,0.645161290322581,0.593374177444974,0.229827629278041,1,
0.565696573101429,0.453286590709904,0.764834727200319,0.226004084411164,0.253809642767924,1,
0.312381608403651,0.314110429447853,0.512146555157308,0.502836396641706,0.32075943042718,1,
0.378164284484243,0.437861524978089,0.856829948227798,0.573632856818698,0.232825380964277,1,
0.348544859652144,0.415600350569676,0.664277180406213,0.594054912638983,0.48713464901324,1,
