540,5,2,
0.804374031341484,0.316739702015776,0.608920748705695,0.294077603812117,0.292280789407944,0,
0.385741346650594,0.391060473269062,0.83273596176822,0.176537326979805,0.242318261304022,0,
0.329774410194593,0.328834355828221,0.569494225408204,0.751758565917858,0.32075943042718,0,
0.323574995694851,0.311130587204207,0.615491835921943,0.76401179941003,0.163127654259306,0,
0.320991906319959,0.398422436459246,0.878534448426922,0.207170410710234,0.32075943042718,0,
0.366282073359738,0.503067484662577,0.477698128235763,0.314953483095076,0.290032475643268,0,
0.853969347339418,0.346538124452235,0.398048586220629,0.384161561152712,0.304271796152885,0,
0.662304115722404,0.309553023663453,0.394663480684986,0.388019060585432,0.286035473394954,0,
0.325469261236439,0.31954425942156,0.540820390282756,0.762877240753347,0.194104421683737,0,
0.350266919235405,0.54478527607362,0.501991238550378,0.423190378942591,0.289782663002748,0,
0.333218529361116,0.338650306748466,0.483074472321784,0.722486952575448,0.610791906070447,0,
0.322886171861546,0.451183172655565,0.650139386698526,0.46811890174722,0.274793904571571,0,
0.357499569485104,0.577563540753725,0.493827160493827,0.296346721125482,0.272045965525856,0,
0.530910969519545,0.46432953549518,0.432297889287137,0.334014068527343,0.355733200099925,0,
0.320130876528328,0.451358457493427,0.589008363201912,0.278647606081234,0.32075943042718,0,
0.663509557430687,0.430148992112182,0.434488251692553,0.334921715452689,0.305271046714964,0,
0.629584983640434,0.484312007011393,0.307447232178415,0.411164057181756,0.295278541094179,0,
0.501808162562425,0.53339176161262,0.314615690959777,0.334240980258679,0.345740694479141,0,
0.388324436025486,0.527256792287467,0.254281162883313,0.304742455184933,0.277292030976767,0,
0.728603409677975,0.300438212094654,0.490442054958184,0.589970501474926,0.236572570572071,0,
0.789564318925435,0.183172655565294,0.6342094782955,0.472884048105287,0.266799900074944,0,
0.503185810229034,0.439789658194566,0.325965750696933,0.336283185840708,0.307269547839121,0,
0.847769932839676,0.354951796669588,0.337116686579052,0.344905831631495,0.309268048963278,0,
0.306698811778888,0.299386503067485,0.473118279569892,0.569775357385977,0.32075943042718,0,
0.402273118649905,0.372830850131464,0.750298685782557,0.52598139323803,0.411191606295279,0,
0.361804718443258,0.639614373356705,0.293906810035842,0.321533923303835,0.297526854858856,0,
0.647322197348028,0.468185801928133,0.320589406610912,0.335375538915362,0.305520859355483,0,
0.350094713277079,0.307449605609115,0.552568697729988,0.847061493079192,0.12190856857357,0,
0.403134148441536,0.758106923751096,0.25826363998407,0.312457454050374,0.284786410192356,0,
0.742379886344067,0.348466257668712,0.395659099960175,0.38234626730202,0.30751936047964,0,
0.805235061133115,0.485363716038563,0.428514536041418,0.327206716587248,0.300024981264052,0,
0.485104184604787,0.356529360210342,0.804062126642772,0.201951440889494,0.398451161628778,0,
0.700017220595833,0.282033304119194,0.394464356829948,0.393918765600182,0.306020484636523,0,
0.330463234027897,0.41262050832603,0.840700915969733,0.204447469934196,0.32075943042718,0,
0.333390735319442,0.297107800175285,0.443448825169255,0.635579759473565,0.852860354733949,0,
0.547959359393835,0.508326029798422,0.521306252489048,0.437939641479464,0.400199850112416,0,
0.363698983984846,0.45749342681858,0.526284348864994,0.455184933061039,0.286535098675993,0,
0.486481832271397,0.515863277826468,0.290720828355237,0.327433628318584,0.32075943042718,0,
0.310487342862063,0.313058720420684,0.559338908801274,0.358747447243022,0.32075943042718,0,
0.314792491820217,0.308676599474145,0.464356829948228,0.82187429090084,0.32075943042718,0,
0.518856552436714,0.427344434706398,0.314615690959777,0.382800090764693,0.304521608793405,0,
0.353366626485276,0.553023663453111,0.287933094384707,0.321307011572498,0.32075943042718,0,
0.818322713965903,0.191761612620508,0.395260852250099,0.341048332198775,0.303022732950287,0,
0.798174616841743,0.413146362839614,0.508761449621665,0.325391422736555,0.302023482388209,0,
0.35904942311004,0.670289219982471,0.499203504579849,0.479464488314046,0.219335498376218,0,
0.338556914069227,0.785626643295355,0.26742333731581,0.457227138643068,0.576067949038221,0,
0.402789736524884,0.738124452234882,0.536439665471923,0.273201724529158,0.285036222832875,0,
0.310315136903737,0.337072743207713,0.482676224611708,0.549807125028364,0.520609542842868,0,
0.330635439986223,0.458895705521472,0.892871365989646,0.213750850918992,0.217087184611541,0,
0.33976235577751,0.417879053461876,0.746515332536838,0.751531654186521,0.32075943042718,0,
0.616152918890994,0.388957055214724,0.514336917562724,0.723848422963467,0.209342992755433,0,
0.417427242982607,0.829973707274321,0.273596176821983,0.309961425005673,0.362977766674994,0,
0.471327707938695,0.654163014899211,0.289725209080048,0.322441570229181,0.295528353734699,0,
0.409333562941278,0.556529360210342,0.27757865392274,0.433401406852734,0.231576317761679,0,
0.731358705011193,0.366871165644172,0.421346077260056,0.528250510551395,0.262303272545591,0,
0.366282073359738,0.0494303242769501,0.14615690959777,0.257998638529612,0.249313015238571,0,
0.633201308765283,0.473794916739702,0.302668259657507,0.412298615838439,0.297277042218336,0,
0.451524022731186,0.636108676599474,0.270011947431302,0.41025641025641,0.289033225081189,0,
0.343723092819012,0.452936021034181,0.898247710075667,0.185840707964602,0.227829128153885,0,
0.459617702772516,0.622787028921998,0.276184786937475,0.318357159065124,0.289782663002748,0,
0.552608920268641,0.569500438212095,0.470330545599363,0.654413433174495,0.237571821134149,0,
0.672464267263647,0.327957931638913,0.395260852250099,0.380530973451327,0.302772920309768,0,
0.332185293611159,0.61612620508326,0.531859816806053,0.476968459269344,0.260804396702473,0,
0.517478904770105,0.622611744084137,0.292712066905615,0.312684365781711,0.365725705720709,0,
0.349061477527122,0.516213847502191,0.27937076861808,0.431586113002042,0.289283037721709,0,
0.388668847942139,0.618930762489045,0.270011947431302,0.437712729748128,0.2560579565326,0,
0.345100740485621,0.562138475021911,0.274392672242135,0.431813024733379,0.291281538845866,0,
0.506629929395557,0.542681858019281,0.307048984468339,0.276605400499206,0.643017736697477,0,
0.35767177544343,0.32410166520596,0.724810832337714,0.674154753800772,0.225830627029728,0,
0.314964697778543,0.328308501314636,0.540820390282756,0.479010664851373,0.32075943042718,0,
0.254003788531083,0.610867659947415,0.270808442851454,0.299977308826866,0.32075943042718,0,
0.52040640606165,0.338299737072743,0.394066109119873,0.391649648286816,0.280039970022483,0,
0.36576545548476,0.648904469763365,0.562923138191955,0.477422282732017,0.518611041718711,0,
0.540898915102462,0.402629272567923,0.441855834328953,0.418879056047198,0.279790157381964,0,
0.882727742379886,0.364592462751972,0.33452807646356,0.3380984796914,0.30751936047964,0,
0.608920268641295,0.364241893076249,0.393269613699721,0.389153619242115,0.281289033225081,0,
0.626657482348889,0.480806310254163,0.315611310234966,0.390288177898797,0.30152385710717,0,
0.342517651110728,0.534268185801928,0.563918757467144,0.822555026094849,0.180114913814639,0,
0.645083519889788,0.325854513584575,0.776981282357626,0.257771726798275,0.280539595303522,0,
0.495953159979335,0.380368098159509,0.411389884508164,0.38234626730202,0.346739945041219,0,
0.30928190115378,0.292900964066608,0.425925925925926,0.466757431359201,0.203597302023482,0,
0.531255381436198,0.719368974583699,0.516726403823178,0.307238484229635,0.288033974519111,0,
0.384191493025659,0.712883435582822,0.595977698128236,0.287043340140685,0.32075943042718,0,
0.311348372653694,0.294829097283085,0.446236559139785,0.493079192194236,0.833624781413939,0,
0.733252970552781,0.330937773882559,0.477100756670649,0.466530519627865,0.405945540844367,0,
0.346650594110556,0.454864154250657,0.930904022301872,0.167914681189017,0.209592805395953,0,
0.427931806440503,0.734268185801928,0.530864197530864,0.480825958702065,0.46814888833375,0,
0.321508524194937,0.296406660823839,0.473715651135006,0.432266848196052,0.521608793404946,0,
0.382986051317376,0.741279579316389,0.245519713261649,0.628999319264806,0.238820884336747,0,
0.39262958498364,0.787554776511832,0.240143369175627,0.446335375538915,0.277541843617287,0,
0.338556914069227,0.454864154250657,0.796694544006372,0.175175856591786,0.32075943042718,0,
0.349750301360427,0.754601226993865,0.266228594185583,0.305877013841616,0.282787909068199,0,
0.384363698983985,0.823137598597721,0.243329350856233,0.481506693896074,0.32075943042718,0,
0.567074220768039,0.333742331288344,0.397650338510554,0.393464942137508,0.33949537846615,0,
0.401412088858274,0.687992988606486,0.511350059737157,0.451554345359655,0.251811141643767,0,
0.610642328224557,0.314460999123576,0.393866985264835,0.384615384615385,0.347489382962778,0,
0.646977785431376,0.286590709903593,0.347670250896057,0.374858180167915,0.296277791656258,0,
0.416049595315998,0.539351446099912,0.532656312226205,0.410029498525074,0.353734698975768,0,
0.371276046151197,0.638387379491674,0.735762644364795,0.518266394372589,0.247564326754934,0,
0.412088858274496,0.532865907099036,0.267821585025886,0.308599954617654,0.28178865850612,0,
0.414327535732736,0.644171779141104,0.675428116288331,0.272974812797822,0.277541843617287,0,
0.358705011193387,0.454688869412796,0.59099960175229,0.489221692761516,0.267799150637022,0,
0.740830032719132,0.3034180543383,0.389088012743927,0.381438620376673,0.335498376217837,0,
0.346650594110556,0.382296231375986,0.790521704500199,0.209212616292262,0.241818636022983,0,
0.414671947649389,0.621910604732691,0.254480286738351,0.316088041751759,0.32075943042718,0,
0.333735147236094,0.312182296231376,0.679410593389088,0.67165872475607,0.49362977766675,0,
0.336318236610987,0.541454864154251,0.691955396256472,0.60403902881779,0.194104421683737,0,
0.713104873428621,0.28624014022787,0.390880127439267,0.398683911958248,0.304521608793405,0,
0.338729120027553,0.429447852760736,0.712066905615293,0.248695257544815,0.258306270297277,0,
0.347683829860513,0.676950043821209,0.269215452011151,0.455865668255049,0.284286784911317,0,
0.37248148785948,0.601752848378615,0.281561131023497,0.316314953483095,0.296277791656258,0,
0.448079903564663,0.580368098159509,0.283751493428913,0.314726571363739,0.291281538845866,0,
0.322025142069916,0.470289219982471,0.526284348864994,0.43430905377808,0.32075943042718,0,
0.331152057861202,0.501314636283961,0.763440860215054,0.563421828908555,0.32075943042718,0,
0.783881522300671,0.301489921121823,0.34010354440462,0.383707737690039,0.345490881838621,0,
0.237644222490098,0.129710780017528,0.631222620469932,0.214204674381666,0.203347489382963,0,
0.870673325297055,0.169500438212095,0.336718438868976,0.339459950079419,0.302772920309768,0,
0.330291028069571,0.420508326029798,0.749900438072481,0.221919673247107,0.264301773669748,0,
0.322025142069916,0.313234005258545,0.499203504579849,0.190832766054005,0.32075943042718,0,
0.347167211985535,0.361612620508326,0.684388689765034,0.644429316995689,0.586060454659006,0,
0.362321336318237,0.441717791411043,0.730983671843887,0.586793737236215,0.32075943042718,0,
0.313242638195282,0.31726555652936,0.488251692552768,0.842523258452462,0.156132900324756,0,
0.381608403650766,0.57475898334794,0.602747909199522,0.280462899931926,0.276792405695728,0,
0.568279662476322,0.334092900964067,0.344882516925528,0.377354209212616,0.338995753185111,0,
0.259169967280868,0.0757230499561788,0.739944245320589,0.13455865668255,0.32075943042718,0,
0.665920440847253,0.287291849255039,0.347670250896057,0.375538915361924,0.29477891581314,0,
0.334079559152747,0.409640666082384,0.441855834328953,0.460630814613115,0.460904321758681,0,
0.392112967108662,0.567221735319895,0.288928713659896,0.315861130020422,0.283787159630277,0,
0.69295677630446,0.346538124452235,0.340700915969733,0.388472884048105,0.30776917312016,0,
0.312898226278629,0.280981595092025,0.47331740342493,0.674381665532108,0.594304271796153,0,
0.845531255381436,0.484136722173532,0.326762246117085,0.339233038348083,0.305770671996003,0,
0.742896504219046,0.407361963190184,0.432098765432099,0.440435670524166,0.394953784661504,0,
0.404167384191493,0.492550394390885,0.635404221425727,0.501021102791014,0.574569073195104,0,
0.317719993111762,0.357931638913234,0.718239745121466,0.538461538461539,0.32075943042718,0,
0.548131565352161,0.547765118317266,0.495619275189168,0.567506240072612,0.497127154634024,0,
0.316170139486826,0.292900964066608,0.469334926324174,0.47401860676197,0.611791156632526,0,
0.342517651110728,0.435758106923751,0.517722023098367,0.44474699341956,0.40394703972021,0,
0.595315997933528,0.402979842243646,0.535444046196734,0.717041071023372,0.208343742193355,0,
0.486826244188049,0.627695004382121,0.303464755077658,0.397776265032902,0.280789407944042,0,
0.361115894609953,0.706397896581946,0.24352847471127,0.443158611300204,0.32075943042718,0,
0.334596177027725,0.41034180543383,0.835523695738749,0.594508736101656,0.32075943042718,0,
0.468572412605476,0.631200701139351,0.259458383114297,0.315634218289086,0.290781913564826,0,
0.327363526778026,0.472567922874671,0.639187574671446,0.473791695030633,0.276542593055209,0,
0.491303599104529,0.554951796669588,0.311230585424134,0.333333333333333,0.343492380714464,0,
0.365248837609781,0.638913234005259,0.582238152130625,0.482641252552757,0.257806645016238,0,
0.814017565007749,0.177388255915863,0.395659099960175,0.334014068527343,0.292530602048464,0,
0.895470983296022,0.490972830850131,0.326762246117085,0.348536419332879,0.312765425930552,0,
0.358188393318409,0.640666082383874,0.266427718040621,0.423417290673928,0.293030227329503,0,
0.464783881522301,0.64364592462752,0.269215452011151,0.67687769457681,0.223082687984012,0,
0.822111245049079,0.315162138475022,0.33910792512943,0.343090537780803,0.308518611041719,0,
0.809195798174617,0.315512708150745,0.338311429709279,0.342409802586794,0.308768423682238,0,
0.786981229550542,0.31954425942156,0.342293906810036,0.343771272974813,0.309018236322758,0,
0.306354399862235,0.300788781770377,0.427518916766229,0.455638756523712,0.32075943042718,0,
0.355605303943516,0.514285714285714,0.632616487455197,0.253914227365555,0.32075943042718,0,
0.889615980712933,0.316914986853637,0.336320191158901,0.383480825958702,0.33999500374719,0,
0.543137592560703,0.447502191060473,0.310234966148945,0.381438620376673,0.307269547839121,0,
0.308076459445497,0.35635407537248,0.495021903624054,0.450873610165646,0.432425680739445,0,
0.335112794902704,0.440666082383874,0.864794902429311,0.206262763784888,0.636272795403447,0,
0.332013087652833,0.315162138475022,0.690959776981282,0.627184025414114,0.496627529352985,0,
0.404684002066471,0.741454864154251,0.211071286340104,0.290447016110733,0.282538096427679,0,
0.676769416221801,0.318141980718668,0.384309040223019,0.381892443839347,0.309767674244317,0,
0.433270191148614,0.593689745836985,0.273397052966945,0.315407306557749,0.292530602048464,0,
0.368865162734631,0.403680981595092,0.783751493428913,0.238030406171999,0.22408193854609,0,
0.303426898570691,0.287116564417178,0.446236559139785,0.237576582709326,0.32075943042718,0,
0.674530738763561,0.560560911481157,0.285941855834329,0.534830950760154,0.265051211591307,0,
0.560185982434992,0.492550394390885,0.491636798088411,0.316088041751759,0.291031726205346,0,
0.404511796108145,0.541454864154251,0.661091198725607,0.257090991604266,0.200349737696727,0,
0.321852936111589,0.485188431200701,0.615292712066906,0.48241434082142,0.267299525355983,0,
0.927156879628035,0.296056091148116,0.343090402230187,0.342863626049467,0.333749687734199,0,
0.609264680557947,0.334794040315513,0.346276383910792,0.379396414794645,0.336247814139395,0,
0.364387807818151,0.528659070990359,0.513540422142573,0.301565690946222,0.284536597551836,0,
0.371448252109523,0.75863277826468,0.277379530067702,0.315861130020422,0.279290532100924,0,
0.379025314275874,0.809815950920245,0.253484667463162,0.429543907420014,0.414439170622033,0,
0.343723092819012,0.548816827344435,0.554559936280366,0.453142727479011,0.277791656257807,0,
0.771999311176167,0.28501314636284,0.343488649940263,0.378034944406626,0.305520859355483,0,
0.251420699156191,0.154425942156004,0.27299880525687,0.571817562968005,0.585061204096927,0,
0.123643878078181,0.5056967572305,0.297889287136599,0.327887451781257,0.299275543342493,0,
0.332874117444464,0.343382997370727,0.49084030266826,0.523031540730656,0.32075943042718,0,
0.481315653521612,0.458895705521472,0.304460374352847,0.328795098706603,0.32075943042718,0,
0.57912863785087,0.445398773006135,0.329549980087614,0.383707737690039,0.342243317511866,0,
0.357843981401756,0.525854513584575,0.527080844285145,0.450646698434309,0.277541843617287,0,
0.379714138109179,0.570727432077125,0.850457984866587,0.216700703426367,0.240569572820385,0,
0.358188393318409,0.675372480280456,0.570091596973317,0.253006580440209,0.32075943042718,0,
0.404339590149819,0.667134092900964,0.574870569494225,0.286816428409349,0.32075943042718,0,
0.535216118477699,0.546713409290096,0.294504181600956,0.330610392557295,0.300524606545091,0,
0.307732047528844,0.285539000876424,0.423536439665472,0.480145223508055,0.32075943042718,0,
0.823661098674014,0.320420683610868,0.336121067303863,0.381892443839347,0.339245565825631,0,
0.563974513518168,0.51726555652936,0.517921146953405,0.449058316314954,0.419185610791906,0,
0.595315997933528,0.402979842243646,0.535444046196734,0.717041071023372,0.208593554833875,0,
0.440675047356639,0.498334794040316,0.435085623257666,0.412298615838439,0.274044466650012,0,
0.400378853108318,0.732515337423313,0.25089605734767,0.293169956886771,0.276792405695728,0,
0.5167900809368,0.673444347063979,0.576065312624452,0.484229634672113,0.279290532100924,0,
0.350094713277079,0.720946538124452,0.266228594185583,0.316088041751759,0.368473644766425,0,
0.362321336318237,0.588080631025416,0.291716447630426,0.318810982527797,0.296777416937297,0,
0.483898742896504,0.360385626643295,0.337116686579052,0.378942591331972,0.344241818636023,0,
0.748751506802135,0.344434706397897,0.333930704898447,0.376900385749943,0.312015988008993,0,
0.483726536938178,0.722699386503068,0.27479091995221,0.313592012707057,0.390207344491631,0,
0.768210780092991,0.281682734443471,0.39984070091597,0.40639891082369,0.302023482388209,0,
0.500602720854141,0.508851884312007,0.309637594583831,0.435216700703426,0.662003497376967,0,
0.361804718443258,0.0506573181419807,0.100756670649144,0.191740412979351,0.233325006245316,0,
0.379025314275874,0.700438212094654,0.242931103146157,0.428636260494668,0.284286784911317,0,
0.341656621319098,0.433829973707274,0.778176025487853,0.750397095529839,0.32075943042718,0,
0.318408816945066,0.294829097283085,0.465750696933493,0.680054458815521,0.32075943042718,0,
0.84088169450663,0.186503067484663,0.343289526085225,0.343998184706149,0.334998750936797,0,
0.813845359049423,0.184750219106047,0.396853843090402,0.42001361470388,0.297027229577817,0,
0.316170139486826,0.361612620508326,0.730784547988849,0.602223734967098,0.214838870846865,0,
0.462372998105734,0.527782646801052,0.307845479888491,0.325618334467892,0.348988258805896,0,
0.334423971069399,0.32988606485539,0.738749502190362,0.719537100068073,0.177866600049963,0,
0.342862063027381,0.436108676599474,0.82258064516129,0.557749035625142,0.228578566075443,0,
0.762011365593249,0.284662576687117,0.401234567901235,0.409121851599728,0.299775168623532,0,
0.325985879111417,0.296231375985977,0.474711270410195,0.140004538234627,0.714963777167125,0,
0.397106939900121,0.58737949167397,0.834328952608522,0.219196732471069,0.240319760179865,0,
0.692267952471155,0.451533742331288,0.428514536041418,0.395280235988201,0.302023482388209,0,
0.337179266402618,0.725854513584575,0.271206690561529,0.304515543453597,0.282538096427679,0,
0.643878078181505,0.31148115687993,0.390481879729192,0.378261856137962,0.338745940544592,0,
0.658859996555881,0.51498685363716,0.565909996017523,0.290673927842069,0.289283037721709,0,
0.345789564318925,0.592287467134093,0.283950617283951,0.42069434989789,0.349238071446415,0,
0.304115722403995,0.281682734443471,0.446037435284747,0.235307465395961,0.32075943042718,0,
0.831754778715344,0.330236634531113,0.336320191158901,0.399818470614931,0.304521608793405,0,
0.545376270018943,0.365819456617003,0.335125448028674,0.383027002496029,0.340744441668748,0,
0.264680557947305,0.176336546888694,0.217244125846276,0.641025641025641,0.149887584311766,0,
0.324780437403134,0.427519719544259,0.542214257268021,0.655774903562514,0.197102173369973,0,
0.639572929223351,0.328133216476775,0.341696535244922,0.345132743362832,0.311266550087434,0,
0.360427070776649,0.539176161262051,0.671644763042613,0.260948491036987,0.257556832375718,0,
0.311348372653694,0.313935144609991,0.62226204699323,0.603812117086453,0.233574818885836,0,
0.332529705527811,0.507099035933392,0.624651533253684,0.466303607896528,0.257556832375718,0,
0.366798691234717,0.337248028045574,0.566109119872561,0.908781484002723,0.13439920059955,0,
0.66023764422249,0.387554776511832,0.335722819593787,0.38234626730202,0.346739945041219,0,
0.618908214224212,0.31375985977213,0.448626045400239,0.417063762196506,0.393704721458906,0,
0.513518167728603,0.35863277826468,0.337514934289128,0.385296119809394,0.349487884086935,0,
0.32271396590322,0.418054338299737,0.893866985264835,0.189017472203313,0.432675493379965,0,
0.505080075770622,0.479228746713409,0.437275985663082,0.40049920580894,0.349987509367974,0,
0.598071293266747,0.519018404907975,0.308044603743528,0.331291127751305,0.346989757681739,0,
0.364215601859824,0.499211218229623,0.906013540422142,0.207624234172907,0.240069947539345,0,
0.355949715860169,0.500087642418931,0.675627240143369,0.587928295892898,0.58306270297277,0,
0.310142930945411,0.31603856266433,0.581441656710474,0.891309280689812,0.32075943042718,0,
0.742896504219046,0.301314636283961,0.419553962564715,0.405491263898344,0.256807394454159,0,
0.479765799896676,0.436459246275197,0.30884109916368,0.331971862945314,0.305770671996003,0,
0.47063888410539,0.541454864154251,0.311628833134209,0.326979804855911,0.299775168623532,0,
0.338729120027553,0.46205083260298,0.730585424133811,0.526889040163376,0.235323507369473,0,
0.420699156190804,0.458369851007888,0.752289924332935,0.262083049693669,0.406445166125406,0,
0.50111933872912,0.336371603856266,0.316806053365193,0.399364647152258,0.297776667499375,0,
0.35319442052695,0.624715162138475,0.575069693349263,0.218742909008396,0.653509867599301,0,
0.384191493025659,0.586327782646801,0.824571883711669,0.229861583843885,0.248063952035973,0,
0.404339590149819,0.704820333041192,0.267025089605735,0.30428863172226,0.285785660754434,0,
0.570346133976236,0.63908851884312,0.286340103544405,0.408668028137055,0.361728703472396,0,
0.350266919235405,0.544609991235758,0.64794902429311,0.506240072611754,0.26280289782663,0,
0.315136903736869,0.330762489044698,0.637196336121067,0.6619015203086,0.213339995003747,0,
0.801102118133287,0.442418930762489,0.448626045400239,0.464488314045836,0.280539595303522,0,
0.716204580678491,0.28396143733567,0.388689765033851,0.375765827093261,0.335998001498876,0,
0.415705183399346,0.492199824715162,0.291716447630426,0.402768323122305,0.266050462153385,0,
0.890304804546237,0.332865907099036,0.44763042612505,0.332198774676651,0.305271046714964,0,
0.279662476321681,0.420508326029798,0.876941457586619,0.200136147038802,0.32075943042718,0,
0.325297055278113,0.326029798422436,0.484866587017125,0.802132970274563,0.567324506620035,0,
0.312553814361977,0.342681858019281,0.467144563918757,0.521896982073973,0.503372470647015,0,
0.900637162045807,0.181770376862401,0.393667861409797,0.34263671431813,0.309268048963278,0,
0.412949888066127,0.754951796669588,0.527479091995221,0.289085545722714,0.281289033225081,0,
0.485793008438092,0.358808063102542,0.334727200318598,0.378715679600635,0.343492380714464,0,
0.82607198209058,0.33339176161262,0.408403026682597,0.421148173360563,0.30152385710717,0,
0.335801618736008,0.416827344434706,0.932297889287137,0.194463353755389,0.32075943042718,0,
0.331840881694507,0.45521472392638,0.678016726403823,0.224642614023145,0.242068448663502,0,
0.424143275357327,0.570727432077125,0.455794504181601,0.416609938733833,0.262303272545591,0,
0.820561391424143,0.186327782646801,0.340700915969733,0.343544361243476,0.308268798401199,0,
0.456001377647667,0.653286590709904,0.283950617283951,0.454050374404357,0.602048463652261,0,
0.880661270879972,0.179842243645925,0.390083632019116,0.341955979124121,0.30751936047964,0,
0.481660065438264,0.598422436459246,0.2536837913182,0.404129793510324,0.381963527354484,0,
0.809368004132943,0.309377738825592,0.390083632019116,0.384161561152712,0.348738446165376,0,
0.346306182193904,0.476774758983348,0.855436081242533,0.207624234172907,0.32075943042718,0,
0.492853452729464,0.367397020157756,0.338908801274393,0.380077149988654,0.308018985760679,0,
0.562769071809885,0.48501314636284,0.318598168060534,0.388019060585432,0.30102423182613,0,
0.313070432236955,0.278702892199825,0.469135802469136,0.670297254368051,0.629278041468898,0,
0.385052522817289,0.434706397896582,0.616089207487057,0.28999319264806,0.383962028478641,0,
0.260375408989151,0.437160385626643,0.772003185981681,0.189698207397322,0.227579315513365,0,
0.441536077148269,0.711130587204207,0.272202309836718,0.313592012707057,0.290282288283787,0,
0.338556914069227,0.561262050832603,0.584229390681004,0.548672566371681,0.225830627029728,0,
0.314964697778543,0.330061349693252,0.624651533253684,0.569321533923304,0.217586809892581,0,
0.323402789736525,0.425942156003506,0.67283950617284,0.254821874290901,0.32075943042718,0,
0.548820389185466,0.504995617879053,0.510155316606929,0.427955525300658,0.404946290282288,0,
0.389874289650422,0.77475898334794,0.604141776184787,0.501701837985024,0.261553834624032,0,
0.375753401067677,0.605258545135846,0.749900438072481,0.248922169276152,0.259305520859355,0,
0.329085586361288,0.509553023663453,0.582238152130625,0.471749489448604,0.32075943042718,0,
0.338384708110901,0.526730937773883,0.523496614894464,0.432266848196052,0.360229827629278,0,
0.395557086275185,0.829447852760736,0.242134607726006,0.505559337417744,0.272795403447414,0,
0.322197348028242,0.429272567922875,0.677618478693747,0.252098933514863,0.269797651761179,0,
0.358016187360083,0.73216476774759,0.509358821186778,0.485137281597459,0.603547339495379,0,
0.338556914069227,0.448028045574058,0.81521306252489,0.558202859087815,0.239320509617787,0,
0.496469777854314,0.558106923751096,0.310434090003982,0.33287950987066,0.344491631276543,0,
0.336662648527639,0.31954425942156,0.733572281959379,0.571136827773996,0.434673994504122,0,
0.364387807818151,0.415249780893953,0.824970131421744,0.230769230769231,0.404946290282288,0,
0.314275873945238,0.287116564417178,0.456192751891677,0.500113455865668,0.106669997501874,0,
0.324091613569829,0.424364592462752,0.533851055356432,0.648059904697073,0.199600299775169,0,
0.404339590149819,0.844171779141104,0.25547590601354,0.436805082822782,0.388958281289033,0,
0.380747373859135,0.720420683610868,0.258861011549184,0.437031994554118,0.28178865850612,0,
0.302393662820734,0.275547765118317,0.435483870967742,0.261629226230996,0.32075943042718,0,
0.34200103323575,0.41384750219106,0.860812425328554,0.192648059904697,0.32075943042718,0,
0.345617358360599,0.720245398773006,0.277976901632816,0.312003630587701,0.286285286035473,0,
0.399862235233339,0.773707274320771,0.212066905615293,0.301565690946222,0.28203847114664,0,
0.277251592905114,0.330587204206836,0.598765432098765,0.886771046063081,0.0709467899075693,0,
0.351127949027036,0.433829973707274,0.804460374352847,0.217381438620377,0.477641768673495,0,
0.317719993111762,0.290622261174408,0.454201513341298,0.190605854322668,0.32075943042718,0,
0.571723781642845,0.69535495179667,0.272003185981681,0.496936691626957,0.267549337996503,0,
0.794041673841915,0.340052585451358,0.403026682596575,0.379850238257318,0.340494629028229,0,
0.304632340278974,0.279754601226994,0.43010752688172,0.570002269117313,0.713215088683487,0,
0.351472360943689,0.409114811568799,0.94205495818399,0.183571590651237,0.418436172870347,0,
0.279490270363355,0.202103418054338,0.448825169255277,0.252098933514863,0.32075943042718,0,
0.389702083692096,0.853812445223488,0.222222222222222,0.462219196732471,0.441668748438671,0,
0.877044945755123,0.298685363716039,0.340900039824771,0.341275243930111,0.307019735198601,0,
0.366454279318064,0.372129710780018,0.62226204699323,0.761061946902655,0.168873344991257,0,
0.35095574306871,0.30920245398773,0.70310633213859,0.647832992965736,0.566575068698476,0,
0.533149646977785,0.616476774758983,0.268418956591,0.498751985477649,0.565575818136398,0,
0.538143619769244,0.551446099912358,0.313620071684588,0.328114363512594,0.351986010492131,0,
0.416738419149303,0.716739702015776,0.519912385503783,0.308599954617654,0.291781164126905,0,
0.332013087652833,0.313234005258545,0.687176423735564,0.649648286816428,0.498626030477142,0,
0.432753573273635,0.656792287467134,0.492035045798487,0.466757431359201,0.556082937796653,0,
0.333390735319442,0.313234005258545,0.769812823576264,0.56501021102791,0.482138396202848,0,
0.399517823316687,0.529710780017528,0.247710075667065,0.306103925572952,0.280039970022483,0,
0.364560013776477,0.495530236634531,0.281959378733572,0.324029952348536,0.29502872845366,0,
0.308937489237128,0.299561787905346,0.41636798088411,0.252325845246199,0.577816637521859,0,
0.872567590838643,0.34829097283085,0.550378335324572,0.303834808259587,0.297027229577817,0,
0.575856724642673,0.522524101665206,0.462962962962963,0.675289312457454,0.223582313265051,0,
0.442052695023248,0.669062226117441,0.301075268817204,0.32312230542319,0.292530602048464,0,
0.430170483898743,0.531113058720421,0.29868578255675,0.43430905377808,0.226829877591806,0,
0.372309281901154,0.708150744960561,0.539028275587415,0.467891990015884,0.381214089432925,0,
0.342345445152402,0.512357581069238,0.554161688570291,0.452461992285001,0.277292030976767,0,
0.267952471155502,0.445398773006135,0.696136997212266,0.238484229634672,0.267299525355983,0,
0.382469433442397,0.749167397020158,0.559936280366388,0.459723167687769,0.32075943042718,0,
0.363871189943172,0.552322524101665,0.582039028275587,0.457227138643068,0.255308518611042,0,
0.758050628551748,0.191235758106924,0.400637196336121,0.385749943272067,0.285036222832875,0,
0.573618047184433,0.472567922874671,0.308243727598566,0.408214204674382,0.360979265550837,0,
0.307559841570518,0.294478527607362,0.507168458781362,0.6761969593828,0.216337746689983,0,
0.334423971069399,0.523751095530237,0.582437275985663,0.449512139777627,0.279790157381964,0,
0.677458240055106,0.357230499561788,0.441656710473915,0.309961425005673,0.430177366974769,0,
0.308937489237128,0.394916739702016,0.681401831939466,0.230996142500567,0.244566575068699,0,
0.420182538315826,0.626643295354952,0.239147749900438,0.302019514408895,0.284536597551836,0,
0.352677802651972,0.468185801928133,0.896256471525289,0.200363058770138,0.240569572820385,0,
0.347167211985535,0.470990359333918,0.758462763839108,0.21715452688904,0.444916312765426,0,
0.368176338901326,0.664680105170903,0.285941855834329,0.312911277513047,0.272295778166375,0,
0.329257792319614,0.623137598597721,0.245718837116687,0.425686407987293,0.365725705720709,0,
0.373859135526089,0.696932515337423,0.246117084826762,0.690719310188337,0.199350487134649,0,
0.496125365937661,0.461349693251534,0.502389486260454,0.769230769230769,0.196352735448414,0,
0.35991045290167,0.45170902716915,0.684189565909996,0.51622418879056,0.207094678990757,0,
0.315825727570174,0.319193689745837,0.259060135404221,0.212843203993646,0.517112165875593,0,
0.376442224900982,0.510254163014899,0.70131421744325,0.249829816201498,0.26255308518611,0,
0.446357843981402,0.501489921121823,0.420151334129829,0.385523031540731,0.337996502623033,0,
0.365076631651455,0.775284837861525,0.242731979291119,0.453142727479011,0.26305271046715,0,
0.303771310487343,0.281507449605609,0.43110314615691,0.221012026321761,0.85236072945291,0,
0.517478904770105,0.478702892199825,0.303066507367583,0.324256864079873,0.293529852610542,0,
0.432409161356983,0.73567046450482,0.261449621664675,0.306103925572952,0.417686734948788,0,
0.357843981401756,0.618755477651183,0.677021107128634,0.53641933287951,0.235823132650512,0,
0.329257792319614,0.347589833479404,0.543608124253286,0.694803721352394,0.32075943042718,0,
0.336318236610987,0.463453111305872,0.662883313420948,0.255729521216247,0.267299525355983,0,
0.425865334940589,0.855915863277826,0.231182795698925,0.302019514408895,0.285785660754434,0,
0.531427587394524,0.460122699386503,0.317204301075269,0.383480825958702,0.344491631276543,0,
0.819011537799208,0.332865907099036,0.573078454798885,0.309053778080327,0.297526854858856,0,
0.309798519028758,0.314285714285714,0.579649542015133,0.781030179260268,0.32075943042718,0,
0.47063888410539,0.668711656441718,0.265232974910394,0.422282732017245,0.472395703222583,0,
0.366626485276391,0.375460122699387,0.607925129430506,0.742455184933061,0.196852360729453,0,
0.649905286722921,0.601226993865031,0.264635603345281,0.495121397776265,0.264051961029228,0,
0.371103840192871,0.591411042944785,0.537833532457188,0.431813024733379,0.32075943042718,0,
0.307732047528844,0.307099035933392,0.582437275985663,0.793510324483776,0.32075943042718,0,
0.791802996383675,0.315687992988606,0.570688968538431,0.305650102110279,0.296027979015738,0,
0.319442052695023,0.312007011393514,0.572680207088809,0.832766054004992,0.143392455658256,0,
0.413466505941106,0.594040315512708,0.260852250099562,0.303834808259587,0.289283037721709,0,
0.394696056483554,0.628396143733567,0.274990043807248,0.425686407987293,0.26305271046715,0,
0.46616152918891,0.731113058720421,0.278574273197929,0.45450419786703,0.474893829627779,0,
0.550198036852075,0.634881682734443,0.481083233771406,0.409802586793737,0.354234324256807,0,
0.319958670570002,0.281858019281332,0.440461967343688,0.601996823235761,0.686485136147889,0,
0.515240227311865,0.415600350569676,0.290521704500199,0.389153619242115,0.32075943042718,0,
0.779576373342518,0.377212971078002,0.422341696535245,0.417063762196506,0.483887084686485,0,
0.648011021181333,0.298685363716039,0.391477499004381,0.383253914227366,0.345740694479141,0,
0.650077492681247,0.60806310254163,0.470330545599363,0.462446108463808,0.395953035223582,0,
0.608059238849664,0.714811568799299,0.288928713659896,0.320399364647152,0.296027979015738,0,
0.419493714482521,0.705872042068361,0.266228594185583,0.416609938733833,0.265800649512865,0,
0.311864990528672,0.28501314636284,0.443448825169255,0.51622418879056,0.32075943042718,0,
0.671258825555364,0.279929886064855,0.465153325368379,0.776718856364874,0.188608543592306,0,
0.578267608059239,0.472217353198948,0.322779769016328,0.390515089630134,0.353984511616288,0,
0.41415532977441,0.654513584574934,0.293707686180804,0.317903335602451,0.289782663002748,0,
0.719648699845015,0.340578439964943,0.343090402230187,0.344225096437486,0.309767674244317,0,
0.805062855174789,0.335144609991236,0.337714058144166,0.378261856137962,0.308268798401199,0,
0.419149302565869,0.727081507449606,0.584826762246117,0.452915815747674,0.276042967774169,0,
0.35904942311004,0.602629272567923,0.280565511748307,0.407306557749036,0.28878341244067,0,
0.112622696745307,0.0431200701139351,0.293309438470729,0.324937599273882,0.289283037721709,0,
0.489064921646289,0.472042068361087,0.60573476702509,0.610619469026549,0.152885335998002,1,
0.327535732736353,0.317791411042945,0.468140183193947,0.692988427501702,0.118411191606295,1,
0.318925434820045,0.323751095530237,0.546196734368777,0.733605627410937,0.133649762677992,1,
0.313414844153608,0.368098159509202,0.461170848267622,0.636033582936238,0.151136647514364,1,
0.373514723609437,0.319368974583699,0.592592592592593,0.791014295439074,0.32075943042718,1,
0.250215257447908,0.324452234881683,0.588012743926722,0.79782164737917,0.0766924806395204,1,
0.48854830377131,0.338299737072743,0.702309836718439,0.503063308373043,0.255808143892081,1,
0.318753228861719,0.345135845749343,0.65252887295898,0.649421375085092,0.141893579815139,1,
0.530910969519545,0.371078001752848,0.872361608920749,0.234626730201951,0.25655758181364,1,
0.410022386774582,0.452936021034181,0.822978892871366,0.677785341502156,0.32075943042718,1,
0.349405889443775,0.372830850131464,0.520708880923935,0.575901974132063,0.538845865600799,1,
0.419149302565869,0.34601226993865,0.639187574671446,0.484910369866122,0.433424931301524,1,
0.274668503530222,0.354776511831727,0.653922739944245,0.358747447243022,0.32075943042718,1,
0.335973824694334,0.454864154250657,0.510155316606929,0.554572271386431,0.32075943042718,1,
0.384363698983985,0.333041191936897,0.775189167662286,0.674154753800772,0.68573569822633,1,
0.46840020664715,0.671165644171779,0.570688968538431,0.2809167233946,0.279040719460405,1,
0.323058377819873,0.315337423312883,0.746913580246914,0.226457907873837,0.32075943042718,1,
0.340623385569141,0.326205083260298,0.439267224213461,0.668028137054686,0.513364976267799,1,
0.368004132943,0.483260297984224,0.856232576662684,0.228727025187202,0.417686734948788,1,
0.319958670570002,0.2988606485539,0.573874950219036,0.268436578171091,0.444416687484387,1,
0.316170139486826,0.358282208588957,0.59099960175229,0.789199001588382,0.32075943042718,1,
0.322197348028242,0.180368098159509,0.261648745519713,0.112775130474245,0.0721958531101674,1,
0.381780609609092,0.497808939526731,0.679012345679012,0.692534604039029,0.208093929552835,1,
0.324091613569829,0.34022787028922,0.488251692552768,0.460630814613115,0.32075943042718,1,
0.33166867573618,0.398948290972831,0.552966945440064,0.495575221238938,0.32075943042718,1,
0.341484415360771,0.431726555652936,0.899442453205894,0.208758792829589,0.51311516362728,1,
0.308076459445497,0.289044697633655,0.48068498606133,0.476968459269344,0.246065450911816,1,
0.486654038229723,0.39193689745837,0.862007168458781,0.223734967097799,0.232575568323757,1,
0.313242638195282,0.37353198948291,0.437275985663082,0.648740639891082,0.32075943042718,1,
0.429998277940417,0.451533742331288,0.652927120669056,0.256410256410256,0.277541843617287,1,
0.405717237816428,0.81034180543383,0.252688172043011,0.522577717267983,0.415188608543592,1,
0.346995006027209,0.429973707274321,0.569494225408204,0.626730201951441,0.675243567324507,1,
0.373859135526089,0.490446976336547,0.684388689765034,0.699795779441797,0.19210592055958,1,
0.310487342862063,0.308851884312007,0.486857825567503,0.777172679827547,0.12165875593305,1,
0.395557086275185,0.43102541630149,0.740342493030665,0.22237349670978,0.26305271046715,1,
0.38591355260892,0.608588957055215,0.251095181202708,0.307011572498298,0.285535848113915,1,
0.394179438608576,0.347589833479404,0.652130625248905,0.46879963694123,0.414688983262553,1,
0.312209402445325,0.31498685363716,0.533452807646356,0.494213750850919,0.123657257057207,1,
0.329602204236267,0.363014899211218,0.544603743528475,0.862718402541411,0.0494629028228828,1,
0.3271913208197,0.321297107800175,0.528872958980486,0.548672566371681,0.32075943042718,1,
0.347167211985535,0.350043821209465,0.769016328156113,0.580667120490129,0.779165625780664,1,
0.482693301188221,0.343558282208589,0.92831541218638,0.216700703426367,0.258556082937797,1,
0.283795419321508,0.346713409290096,0.603345280764636,0.645336963921035,0.32075943042718,1,
0.453934906147753,0.645749342681858,0.685981680605336,0.476514635806671,0.277292030976767,1,
0.309798519028758,0.326205083260298,0.53305455993628,0.257998638529612,0.32075943042718,1,
0.339934561735836,0.372480280455741,0.59279171644763,0.826185613796233,0.0549587809143143,1,
0.383158257275702,0.503067484662577,0.727399442453206,0.749943272067166,0.201099175618286,1,
0.377819872567591,0.647677475898335,0.572680207088809,0.529385069208078,0.248063952035973,1,
0.285173066988118,0.265907099035933,0.325965750696933,0.280689811663263,0.19885086185361,1,
0.401239882899948,0.407887817703769,0.709080047789725,0.639664170637622,0.636522608043967,1,
0.34647838815223,0.381069237510955,0.673835125448029,0.990696619015203,0.144141893579815,1,
0.3271913208197,0.349342681858019,0.512146555157308,0.27569775357386,0.668248813389957,1,
0.340278973652488,0.326205083260298,0.437076861808045,0.653732697980486,0.510866849862603,1,
0.357499569485104,0.465731814198072,0.769812823576264,0.544361243476288,0.562827879090682,1,
0.329602204236267,0.399824715162138,0.499004380724811,0.743589743589744,0.159630277292031,1,
0.441363871189943,0.352673093777388,0.746913580246914,0.788972089857046,0.186859855108668,1,
0.332874117444464,0.352673093777388,0.549382716049383,0.83027002496029,0.0959280539595304,1,
0.365248837609781,0.333041191936897,0.716447630426125,0.663036078965282,0.595303522358231,1,
0.372653693817806,0.653286590709904,0.796495420151334,0.270932607215793,0.26904821383962,1,
0.384363698983985,0.308676599474145,0.605137395459976,0.686181075561607,0.814639020734449,1,
0.439469605648355,0.522699386503067,0.820589406610912,0.238938053097345,0.266050462153385,1,
0.338212502152574,0.405083260297984,0.487056949422541,0.524393011118675,0.537846615038721,1,
0.388668847942139,0.451183172655565,0.848068498606133,0.217381438620377,0.250562078441169,1,
0.493714482521095,0.63330411919369,0.520708880923935,0.419786702972544,0.287284536597552,1,
0.422765627690718,0.440666082383874,0.528076463560335,0.613342409802587,0.471646265301024,1,
0.424143275357327,0.48045574057844,0.658502588610115,0.290900839573406,0.242568073944542,1,
0.366282073359738,0.331638913234005,0.706093189964158,0.619469026548673,0.761179115663252,1,
0.339417943860858,0.37475898334794,0.544802867383512,0.840254141139097,0.32075943042718,1,
0.319442052695023,0.353023663453111,0.622859418558343,0.743135920127071,0.32075943042718,1,
0.313587050111934,0.350219106047327,0.636798088410992,0.358747447243022,0.32075943042718,1,
0.312381608403651,0.340403155127081,0.230784547988849,0.829362378034944,0.110666999750187,1,
0.252281728947822,0.108326029798422,0.112504978096376,0.101202632176084,0.175868098925806,1,
0.319442052695023,0.448553900087642,0.47331740342493,0.596324029952349,0.590307269547839,1,
0.368865162734631,0.363540753724803,0.449820788530466,0.603812117086453,0.569572820384711,1,
0.474944033063544,0.474320771253287,0.693548387096774,0.649875198547765,0.209842618036473,1,
0.356466333735147,0.432953549517967,0.800079649542015,0.236215112321307,0.176617536847365,1,
0.319442052695023,0.290096406660824,0.469334926324174,0.735874744724302,0.0986759930052461,1,
0.313414844153608,0.302366345311131,0.53126244524094,0.841161788064443,0.12840369722708,1,
0.327363526778026,0.357756354075372,0.676821983273596,0.663943725890629,0.69198101423932,1,
0.308937489237128,0.301314636283961,0.457984866587017,0.75879282958929,0.32075943042718,1,
0.315825727570174,0.302541630148992,0.467343687773795,0.677331518039483,0.32075943042718,1,
0.344067504735664,0.345135845749343,0.679609717244126,0.535284774222827,0.498875843117662,1,
0.358877217151713,0.307099035933392,0.741338112305854,0.587474472430225,0.218835873095179,1,
0.355088686068538,0.302541630148992,0.685981680605336,0.681642840934876,0.488383712215838,1,
0.38815223006716,0.270990359333918,0.67921146953405,0.556841388699796,0.170372220834374,1,
0.402273118649905,0.350920245398773,0.744324970131422,0.706149307919219,0.501873594803897,1,
0.568968486309626,0.406310254163015,0.68478693747511,0.55593374177445,0.511866100424682,1,
0.318408816945066,0.34478527607362,0.549382716049383,0.835035171318357,0.140394703972021,1,
0.389874289650422,0.313234005258545,0.792512943050577,0.564329475833901,0.445915563327504,1,
0.305493370070604,0.2943032427695,0.52389486260454,0.785114590424325,0.1668748438671,1,
0.44911313931462,0.38965819456617,0.576463560334528,0.571363739505332,0.263302523107669,1,
0.313242638195282,0.34022787028922,0.535444046196734,0.866348990242796,0.129652760429678,1,
0.495436542104357,0.342156003505697,0.68837116686579,0.498978897208986,0.388958281289033,1,
0.355949715860169,0.305521472392638,0.735563520509757,0.602223734967098,0.509867599300525,1,
0.31823661098674,0.350394390885188,0.580446037435285,0.705014749262537,0.482638021483887,1,
0.369553986567935,0.336021034180543,0.770808442851454,0.559337417744497,0.48713464901324,1,
0.309970724987085,0.304119193689746,0.51652727996814,0.528931245745405,0.32075943042718,1,
0.320303082486654,0.298159509202454,0.416567104739148,0.46811890174722,0.32075943042718,1,
0.279145858446702,0.35863277826468,0.636200716845878,0.641252552756978,0.52535598301274,1,
0.346133976235578,0.399649430324277,0.669653524492234,0.600635352847742,0.161129153135149,1,
0.446013432064749,0.570902716914987,0.651732377538829,0.663489902427955,0.249562827879091,1,
0.342173239194076,0.397020157756354,0.715252887295898,0.224188790560472,0.231576317761679,1,
0.474771827105218,0.571779141104295,0.6268418956591,0.251418198320853,0.275043717212091,1,
0.316342345445152,0.357756354075372,0.631819992035046,0.57930565010211,0.163377466899825,1,
0.33304632340279,0.316739702015776,0.584229390681004,0.143862037667347,0.913564826380215,1,
0.341656621319098,0.394390885188431,0.496814018319395,0.510324483775811,0.539095678241319,1,
0.322541759944894,0.293777388255916,0.487256073277579,0.717041071023372,0.0422183362478141,1,
0.375408989151025,0.495880806310254,0.859816806053365,0.201724529158157,0.421184111916063,1,
0.317719993111762,0.321998247151621,0.583831142970928,0.714091218515997,0.32075943042718,1,
0.395384880316859,0.265381244522349,0.676821983273596,0.554572271386431,0.178616037971521,1,
0.342173239194076,0.325679228746713,0.501592990840303,0.786022237349671,0.32075943042718,1,
0.317031169278457,0.284662576687117,0.474711270410195,0.679146811890175,0.773419935048713,1,
0.521267435853281,0.483786152497809,0.779569892473118,0.264579078738371,0.278790906819885,1,
0.532460823144481,0.57581069237511,0.542612504978096,0.498298162014976,0.587809143142643,1,
0.416910625107629,0.49079754601227,0.74352847471127,0.528023598820059,0.645016237821634,1,
0.365248837609781,0.350744960560911,0.726602947033055,0.561606535057863,0.698226330252311,1,
0.319614258653349,0.313935144609991,0.469135802469136,0.540503744043567,0.215088683487384,1,
0.320130876528328,0.35284837861525,0.587813620071685,0.792375765827093,0.32075943042718,1,
0.49216462889616,0.65170902716915,0.623257666268419,0.302473337871568,0.28853359980015,1,
0.318408816945066,0.322524101665206,0.486857825567503,0.660993873383254,0.533349987509368,1,
0.488892715687963,0.348641542506573,0.914575866188769,0.221012026321761,0.260304771421434,1,
0.443258136731531,0.697107800175285,0.613102349661489,0.491263898343544,0.273045216087934,1,
0.369209574651283,0.354951796669588,0.80426125049781,0.526889040163376,0.482388208843367,1,
0.423626657482349,0.412971078001753,0.678016726403823,0.560698888132516,0.152635523357482,1,
0.363354572068193,0.610166520595968,0.617881322182397,0.548445654640345,0.575568323757182,1,
0.311692784570346,0.342331288343558,0.54500199123855,0.862491490810075,0.32075943042718,1,
0.23712760461512,0.350744960560911,0.601354042214257,0.154526889040163,0.136397701723707,1,
0.324780437403134,0.367397020157756,0.6047391477499,0.519854776491945,0.268048963277542,1,
0.39262958498364,0.44715162138475,0.74352847471127,0.76401179941003,0.191856107919061,1,
0.34871706561047,0.375460122699387,0.667463162086818,0.649194463353755,0.80789407944042,1,
0.348544859652144,0.436985100788782,0.771007566706491,0.57476741547538,0.151636272795403,1,
0.309626313070432,0.311656441717791,0.515730784547989,0.929203539823009,0.32075943042718,1,
0.467194764938867,0.637861524978089,0.667861409796894,0.272294077603812,0.280289782663003,1,
0.501635956604099,0.354776511831727,0.722819593787336,0.638529611980939,0.482388208843367,1,
0.310487342862063,0.312007011393514,0.519912385503783,0.922169276151577,0.0949288033974519,1,
0.45720681935595,0.485889570552147,0.683193946634807,0.521216246879964,0.492880339745191,1,
0.355949715860169,0.525854513584575,0.282954998008761,0.279101429543907,0.476642518111416,1,
0.395384880316859,0.350219106047327,0.677817602548785,0.607215793056501,0.466400199850112,1,
0.341828827277424,0.476424189307625,0.703902827558742,0.834581347855684,0.32075943042718,1,
0.452901670397796,0.4988606485539,0.624850657108722,0.532561833446789,0.602048463652261,1,
0.334423971069399,0.326029798422436,0.500995619275189,0.659859314726571,0.15388458656008,1,
0.354055450318581,0.387028921998247,0.522899243329351,0.791014295439074,0.12790407194604,1,
0.528844498019631,0.401752848378615,0.512544802867383,0.503517131835716,0.401948538596053,1,
0.395040468400207,0.330236634531113,0.819195539625647,0.61311549807125,0.459905071196603,1,
0.353711038401929,0.479228746713409,0.571286340103544,0.803948264125255,0.32075943042718,1,
0.426037540898915,0.415249780893953,0.774392672242134,0.210800998411618,0.519860104921309,1,
0.308593077320475,0.304995617879053,0.499800876144962,0.358747447243022,0.32075943042718,1,
0.358705011193387,0.301665205959684,0.722819593787336,0.610165645563876,0.14089432925306,1,
0.343206474944033,0.463803680981595,0.713460772600558,0.585659178579533,0.632525605795653,1,
0.429481660065438,0.476599474145486,0.570888092393469,0.216019968232358,0.162628028978266,1,
0.468572412605476,0.319193689745837,0.707487056949422,0.560018152938507,0.259805146140395,1,
0.500258308937489,0.359158632778265,0.902429311031462,0.22169276151577,0.261803647264552,1,
0.482521095229895,0.385801928133217,0.704301075268817,0.504197867029725,0.25630776917312,1,
0.329257792319614,0.335144609991236,0.5,0.663489902427955,0.63452410691981,1,
0.342517651110728,0.384925503943909,0.681003584229391,0.955979124120717,0.12190856857357,1,
0.327535732736353,0.337072743207713,0.660493827160494,0.505786249149081,0.605545840619535,1,
0.385569140692268,0.347063978965819,0.76284348864994,0.499432720671659,0.508868348738446,1,
0.386430170483899,0.597370727432077,0.543010752688172,0.495575221238938,0.219835123657257,1,
