540,5,2,
0.453246082314448,0.635758106923751,0.265432098765432,0.312911277513047,0.32075943042718,0,
0.337007060444291,0.456441717791411,0.73436877737953,0.221465849784434,0.32075943042718,0,
0.339073531944205,0.415074496056091,0.957984866587017,0.187656001815294,0.233574818885836,0,
0.369898398484588,0.58737949167397,0.542015133412983,0.433628318584071,0.32075943042718,0,
0.341484415360771,0.469062226117441,0.469534050179211,0.312684365781711,0.291031726205346,0,
0.333907353194421,0.340929009640666,0.86399840700916,0.571363739505332,0.425181114164377,0,
0.319269846736697,0.37353198948291,0.715452011150936,0.181302473337872,0.32075943042718,0,
0.342345445152402,0.36669588080631,0.491238550378335,0.731336510097572,0.715463402448164,0,
0.33528500086103,0.345661700262927,0.521704500199124,0.748808713410483,0.564826380214839,0,
0.725159290511452,0.435056967572305,0.315013938669853,0.339006126616746,0.32075943042718,0,
0.313414844153608,0.299211218229623,0.445240939864596,0.584978443385523,0.32075943042718,0,
0.404856208024798,0.675547765118317,0.543010752688172,0.43498978897209,0.32075943042718,0,
0.372653693817806,0.546713409290096,0.796296296296296,0.241434082142047,0.239070696977267,0,
0.368004132943,0.475723049956179,0.823178016726404,0.209439528023599,0.445415938046465,0,
0.376442224900982,0.855390008764242,0.249502190362405,0.29975039709553,0.281039220584562,0,
0.336318236610987,0.303768624014023,0.456192751891677,0.71454504197867,0.738695978016488,0,
0.344584122610642,0.531288343558282,0.609318996415771,0.786249149081007,0.161129153135149,0,
0.348544859652144,0.456266432953549,0.472520908004779,0.444520081688223,0.41693729702723,0,
0.776132254175994,0.368624014022787,0.421146953405018,0.402087587928296,0.460904321758681,0,
0.657137936972619,0.607361963190184,0.471326164874552,0.488087134104833,0.386959780164876,0,
0.407611503358016,0.768098159509202,0.262046993229789,0.307465395960971,0.28878341244067,0,
0.340451179610815,0.385451358457493,0.744922341696535,0.669843430905378,0.208593554833875,0,
0.331324263819528,0.420508326029798,0.819792911190761,0.190832766054005,0.206844866350237,0,
0.717926640261753,0.288694127957932,0.385503783353246,0.377354209212616,0.336497626779915,0,
0.572584811434476,0.519368974583699,0.440461967343688,0.32834127524393,0.351986010492131,0,
0.277423798863441,0.192813321647677,0.265830346475508,0.660993873383254,0.638770921808644,0,
0.710521784053728,0.399824715162138,0.336121067303863,0.385069208078058,0.341493879590307,0,
0.383330463234028,0.612971078001753,0.252090800477897,0.437712729748128,0.32075943042718,0,
0.471327707938695,0.544609991235758,0.312027080844285,0.334467891990016,0.344991256557582,0,
0.547959359393835,0.495880806310254,0.467941059338909,0.452461992285001,0.273295028728454,0,
0.367831926984674,0.80578439964943,0.260852250099562,0.435443612434763,0.490132400699475,0,
0.436714310315137,0.478527607361963,0.311230585424134,0.282505105513955,0.824381713714714,0,
0.560702600309971,0.605083260297984,0.289127837514934,0.322895393691854,0.359480389707719,0,
0.351127949027036,0.323575810692375,0.751294305057746,0.626730201951441,0.46140394703972,0,
0.384708110900637,0.654688869412796,0.268219832735962,0.437031994554118,0.592305770671996,0,
0.831582572757017,0.287116564417178,0.644763042612505,0.280009076469253,0.28828378715963,0,
0.88841053900465,0.316389132340053,0.336121067303863,0.383253914227366,0.339245565825631,0,
0.367487515068021,0.44715162138475,0.288530465949821,0.307011572498298,0.366475143642268,0,
0.929567763044601,0.30920245398773,0.341298287534847,0.340140685273429,0.310267299525356,0,
0.368692956776304,0.482909728308501,0.794703305455994,0.220785114590424,0.423682238321259,0,
0.337351472360944,0.299386503067485,0.546196734368777,0.894712956659859,0.112665500874344,0,
0.820561391424143,0.294829097283085,0.340501792114695,0.342182890855457,0.336497626779915,0,
0.3903909075254,0.552322524101665,0.589008363201912,0.437485818016791,0.32075943042718,0,
0.340795591527467,0.477125328659071,0.957387495021904,0.188109825277967,0.32075943042718,0,
0.329257792319614,0.462226117440841,0.869374751095181,0.175856591785795,0.32075943042718,0,
0.724642672636473,0.484312007011393,0.45957785742732,0.394599500794191,0.395453409942543,0,
0.308937489237128,0.321647677475898,0.583432895260852,0.828681642840935,0.123657257057207,0,
0.341484415360771,0.826117440841367,0.259259259259259,0.446562287270252,0.481139145640769,0,
0.33752367831927,0.332340052585451,0.493827160493827,0.633083730428863,0.32075943042718,0,
0.583261580850697,0.568098159509203,0.300278773397053,0.325164511005219,0.295528353734699,0,
0.320647494403306,0.434706397896582,0.678016726403823,0.20285908781484,0.32075943042718,0,
0.27208541415533,0.435758106923751,0.635005973715651,0.494440662582255,0.249562827879091,0,
0.789392112967109,0.413146362839614,0.432497013142174,0.408441116405718,0.261803647264552,0,
0.337007060444291,0.434180543382997,0.728195937873357,0.188336737009303,0.245565825630777,0,
0.37472016531772,0.677826468010517,0.273994424532059,0.308373042886317,0.32075943042718,0,
0.30928190115378,0.324802804557406,0.14058144165671,0.757431359201271,0.32075943042718,0,
0.723953848803168,0.313409290096407,0.404818797291916,0.397322441570229,0.304271796152885,0,
0.455312553814362,0.453111305872042,0.424332935085623,0.334014068527343,0.338745940544592,0,
0.772343723092819,0.33444347063979,0.418558343289526,0.342182890855457,0.340994254309268,0,
0.728431203719649,0.195617879053462,0.405416168857029,0.393238030406172,0.306270297277042,0,
0.355949715860169,0.639263803680982,0.505774591796097,0.481052870433401,0.214089432925306,0,
0.353022214568624,0.432427695004382,0.612305854241338,0.53188109825278,0.268048963277542,0,
0.356982951610126,0.497458369851008,0.469534050179211,0.432039936464715,0.32075943042718,0,
0.402273118649905,0.580543382997371,0.290919952210275,0.321987746766508,0.32075943042718,0,
0.361115894609953,0.401928133216477,0.787335722819594,0.627184025414114,0.454409193105171,0,
0.347511623902187,0.551270815074496,0.286539227399442,0.321987746766508,0.32075943042718,0,
0.273118649905287,0.455565293602103,0.796495420151334,0.21261629226231,0.23082687984012,0,
0.534527294644395,0.616827344434706,0.288132218239745,0.415248468345813,0.367724206844866,0,
0.181677286034097,0.543032427695004,0.284747112704102,0.314499659632403,0.289782663002748,0,
0.408989151024625,0.381419807186678,0.718438868976503,0.529611980939415,0.41693729702723,0,
0.352505596693646,0.654688869412796,0.487256073277579,0.437485818016791,0.243067699225581,0,
0.918202169795075,0.36091148115688,0.330545599362804,0.340140685273429,0.306769922558081,0,
0.270018942655416,0.397370727432077,0.808641975308642,0.627184025414114,0.217586809892581,0,
0.328741174444636,0.420508326029798,0.774990043807248,0.214431586113002,0.261304021983512,0,
0.394351644566902,0.571428571428571,0.277379530067702,0.469253460403903,0.514114414189358,0,
0.266574823488893,0.439789658194566,0.778176025487853,0.133877921488541,0.32075943042718,0,
0.83416566213191,0.185626643295355,0.395659099960175,0.385976855003404,0.292280789407944,0,
0.302221456862407,0.278001752848379,0.426722421346077,0.252325845246199,0.32075943042718,0,
0.339245737902531,0.400701139351446,0.698924731182796,0.745631949171772,0.32075943042718,0,
0.274496297571896,0.328659070990359,0.641178813221824,0.358747447243022,0.32075943042718,0,
0.311692784570346,0.28851884312007,0.465352449223417,0.770138416156115,0.32075943042718,0,
0.310315136903737,0.329184925503944,0.466746316208682,0.21715452688904,1,0,
0.34200103323575,0.722173531989483,0.271604938271605,0.408668028137055,0.359730202348239,0,
0.510418460478733,0.749868536371604,0.270808442851454,0.318130247333787,0.287534349238071,0,
0.392112967108662,0.819456617002629,0.239346873755476,0.303154073065577,0.32075943042718,0,
0.376614430859308,0.511656441717791,0.71226602947033,0.514862718402541,0.218336247814139,0,
0.310659548820389,0.321647677475898,0.577459179609717,0.358747447243022,0.32075943042718,0,
0.388324436025486,0.705170902716915,0.225009956192752,0.293396868618108,0.32075943042718,0,
0.336834854485965,0.336722173531989,0.537634408602151,0.828227819378262,0.144391706220335,0,
0.342517651110728,0.373882559158633,0.724412584627638,0.187202178352621,0.238071446415189,0,
0.400206647149991,0.656091148115688,0.513341298287535,0.44928522804629,0.246565076192855,0,
0.457895643189254,0.681156879929886,0.265432098765432,0.575675062400726,0.246065450911816,0,
0.314448079903565,0.31603856266433,0.609518120270808,0.890401633764466,0.32075943042718,0,
0.353022214568624,0.449780893952673,0.833134209478295,0.210800998411618,0.462153384961279,0,
0.490614775271224,0.427169149868536,0.328355236957388,0.340594508736102,0.309018236322758,0,
0.239882899948338,0.0304995617879053,0.243329350856233,0.295892897662809,0.283037721708718,0,
0.652488376097813,0.350394390885188,0.343090402230187,0.37644656228727,0.336997252060954,0,
0.449801963147925,0.633128834355828,0.273596176821983,0.322668481960517,0.296027979015738,0,
0.44015842948166,0.561262050832603,0.599163679808841,0.441797140912185,0.32075943042718,0,
0.335629412777682,0.463102541630149,0.596973317403425,0.488540957567506,0.32075943042718,0,
0.50111933872912,0.653111305872042,0.264834727200319,0.424098025867937,0.283287534349238,0,
0.333907353194421,0.549342681858019,0.637196336121067,0.58384388472884,0.201348988258806,0,
0.496814189770966,0.809114811568799,0.249303066507368,0.476060812343998,0.251311516362728,0,
0.35543309798519,0.561437335670465,0.884508164078057,0.219650555933742,0.254059455408444,0,
0.361804718443258,0.435758106923751,0.773994424532059,0.202178352620831,0.24381713714714,0,
0.330979851902876,0.410867659947415,0.845878136200717,0.602904470161107,0.229078191356483,0,
0.36214913035991,0.888694127957932,0.206889685384309,0.276832312230542,0.32075943042718,0,
0.332529705527811,0.627169149868536,0.272003185981681,0.431813024733379,0.274793904571571,0,
0.351644566902015,0.614022787028922,0.295499800876145,0.425459496255956,0.290282288283787,0,
0.302221456862407,0.268536371603856,0.402827558741537,0.469026548672566,0.659505370971771,0,
0.331152057861202,0.301840490797546,0.442453205894066,0.632856818697527,0.666999750187359,0,
0.55398656793525,0.440490797546012,0.451413779370769,0.415021556614477,0.27579315513365,0,
0.848803168589633,0.354250657318142,0.416766228594186,0.300204220558203,0.472395703222583,0,
0.274840709488548,0.329184925503944,0.632218239745121,0.799410029498525,0.111916062952785,0,
0.593938350266919,0.367747589833479,0.333134209478295,0.385069208078058,0.341743692230827,0,
0.7992078525917,0.347765118317266,0.660294703305456,0.283639664170638,0.290032475643268,0,
0.425176511107284,0.672918492550394,0.280167264038232,0.42001361470388,0.26280289782663,0,
0.373686929567763,0.755652936021034,0.25647152528873,0.588382119355571,0.233075193604796,0,
0.435336662648528,0.606310254163015,0.266029470330546,0.312230542319038,0.284036972270797,0,
0.336146030652661,0.592988606485539,0.52110712863401,0.417744497390515,0.362727954034474,0,
0.608575856724643,0.680806310254163,0.300677021107129,0.326299069661902,0.296027979015738,0,
0.318753228861719,0.305346187554776,0.462763839107925,0.84592693442251,0.0741943542343243,0,
0.329602204236267,0.483786152497809,0.715651135005974,0.235761288858634,0.32075943042718,0,
0.469605648355433,0.708676599474146,0.277379530067702,0.587701384161561,0.22408193854609,0,
0.444807990356466,0.327782646801052,0.616885702907208,0.859995461765373,0.49337996502623,0,
0.305837781987257,0.277475898334794,0.409199522102748,0.447016110732925,0.235323507369473,0,
0.320130876528328,0.429447852760736,0.637196336121067,0.254594962559564,0.276292780414689,0,
0.37472016531772,0.626818580192813,0.647749900438072,0.515543453596551,0.266550087434424,0,
0.360599276734975,0.4022787028922,0.823178016726404,0.612434762877241,0.465650761928554,0,
0.368004132943,0.484136722173532,0.462962962962963,0.427501701837985,0.32075943042718,0,
0.478904770105046,0.546538124452235,0.309836718438869,0.33356024506467,0.346490132400699,0,
0.369037368692957,0.63102541630149,0.714257268020709,0.51690492398457,0.246565076192855,0,
0.315825727570174,0.289745836985101,0.458183990442055,0.179941002949852,0.720209842618036,0,
0.417255037024281,0.655915863277826,0.664078056551175,0.275924665305196,0.278291281538846,0,
0.413638711899432,0.75863277826468,0.258462763839108,0.305650102110279,0.28853359980015,0,
0.312381608403651,0.296757230499562,0.457984866587017,0.190832766054005,0.888583562328254,0,
0.330979851902876,0.499211218229623,0.626045400238949,0.242114817336056,0.32075943042718,0,
0.318581022903392,0.348466257668712,0.642572680207089,0.87451781257091,0.32075943042718,0,
0.380919579817462,0.592638036809816,0.287933094384707,0.466076696165192,0.682737946540095,0,
0.37248148785948,0.751971954425942,0.237554759060135,0.432266848196052,0.568323757182113,0,
0.464956087480627,0.547239263803681,0.432696136997212,0.413660086226458,0.279790157381964,0,
0.328052350611331,0.454513584574934,0.757467144563919,0.160426594054913,0.32075943042718,0,
0.342517651110728,0.484312007011393,0.882915173237754,0.209212616292262,0.242068448663502,0,
0.338556914069227,0.417528483786152,0.921943448825169,0.172906739278421,0.32075943042718,0,
0.346995006027209,0.598247151621385,0.262445240939865,0.436578171091445,0.286784911316513,0,
0.303943516445669,0.281507449605609,0.449024293110315,0.698434309053778,0.165126155383462,0,
0.712416049595316,0.480105170902717,0.448626045400239,0.392784206943499,0.397951536347739,0,
0.330291028069571,0.375635407537248,0.625248904818797,0.838211935557068,0.157132150886835,0,
0.446013432064749,0.628396143733567,0.268418956591,0.3238030406172,0.376717461903572,0,
0.442224900981574,0.583523225241017,0.276583034647551,0.412752439301112,0.286535098675993,0,
0.264336146030653,0.549693251533742,0.614097968936679,0.492625368731563,0.412190856857357,0,
0.377992078525917,0.691673970201578,0.500597371565113,0.440889493986839,0.28203847114664,0,
0.350266919235405,0.310078878177038,0.553763440860215,0.852280462899932,0.101174119410442,0,
0.758567246426726,0.327081507449606,0.33452807646356,0.339686861810756,0.355233574818886,0,
0.649905286722921,0.434005258545136,0.461170848267622,0.435670524166099,0.287284536597552,0,
0.339417943860858,0.667484662576687,0.266427718040621,0.429543907420014,0.285785660754434,0,
0.345272946443947,0.727081507449606,0.278773397052967,0.26072157930565,0.627529352985261,0,
0.80368520750818,0.393514460999124,0.522301871764237,0.419105967778534,0.292030976767424,0,
0.336834854485965,0.602629272567923,0.596575069693349,0.238030406171999,0.259805146140395,0,
0.31375925607026,0.333041191936897,0.640382317801673,0.855911050601316,0.32075943042718,0,
0.765283278801446,0.324452234881683,0.654719235364397,0.283639664170638,0.28853359980015,0,
0.468744618563802,0.61489921121823,0.468538430904022,0.308146131154981,0.32075943042718,0,
0.798519028758395,0.295179666958808,0.635603345280765,0.293623780349444,0.287784161878591,0,
0.39262958498364,0.827344434706398,0.220430107526882,0.451781257090992,0.278291281538846,0,
0.401928706733253,0.634355828220859,0.539028275587415,0.278647606081234,0.368973270047464,0,
0.363354572068193,0.597896581945662,0.576463560334528,0.455411844792376,0.248563577317012,0,
0.55312553814362,0.593339176161262,0.475906013540422,0.510324483775811,0.44241818636023,0,
0.354744274151886,0.577212971078002,0.505973715651135,0.431132289539369,0.275293529852611,0,
0.752023420010332,0.290446976336547,0.400637196336121,0.410029498525074,0.300774419185611,0,
0.942311003960737,0.386327782646801,0.333134209478295,0.383707737690039,0.370222333250062,0,
0.613742035474427,0.627870289219982,0.298287534846675,0.412071704107102,0.397951536347739,0,
0.406406061649733,0.646625766871166,0.254679410593389,0.426367143181302,0.358231326505121,0,
0.427587394523851,0.771779141104295,0.278574273197929,0.427728613569322,0.420434673994504,0,
0.347856035818839,0.55284837861525,0.479888490641179,0.41093714545042,0.287534349238071,0,
0.323574995694851,0.427344434706398,0.75826363998407,0.213750850918992,0.253809642767924,0,
0.708455312553814,0.448378615249781,0.307048984468339,0.388472884048105,0.390207344491631,0,
0.345272946443947,0.518667835232252,0.295698924731183,0.32902201043794,0.298775918061454,0,
0.338556914069227,0.442944785276074,0.307447232178415,0.326525981393238,0.298526105420934,0,
0.33166867573618,0.550920245398773,0.287136598964556,0.432947583390061,0.291031726205346,0,
0.30704322369554,0.29307624890447,0.432497013142174,0.624461084638076,0.650761928553585,0,
0.30118822111245,0.286765994741455,0.43010752688172,0.257317903335602,0.181114164376717,0,
0.320991906319959,0.330061349693252,0.22700119474313,0.817562968005446,0.32075943042718,0,
0.338384708110901,0.376161262050833,0.864994026284349,0.216473791695031,0.235823132650512,0,
0.353366626485276,0.435933391761613,0.689167662285942,0.499659632402995,0.187109667749188,0,
0.620458067849147,0.455390008764242,0.314416567104739,0.386430678466077,0.345241069198101,0,
0.488031685896332,0.387204206836109,0.334727200318598,0.374631268436578,0.340244816387709,0,
0.371276046151197,0.669763365468887,0.603544404619673,0.548445654640345,0.32075943042718,0,
0.39400723265025,0.683786152497809,0.657706093189964,0.26525981393238,0.273794654009493,0,
0.425865334940589,0.593865030674847,0.294504181600956,0.318130247333787,0.292030976767424,0,
0.328913380402962,0.442068361086766,0.74173636001593,0.232357612888586,0.32075943042718,0,
0.394868262441881,0.758983347940403,0.261847869374751,0.313138189244384,0.285286035473395,0,
0.483554330979852,0.439789658194566,0.432696136997212,0.3380984796914,0.33999500374719,0,
0.351127949027036,0.503768624014023,0.621465551573078,0.258225550260948,0.32075943042718,0,
0.351300154985362,0.307624890446976,0.702110712863401,0.639210347174949,0.575068698476143,0,
0.326674702944722,0.382997370727432,0.746117084826762,0.678692988427502,0.200849362977767,0,
0.314792491820217,0.294127957931639,0.47889287136599,0.836396641706376,0.164376717461904,0,
0.782331668675736,0.293251533742331,0.417363600159299,0.393691853868845,0.300774419185611,0,
0.392285173066988,0.570727432077125,0.275985663082437,0.314953483095076,0.32075943042718,0,
0.352333390735319,0.394741454864154,0.84010354440462,0.600181529385069,0.425430926804896,0,
0.615636301016015,0.615074496056091,0.512743926722421,0.308373042886317,0.35873095178616,0,
0.48097124160496,0.515162138475022,0.290123456790123,0.4785568413887,0.4484136897327,0,
0.37695884277596,0.82418930762489,0.253484667463162,0.49739051508963,0.273544841368973,0,
0.351644566902015,0.675372480280456,0.509757068896854,0.237803494440663,0.32075943042718,0,
0.372309281901154,0.607537248028046,0.285742731979291,0.321533923303835,0.298526105420934,0,
0.351127949027036,0.396143733567046,0.627240143369176,0.282958928976628,0.272295778166375,0,
0.65352161184777,0.34829097283085,0.345081640780565,0.374177444973905,0.310766924806395,0,
0.781642844842431,0.422085889570552,0.425726802070888,0.30496936691627,0.398950786909818,0,
0.647322197348028,0.51954425942156,0.511549183592194,0.320399364647152,0.359980014988758,0,
0.421732391940761,0.670639789658195,0.669255276782158,0.261629226230996,0.266050462153385,0,
0.339073531944205,0.296056091148116,0.494623655913978,0.872702518720218,0.144641518860854,0,
0.388668847942139,0.669763365468887,0.278773397052967,0.428863172226004,0.616787409442918,0,
0.780609609092475,0.334618755477651,0.336917562724014,0.399137735420921,0.346989757681739,0,
0.48097124160496,0.515162138475022,0.290123456790123,0.478783753120036,0.4484136897327,0,
0.437747546065094,0.695530236634531,0.271405814416567,0.410710233719083,0.290032475643268,0,
0.666437058722232,0.152322524101665,0.417562724014337,0.418652144315861,0.289782663002748,0,
0.436714310315137,0.600350569675723,0.466348068498606,0.42455184933061,0.26904821383962,0,
0.33976235577751,0.413146362839614,0.664675428116288,0.538461538461539,0.423432425680739,0,
0.328913380402962,0.381069237510955,0.753882915173238,0.145450419786703,0.137896577566825,0,
0.83864301704839,0.32532865907099,0.33452807646356,0.397776265032902,0.304771421433925,0,
0.372137075942828,0.567922874671341,0.495818399044205,0.41479464488314,0.297027229577817,0,
0.329774410194593,0.442243645924627,0.544802867383512,0.61311549807125,0.203347489382963,0,
0.534182882727742,0.482559158632778,0.456989247311828,0.325845246199229,0.298775918061454,0,
0.314275873945238,0.380718667835232,0.714854639585822,0.191513501248015,0.32075943042718,0,
0.813673153091097,0.184750219106047,0.396853843090402,0.42001361470388,0.297027229577817,0,
0.316858963320131,0.407186678352323,0.807646356033453,0.195144088949399,0.250562078441169,0,
0.569485104184605,0.637861524978089,0.287136598964556,0.409121851599728,0.361478890831876,0,
0.642672636473222,0.324452234881683,0.386499402628435,0.393238030406172,0.273045216087934,0,
0.793869467883589,0.295530236634531,0.419753086419753,0.392557295212162,0.300524606545091,0,
0.361632512484932,0.398247151621385,0.80147351652728,0.232357612888586,0.244316762428179,0,
0.581022903392457,0.541805433829974,0.634806849860613,0.304742455184933,0.291281538845866,0,
0.261580850697434,0.346362839614373,0.65989645559538,0.16972997503971,0.21808643517362,0,
0.33976235577751,0.517090271691499,0.276383910792513,0.410029498525074,0.297526854858856,0,
0.359393835026692,0.620157756354075,0.491039426523298,0.431359201270706,0.286784911316513,0,
0.700361632512485,0.282208588957055,0.394464356829948,0.394145677331518,0.305770671996003,0,
0.311348372653694,0.284837861524978,0.45679012345679,0.779441797140912,0.608543592305771,0,
0.431892543482004,0.765644171779141,0.2463162086818,0.499659632402995,0.255808143892081,0,
0.602032030308249,0.337773882559159,0.389884508164078,0.406625822555026,0.284786410192356,0,
0.404684002066471,0.812445223488168,0.269812823576264,0.29906966190152,0.470647014738946,0,
0.426381952815567,0.620858895705521,0.24910394265233,0.312230542319038,0.359730202348239,0,
0.672119855346995,0.298685363716039,0.344285145360414,0.373950533242569,0.332750437172121,0,
0.274496297571896,0.330061349693252,0.554360812425329,0.728159745858861,0.105171121658756,0,
0.703461339762356,0.339000876424189,0.341099163679809,0.381892443839347,0.30751936047964,0,
0.383158257275702,0.403330411919369,0.72520908004779,0.225777172679828,0.411191606295279,0,
0.512140520061994,0.54022787028922,0.312425328554361,0.33356024506467,0.346490132400699,0,
0.366798691234717,0.678001752848379,0.578653922739944,0.249375992738825,0.32075943042718,0,
0.3159979335285,0.317440841367222,0.487654320987654,0.814159292035398,0.32075943042718,0,
0.34871706561047,0.421384750219106,0.59557945041816,0.533242568640799,0.26929802648014,0,
0,0.00841367221735321,0.452807646356033,0.404583616972998,0.32075943042718,0,
0.525744790769761,0.772129710780017,0.536638789326961,0.437712729748128,0.32075943042718,0,
0.547442741518857,0.386678352322524,0.423934687375548,0.405945087361017,0.297277042218336,0,
0.350266919235405,0.390359333917616,0.878534448426922,0.653051962786476,0.184861353984512,0,
0.314103667986912,0.302366345311131,0.449024293110315,0.592693442250964,0.32075943042718,0,
0.328224556569657,0.465381244522349,0.641776184786937,0.266621284320399,0.32075943042718,0,
0.354744274151886,0.681332164767748,0.229390681003584,0.229861583843885,0.662752935298526,0,
0.334940588944377,0.332340052585451,0.453803265631223,0.579078738370774,0.585061204096927,0,
0.574995694851042,0.665731814198072,0.27021107128634,0.31336510097572,0.293280039970022,0,
0.434992250731875,0.560736196319018,0.300677021107129,0.411390968913093,0.240319760179865,0,
0.355260892026864,0.368273444347064,0.846674631620868,0.716814159292035,0.190107419435423,0,
0.387635612192182,0.43330411919369,0.81521306252489,0.510324483775811,0.252810392205846,0,
0.353883244360255,0.550920245398773,0.875149342891278,0.21783526208305,0.252810392205846,0,
0.677630446013432,0.402629272567923,0.430904022301872,0.441797140912185,0.474893829627779,0,
0.440847253314965,0.699035933391762,0.283950617283951,0.317903335602451,0.288033974519111,0,
0.40743929739969,0.544960560911481,0.289326961369972,0.327660540049921,0.30102423182613,0,
0.834854485965214,0.343908851884312,0.337116686579052,0.380077149988654,0.30751936047964,0,
0.325297055278113,0.437510955302366,0.645758661887694,0.266621284320399,0.32075943042718,0,
0.315309109695195,0.382997370727432,0.729191557148546,0.169503063308373,0.21808643517362,0,
0.484587566729809,0.633128834355828,0.281561131023497,0.419105967778534,0.571071696227829,0,
0.39262958498364,0.678001752848379,0.294902429311031,0.321307011572498,0.35898076442668,0,
0.880661270879972,0.190008764241893,0.400238948626045,0.340367597004765,0.341244066949788,0,
0.403306354399862,0.724276950043821,0.598566308243728,0.503970955298389,0.265800649512865,0,
0.226450835198898,0.0929009640666082,0.304659498207885,0.335602450646698,0.303522358231327,0,
0.340106767694162,0.431200701139351,0.636798088410992,0.250283639664171,0.32075943042718,0,
0.824349922507319,0.17931638913234,0.392871365989646,0.342409802586794,0.334998750936797,0,
0.835887721715171,0.339526730937774,0.333333333333333,0.340594508736102,0.308518611041719,0,
0.344756328568968,0.457142857142857,0.710075667064914,0.209212616292262,0.245316012990257,0,
0.368865162734631,0.660122699386503,0.272799681401832,0.307465395960971,0.291531351486385,0,
0.528672292061305,0.590534618755478,0.292114695340502,0.407306557749036,0.37821633774669,0,
0.31823661098674,0.319368974583699,0.587017124651533,0.564556387565237,0.52560579565326,0,
0.673325297055278,0.55512708150745,0.440063719633612,0.57476741547538,0.259555333499875,0,
0.563457895643189,0.719719544259422,0.281561131023497,0.418879056047198,0.388458656007994,0,
0.757534010676769,0.186327782646801,0.342094782954998,0.380077149988654,0.308518611041719,0,
0.793697261925263,0.323926380368098,0.614496216646754,0.283866575901974,0.285286035473395,0,
0.507490959187188,0.448729184925504,0.802867383512545,0.252552756977536,0.275043717212091,0,
0.75167900809368,0.378790534618756,0.574870569494225,0.296119809394146,0.290282288283787,0,
0.349061477527122,0.707800175284838,0.509956192751892,0.428409348763331,0.368473644766425,0,
0.462028586189082,0.426818580192813,0.428116288331342,0.340140685273429,0.336247814139395,0,
0.565868779059755,0.628045574057844,0.292911190760653,0.403222146584978,0.264801398950787,0,
0.374031341484415,0.611568799298861,0.288331342094783,0.277739959155888,0.723207594304272,0,
0.352677802651972,0.682559158632778,0.283950617283951,0.426140231449966,0.225081189108169,0,
0.355777509901843,0.535319894829097,0.527877339705297,0.446335375538915,0.270297277042218,0,
0.743413122094024,0.402453987730061,0.418558343289526,0.339006126616746,0.306769922558081,0,
0.408128121232995,0.780192813321648,0.248307447232178,0.294077603812117,0.229328003997002,0,
0.450662992939556,0.624890446976337,0.274193548387097,0.41479464488314,0.287034723957032,0,
0.362321336318237,0.457668711656442,0.529669454400637,0.460403902881779,0.287034723957032,0,
0.673153091096952,0.462927256792287,0.451214655515731,0.478783753120036,0.506869847614289,0,
0.348372653693818,0.463102541630149,0.971923536439665,0.169503063308373,0.210841868598551,0,
0.485276390563113,0.675723049956179,0.293906810035842,0.324483775811209,0.367974019485386,0,
0.15464095057689,0.387554776511832,0.305455993628037,0.436124347628772,0.207844116912316,0,
0.262786292405717,0.518141980718668,0.651732377538829,0.505786249149081,0.417436922308269,0,
0.372998105734458,0.632077125328659,0.726403823178017,0.535284774222827,0.257556832375718,0,
0.328052350611331,0.328834355828221,0.518717642373556,0.761061946902655,0.187359480389708,0,
0.671258825555364,0.322348816827344,0.384707287933094,0.380304061719991,0.308768423682238,0,
0.42311003960737,0.513935144609991,0.469534050179211,0.412298615838439,0.296027979015738,0,
0.376614430859308,0.665030674846626,0.277777777777778,0.310415248468346,0.290532100924307,0,
0.387463406233856,0.814548641542507,0.242333731581043,0.506240072611754,0.539345490881839,0,
0.332874117444464,0.430324276950044,0.897650338510554,0.142727479010665,0.32075943042718,0,
0.404167384191493,0.795617879053462,0.266825965750697,0.308146131154981,0.284286784911317,0,
0.82607198209058,0.33339176161262,0.408403026682597,0.421148173360563,0.30127404446665,0,
0.571551575684519,0.504294478527607,0.307248108323377,0.336056274109371,0.32075943042718,0,
0.339073531944205,0.499386503067485,0.590800477897252,0.252325845246199,0.405196102922808,0,
0.408816945066299,0.438387379491674,0.705097570688969,0.499886544134332,0.269547839120659,0,
0.308593077320475,0.31603856266433,0.426921545201115,0.47333787156796,0.570072445665751,0,
0.425520923023937,0.70920245398773,0.280963759458383,0.320626276378489,0.289782663002748,0,
0.275012915446874,0.3954425942156,0.713859020310633,0.572725209893352,0.214838870846865,0,
0.670053383847081,0.309377738825592,0.392672242134608,0.38688450192875,0.28203847114664,0,
0.471672119855347,0.674496056091148,0.286340103544405,0.323349217154527,0.294029477891581,0,
0.482348889271569,0.702015775635408,0.269812823576264,0.431359201270706,0.411941044216837,0,
0.329946616152919,0.51375985977213,0.764834727200319,0.534150215566145,0.499375468398701,0,
0.341656621319098,0.57353198948291,0.734169653524492,0.496936691626957,0.32075943042718,0,
0.360082658859997,0.541454864154251,0.693548387096774,0.257090991604266,0.32075943042718,0,
0.368176338901326,0.310078878177038,0.594782954998009,0.621284320399365,0.523857107169623,0,
0.737902531427587,0.315162138475022,0.336519315013939,0.341729067392784,0.350487134649013,0,
0.411744446357844,0.439263803680982,0.694544006371963,0.513501248014522,0.264801398950787,0,
0.749612536593766,0.311130587204207,0.410991636798088,0.378942591331972,0.343742193354984,0,
0.374547959359394,0.747589833479404,0.228195937873357,0.302473337871568,0.283537346989758,0,
0.796452557258481,0.493602103418054,0.314416567104739,0.474245518493306,0.271546340244816,0,
0.319269846736697,0.325854513584575,0.548187972919156,0.737236215112321,0.185360979265551,0,
0.820561391424143,0.342857142857143,0.433691756272401,0.339459950079419,0.305271046714964,0,
0.318064405028414,0.354601226993865,0.711668657905217,0.358747447243022,0.32075943042718,0,
0.397451351816773,0.851533742331288,0.225806451612903,0.42523258452462,0.283037721708718,0,
0.332013087652833,0.315162138475022,0.690959776981282,0.62741093714545,0.496877341993505,0,
0.630618219390391,0.480806310254163,0.41636798088411,0.391195824824143,0.30102423182613,0,
0.448424315481316,0.340753724802805,0.695539625647152,0.554799183117767,0.466899825131152,0,
0.57551231272602,0.442243645924627,0.446435682994823,0.325164511005219,0.216837371971022,0,
0.80368520750818,0.492375109553024,0.437873357228196,0.329248922169276,0.302273295028728,0,
0.460823144480799,0.703943908851884,0.511748307447232,0.552303154073066,0.255058705970522,0,
0.341140003444119,0.530411919368975,0.495021903624054,0.419105967778534,0.292030976767424,0,
0.80144653004994,0.399298860648554,0.508164078056551,0.432720671658725,0.289283037721709,0,
0.378680902359222,0.419456617002629,0.700517722023098,0.513501248014522,0.421184111916063,0,
0.520923023936628,0.443996494303243,0.304062126642772,0.336963921034717,0.33949537846615,0,
0.325813673153091,0.404732690622261,0.848665870171247,0.576809621057409,0.194354234324257,0,
0.525400378853108,0.667484662576687,0.570888092393469,0.488540957567506,0.275043717212091,0,
0.382297227484071,0.766871165644172,0.560533651931501,0.461538461538462,0.32075943042718,0,
0.770105045634579,0.187028921998247,0.34010354440462,0.339233038348083,0.354234324256807,0,
0.554158773893577,0.440666082383874,0.451413779370769,0.415021556614477,0.27579315513365,0,
0.238333046323403,0.481156879929886,0.719832735961768,0.223508055366462,0.460904321758681,0,
0.45582917168934,0.719193689745837,0.511350059737157,0.552303154073066,0.264801398950787,0,
0.702083692095747,0.346538124452235,0.338709677419355,0.34263671431813,0.332500624531601,0,
0.33304632340279,0.488343558282209,0.770808442851454,0.589289766280917,0.616287784161879,0,
0.38143619769244,0.601577563540754,0.680007964954201,0.230769230769231,0.32075943042718,0,
0.311003960737042,0.367046450482033,0.720430107526882,0.549807125028364,0.424681488883337,0,
0.958842775960048,0.174583698510079,0.339307048984468,0.343771272974813,0.309767674244317,0,
0.516273463061822,0.632953549517967,0.298287534846675,0.325391422736555,0.368223832125906,0,
0.436542104356811,0.564943032427695,0.285941855834329,0.326072157930565,0.32075943042718,0,
0.353711038401929,0.596669588080631,0.596575069693349,0.220558202859088,0.649013240069948,0,
0.622352333390735,0.683435582822086,0.280764635603345,0.443385523031541,0.279290532100924,0,
0.36128810056828,0.503768624014023,0.60752688172043,0.464488314045836,0.253809642767924,0,
0.430859307732047,0.762313759859772,0.234169653524492,0.49217154526889,0.392455658256308,0,
0.461511968314104,0.646976336546889,0.264237355635205,0.316541865214432,0.293529852610542,0,
0.541759944894093,0.736196319018405,0.259259259259259,0.31926480599047,0.292030976767424,0,
0.759944894093336,0.349342681858019,0.574671445639188,0.296800544588155,0.294279290532101,0,
0.411744446357844,0.694653812445224,0.273397052966945,0.413886997957794,0.263302523107669,0,
0.394868262441881,0.712357581069238,0.533452807646356,0.282505105513955,0.613789657756682,0,
0.314448079903565,0.309027169149869,0.470728793309438,0.625822555026095,0.633025231076692,0,
0.359738246943344,0.665030674846626,0.521306252489048,0.514862718402541,0.620534599050712,0,
0.598587911141725,0.429447852760736,0.327757865392274,0.34263671431813,0.338995753185111,0,
0.397623557775099,0.541980718667835,0.601553166069295,0.564102564102564,0.631776167874094,0,
0.568451868434648,0.618229623137599,0.580047789725209,0.489448604492852,0.278790906819885,0,
0.382986051317376,0.610867659947415,0.749303066507368,0.516451100521897,0.483887084686485,0,
0.395212674358533,0.522348816827344,0.294305057745918,0.405264352167007,0.299775168623532,0,
0.524711555019804,0.687817703768624,0.272799681401832,0.31336510097572,0.292530602048464,0,
0.692440158429482,0.385451358457493,0.463162086818001,0.633764465622873,0.227079690232326,0,
0.316858963320131,0.381069237510955,0.811230585424134,0.199228500113456,0.180364726455159,0,
0.363698983984846,0.691849255039439,0.508363201911589,0.484910369866122,0.32075943042718,0,
0.371276046151197,0.481332164767748,0.805057745917961,0.196959382800091,0.32075943042718,0,
0.41639400723265,0.634005258545136,0.300079649542015,0.323576128885863,0.350736947289533,0,
0.591527466850353,0.522524101665206,0.673835125448029,0.279101429543907,0.279540344741444,0,
0.379369726192526,0.862401402278703,0.248506571087216,0.470614930791922,0.278291281538846,0,
0.888754950921302,0.312708150744961,0.340900039824771,0.34331744951214,0.310267299525356,0,
0.464956087480627,0.537423312883436,0.540223018717642,0.442477876106195,0.171121658755933,0,
0.333735147236094,0.515687992988606,0.605933890880127,0.248241434082142,0.32075943042718,0,
0.35319442052695,0.465907099035933,0.576662684189566,0.469480372135239,0.267549337996503,0,
0.336662648527639,0.414373356704645,0.471923536439665,0.533923303834808,0.32075943042718,1,
0.459273290855864,0.51726555652936,0.704699322978893,0.592012707056955,0.219335498376218,1,
0.374547959359394,0.296231375985977,0.735563520509757,0.907193101883367,0.150886834873845,1,
0.399173411400034,0.475372480280456,0.715452011150936,0.662355343771273,0.2305770671996,1,
0.336146030652661,0.341104294478528,0.881720430107527,0.667347401860676,0.585560829377967,1,
0.36214913035991,0.119018404907975,0.776583034647551,0.201497617426821,0.528603547339495,1,
0.364904425693129,0.33794916739702,0.587415372361609,0.595870206489675,0.459155633275044,1,
0.31152057861202,0.309903593339176,0.537435284747113,0.530519627864761,0.32075943042718,1,
0.321852936111589,0.41384750219106,0.540023894862604,0.648740639891082,0.32075943042718,1,
0.392973996900293,0.456266432953549,0.711270410195141,0.694122986158384,0.220834374219335,1,
0.329946616152919,0.298510078878177,0.486857825567503,0.751077830723848,0.662752935298526,1,
0.323230583778199,0.328308501314636,0.473715651135006,0.736555479918312,0.616537596802398,1,
0.372825899776132,0.441717791411043,0.648347272003186,0.710460630814613,0.148888333749688,1,
0.353366626485276,0.42874671340929,0.690362405416169,0.214885409575675,0.239820134898826,1,
0.434992250731875,0.456792287467134,0.756670649143767,0.237803494440663,0.407444416687484,1,
0.346822800068882,0.349167397020158,0.434886499402628,0.610846380757885,0.485385960529603,1,
0.264336146030653,0.312883435582822,0.494822779769016,0.769684592693442,0,1,
0.324091613569829,0.322874671340929,0.510155316606929,0.761061946902655,0.32075943042718,1,
0.390735319442053,0.39193689745837,0.765033851055356,0.238257317903336,0.264301773669748,1,
0.419493714482521,0.364066608238387,0.727399442453206,0.853641933287951,0.182862852860355,1,
0.3159979335285,0.25749342681858,0.332536837913182,0.208304969366916,0.62852860354734,1,
0.345445152402273,0.31726555652936,0.741537236160892,0.677331518039483,0.701973519860105,1,
0.343895298777338,0.330061349693252,0.46694544006372,0.610846380757885,0.0674494129402948,1,
0.361632512484932,0.466432953549518,0.653126244524094,0.786022237349671,0.32075943042718,1,
0.38143619769244,0.43453111305872,0.554958183990442,0.648286816428409,0.753434923807145,1,
0.312381608403651,0.320420683610868,0.549980087614496,0.558883594281824,0.190856857356982,1,
0.323402789736525,0.28501314636284,0.465750696933493,0.613569321533923,0.579815138646015,1,
0.329602204236267,0.33794916739702,0.816606929510155,0.183798502382573,0.0949288033974519,1,
0.334596177027725,0.321121822962314,0.457188371166866,0.664624461084638,0.109917561828629,1,
0.434647838815223,0.468536371603856,0.518120270808443,0.441570229180849,0.530352235823133,1,
0.335629412777682,0.401577563540754,0.778176025487853,0.601769911504425,0.32075943042718,1,
0.366109867401412,0.364767747589833,0.754480286738351,0.566371681415929,0.670247314514114,1,
0.374375753401068,0.360736196319018,0.553564317005177,0.76786929884275,0.162378216337747,1,
0.3271913208197,0.366520595968449,0.540621266427718,0.640344905831632,0.12790407194604,1,
0.322369553986568,0.315687992988606,0.774591796097172,0.528931245745405,0.145390956782413,1,
0.32047528844498,0.263628396143734,0.329749103942652,0.520762423417291,0.0866849862603048,1,
0.378680902359222,0.390534618755478,0.231780167264038,0.213977762650329,0.398950786909818,1,
0.385396934733942,0.426117440841367,0.677817602548785,0.243249375992739,0.253809642767924,1,
0.264508351988979,0.292550394390885,0.513938669852648,0.792375765827093,0.0347239570322258,1,
0.490270363354572,0.337423312883436,0.704898446833931,0.502836396641706,0.258805895578316,1,
0.369037368692957,0.468361086765995,0.696535244922342,0.533242568640799,0.497626779915064,1,
0.370070604442914,0.642594215600351,0.630824372759857,0.678919900158838,0.232325755683238,1,
0.411055622524539,0.560560911481157,0.48984468339307,0.444520081688223,0.249313015238571,1,
0.52040640606165,0.457668711656442,0.769613699721227,0.258679373723621,0.276042967774169,1,
0.302910280695712,0.291498685363716,0.515730784547989,0.311095983662355,0.244066949787659,1,
0.276907180988462,0.164066608238387,0.256073277578654,0.203312911277513,0.32075943042718,1,
0.314275873945238,0.407887817703769,0.492433293508562,0.682777399591559,0.32075943042718,1,
0.50111933872912,0.577388255915863,0.624850657108722,0.582482414340821,0.240069947539345,1,
0.352505596693646,0.400876424189308,0.828753484667463,0.18788291354663,0.428928303772171,1,
0.456517995522645,0.64715162138475,0.264834727200319,0.317222600408441,0.295528353734699,1,
0.320647494403306,0.364592462751972,0.55236957387495,0.795098706603131,0.32075943042718,1,
0.36214913035991,0.42418930762489,0.838908801274393,0.20285908781484,0.32075943042718,1,
0.437058722231789,0.278001752848379,0.725408203902827,0.533242568640799,0.427929053210092,1,
0.352677802651972,0.338124452234882,0.8584229390681,0.189017472203313,0.499125655758181,1,
0.355605303943516,0.324802804557406,0.845679012345679,0.567052416609939,0.559830127404447,1,
0.360943688651627,0.351095530236635,0.969135802469136,0.233038348082596,0.449163127654259,1,
0.32633029102807,0.312182296231376,0.515929908403027,0.520535511685954,0.500624531601299,1,
0.428620630273807,0.48045574057844,0.582039028275587,0.780122532334922,0.172620534599051,1,
0.323919407611503,0.312357581069238,0.473118279569892,0.547311095983662,0.221333999500375,1,
0.370759428276218,0.495530236634531,0.703504579848666,0.576355797594736,0.567824131901074,1,
0.528672292061305,0.401752848378615,0.512345679012346,0.503517131835716,0.401948538596053,1,
0.332357499569485,0.302366345311131,0.469135802469136,0.74903562514182,0.745191106669997,1,
0.367659721026347,0.365994741454864,0.516726403823178,0.629226230996142,0.609792655508369,1,
0.342173239194076,0.38737949167397,0.539625647152529,0.549807125028364,0.32075943042718,1,
0.431548131565352,0.447502191060473,0.737355635205098,0.595643294758339,0.500874344241819,1,
0.38815223006716,0.341980718667835,0.662485065710872,0.619922850011346,0.477391956032975,1,
0.412605476149475,0.370727432077125,0.701911589008363,0.850238257317903,0.32075943042718,1,
0.317203375236783,0.286590709903593,0.485065710872162,0.699795779441797,0.791906070447165,1,
0.269330118822111,0.163014899211218,0.502986857825567,0.190152030859995,0.684486635023732,1,
0.371620458067849,0.430499561787905,0.457188371166866,0.235761288858634,0.638021483887085,1,
0.328913380402962,0.363891323400526,0.946037435284747,0.582482414340821,0.198101423932051,1,
0.443774754606509,0.277300613496932,0.845280764635603,0.20739732244157,0.216837371971022,1,
0.345445152402273,0.31726555652936,0.741537236160892,0.677331518039483,0.701973519860105,1,
0.357155157568452,0.357405784399649,0.619076065312624,0.54617653732698,0.456407694229328,1,
0.466850353022215,0.719193689745837,0.572680207088809,0.466303607896528,0.278790906819885,1,
0.237816428448424,0.343908851884312,0.538430904022302,0.645110052189698,0.574069447914064,1,
0.330463234027897,0.331113058720421,0.480485862206292,0.673474018606762,0.32075943042718,1,
0.458240055105907,0.476599474145486,0.604938271604938,0.466757431359201,0.639770172370722,1,
0.350094713277079,0.56669588080631,0.601354042214257,0.520762423417291,0.665001249063203,1,
0.305148958153952,0.298510078878177,0.493827160493827,0.796687088722487,0.176367724206845,1,
0.372825899776132,0.719719544259422,0.624850657108722,0.496029044701611,0.273295028728454,1,
0.318581022903392,0.346888694127958,0.501393866985265,0.138869979577944,0.32075943042718,1,
0.323574995694851,0.362664329535495,0.69115890083632,0.68073519400953,0.597302023482388,1,
0.330979851902876,0.309027169149869,0.466547192353644,0.63262990696619,0.742193354983762,1,
0.303771310487343,0.28273444347064,0.500199123855038,0.460630814613115,0.208843367474394,1,
0.412777682107801,0.415425065731814,0.749701314217443,0.549353301565691,0.69223082687984,1,
0.329257792319614,0.363365468886941,0.54320987654321,0.269571136827774,0.623032725455908,1,
0.343723092819012,0.334969325153374,0.47331740342493,0.595643294758339,0.633275043717212,1,
0.355260892026864,0.373181419807187,0.562325766626842,0.71454504197867,0.0869347989008244,1,
0.382297227484071,0.299211218229623,0.469534050179211,0.730882686634899,0.570072445665751,1,
0.411572240399518,0.338825591586328,0.709279171644763,0.654867256637168,0.465400949288034,1,
0.3903909075254,0.321998247151621,0.565710872162485,0.716360335829362,0.16662503122658,1,
0.339590149819184,0.35863277826468,0.445240939864596,0.59950079419106,0.191356482638021,1,
0.361115894609953,0.419631901840491,0.717642373556352,0.660086226457908,0.594304271796153,1,
0.277768210780093,0.173882559158633,0.199721226602947,0.0683004311322895,0.124156882338246,1,
0.306698811778888,0.329360210341805,0.415770609318996,0.494894486044929,0.32075943042718,1,
0.462028586189082,0.556704645048203,0.286539227399442,0.317676423871114,0.291781164126905,1,
0.360599276734975,0.521121822962314,0.531859816806053,0.460403902881779,0.395453409942543,1,
0.328741174444636,0.340753724802805,0.538829151732378,0.662355343771273,0.496877341993505,1,
0.347339417943861,0.42874671340929,0.762046993229789,0.162695711368278,0.32075943042718,1,
0.399173411400034,0.331989482909728,0.760454002389486,0.641706376219651,0.630776917312016,1,
0.413294299982779,0.658545135845749,0.6121067303863,0.481733605627411,0.517112165875593,1,
0.467194764938867,0.637510955302366,0.642970927917164,0.528477422282732,0.26904821383962,1,
0.643705872223179,0.624539877300613,0.27299880525687,0.328795098706603,0.300024981264052,1,
0.40520061994145,0.418580192813322,0.825169255276782,0.709552983889267,0.220584561578816,1,
0.395901498191837,0.768448729184926,0.548785344484269,0.492625368731563,0.257057207094679,1,
0.329946616152919,0.372129710780018,0.520708880923935,0.756296800544588,0.32075943042718,1,
0.406750473566385,0.383698510078878,0.634010354440462,0.546403449058316,0.12190856857357,1,
0.327535732736353,0.361086765994741,0.540223018717642,0.436578171091445,0.637022233325006,1,
0.312726020320303,0.315162138475022,0.536837913181999,0.84002722940776,0.150637022233325,1,
0.391940761150336,0.329184925503944,0.753285543608124,0.622645790787384,0.71796152885336,1,
0.380402961942483,0.566345311130587,0.59557945041816,0.288631722260041,0.252560579565326,1,
0.32856896848631,0.303768624014023,0.487455197132616,0.745405037440436,0.713464901324007,1,
0.333218529361116,0.35056967572305,0.56710473914775,0.660993873383254,0.170871846115413,1,
0.343723092819012,0.422787028921998,0.792114695340502,0.223508055366462,0.2433175118661,1,
0.331324263819528,0.330411919368975,0.490043807248108,0.712502836396642,0.32075943042718,1,
0.361976924401584,0.348115687992989,0.668857029072083,0.760154299977309,0.14763927054709,1,
0.384880316858963,0.52182296231376,0.629032258064516,0.768323122305423,0.206345241069198,1,
0.483726536938178,0.617177914110429,0.694743130227001,0.277739959155888,0.284536597551836,1,
0.331496469777854,0.400525854513585,0.84647550776583,0.17426820966644,0.624281788658506,1,
0.484759772688135,0.290622261174408,0.609916367980884,0.821420467438167,0.581813639770172,1,
0.344067504735664,0.339702015775635,0.462166467542812,0.65214431586113,0.575568323757182,1,
0.347167211985535,0.341279579316389,0.609119872560733,0.24120717041071,0.32075943042718,1,
0.322369553986568,0.324802804557406,0.467343687773795,0.645110052189698,0.32075943042718,1,
0.340795591527467,0.570902716914987,0.522899243329351,0.720898570456093,0.32075943042718,1,
0.364732219734803,0.367046450482033,0.436280366387893,0.700703426367143,0.159130652010992,1,
0.310831754778715,0.336722173531989,0.427917164476304,0.175402768323122,0.32075943042718,1,
0.42534871706561,0.636459246275197,0.568498606133015,0.532108009984116,0.559830127404447,1,
0.495092130187704,0.444347063978966,0.823775388291517,0.252325845246199,0.24981264051961,1,
0.32633029102807,0.382296231375986,0.69573874950219,0.535511685954164,0.439920059955034,1,
0.337179266402618,0.2988606485539,0.58641975308642,0.668255048786022,0.124906320259805,1,
0.3791975202342,0.688869412795793,0.544603743528475,0.582482414340821,0.457406944791406,1,
0.280351300154985,0.348466257668712,0.588809239346874,0.641479464488314,0.510617037222083,1,
0.32271396590322,0.35863277826468,0.580246913580247,0.709552983889267,0.175618286285286,1,
0.350783537110384,0.464855390008764,0.667861409796894,0.517812570909916,0.206595053709718,1,
0.331840881694507,0.404031551270815,0.242731979291119,0.862037667347402,0.0689482887834124,1,
0.31152057861202,0.354776511831727,0.427120669056153,0.490129339686862,0.32075943042718,1,
0.405889443774755,0.675723049956179,0.599163679808841,0.558883594281824,0.260554584061954,1,
0.313931462028586,0.303067484662577,0.540621266427718,0.502836396641706,0.32075943042718,1,
0.446357843981402,0.337773882559159,0.639784946236559,0.6761969593828,0.668498626030477,1,
0.478560358188393,0.597546012269939,0.717642373556352,0.267755842977082,0.277791656257807,1,
0.374031341484415,0.793865030674847,0.226403823178017,0.500340367597005,0.434923807144642,1,
0.335629412777682,0.314636283961437,0.589207487056949,0.105513955071477,0.900074943792156,1,
0.313931462028586,0.392988606485539,0.517722023098367,0.808940322214659,0.119410442168374,1,
0.421387980024109,0.336546888694128,0.637992831541219,0.798048559110506,0.62178366225331,1,
0.317031169278457,0.330762489044698,0.563719633612107,0.546630360789653,0.32075943042718,1,
0.33304632340279,0.333567046450482,0.505973715651135,0.573179033356024,0.0686984761428929,1,
0.427242982607198,0.45170902716915,0.520908004778972,0.445654640344906,0.524606545091182,1,
0.317375581195109,0.398597721297108,0.518120270808443,0.624234172906739,0.32075943042718,1,
0.311348372653694,0.303067484662577,0.415571485463959,0.306557749035625,0.32075943042718,1,
0.316170139486826,0.27011393514461,0.410195141377937,0.460857726344452,0.53235073694729,1,
0.36352677802652,0.370201577563541,0.701513341298287,0.588382119355571,0.32075943042718,1,
0.545720681935595,0.463628396143734,0.697530864197531,0.252325845246199,0.279040719460405,1,
0.375408989151025,0.32182296231376,0.634607726005575,0.716814159292035,0.0764426679990008,1,
0.374375753401068,0.42418930762489,0.629032258064516,0.51690492398457,0.226829877591806,1,
0.38143619769244,0.312708150744961,0.704301075268817,0.59882005899705,0.23082687984012,1,
0.322369553986568,0.367221735319895,0.542015133412983,0.54617653732698,0.259055708218836,1,
0.317031169278457,0.34478527607362,0.546594982078853,0.789652825051055,0.32075943042718,1,
