540,5,2,
0.363698983984846,0.374233128834356,0.779769016328156,0.798275470841842,0.176367724206845,0,
0.347339417943861,0.463628396143734,0.760454002389486,0.218969820739732,0.438670996752436,0,
0.449974169106251,0.710780017528484,0.284547988849064,0.470388019060585,0.492130901823632,0,
0.643878078181505,0.447502191060473,0.46415770609319,0.438166553210801,0.287034723957032,0,
0.258481143447563,0.534618755477651,0.162485065710872,0.213297027456319,0.242068448663502,0,
0.618736008265886,0.313935144609991,0.448626045400239,0.417063762196506,0.393704721458906,0,
0.479421387980024,0.530061349693252,0.303663878932696,0.400726117540277,0.295278541094179,0,
0.351300154985362,0.365293602103418,0.833333333333333,0.562060358520535,0.449412940294779,0,
0.460823144480799,0.382822085889571,0.781959378733572,0.523258452461992,0.412690482138396,0,
0.312037196486998,0.337423312883436,0.62226204699323,0.857499432720672,0.114414189357982,0,
0.40520061994145,0.672743207712533,0.285742731979291,0.41479464488314,0.254309268048963,0,
0.319786464611676,0.330236634531113,0.503584229390681,0.82119355570683,0.164626530102423,0,
0.367487515068021,0.299386503067485,0.53863002787734,0.582028590878148,0.633275043717212,0,
0.395901498191837,0.676073619631902,0.267224213460773,0.2809167233946,0.597302023482388,0,
0.309970724987085,0.281682734443471,0.462763839107925,0.316541865214432,0.452910317262054,0,
0.430170483898743,0.782471516213848,0.242931103146157,0.48241434082142,0.382962777916563,0,
0.327880144653005,0.331989482909728,0.8731581043409,0.211481733605627,0.420184861353984,0,
0.838470811090064,0.304820333041192,0.333532457188371,0.342182890855457,0.309517861603797,0,
0.389185465817117,0.467659947414549,0.745121465551573,0.247787610619469,0.26929802648014,0,
0.724987084553125,0.194566170026293,0.405416168857029,0.394826412525528,0.297776667499375,0,
0.319786464611676,0.380017528483786,0.544603743528475,0.817789879736782,0.148638521109168,0,
0.495264336146031,0.596143733567046,0.296097172441258,0.416383027002496,0.287034723957032,0,
0.429998277940417,0.617703768624014,0.267622461170848,0.315634218289086,0.32075943042718,0,
0.393662820733597,0.654688869412796,0.239545997610514,0.298162014976174,0.279290532100924,0,
0.500947132770794,0.541279579316389,0.305256869772999,0.398683911958248,0.297277042218336,0,
0.495780954021009,0.465381244522349,0.317005177220231,0.337644656228727,0.304771421433925,0,
0.407267091441364,0.753374233128834,0.275786539227399,0.417063762196506,0.289532850362228,0,
0.338729120027553,0.465907099035933,0.935483870967742,0.152030859995462,0.32075943042718,0,
0.238677458240055,0.1056967572305,0.270808442851454,0.321760835035171,0.295528353734699,0,
0.310659548820389,0.398247151621385,0.449024293110315,0.53641933287951,0.593305021234074,0,
0.357327363526778,0.595092024539877,0.484866587017125,0.429316995688677,0.28853359980015,0,
0.347167211985535,0.409290096406661,0.730187176423736,0.236215112321307,0.244566575068699,0,
0.518684346478388,0.474496056091148,0.43010752688172,0.3238030406172,0.302023482388209,0,
0.3568107456518,0.316739702015776,0.742134607726005,0.65282505105514,0.522857856607544,0,
0.330635439986223,0.410166520595968,0.824970131421744,0.608804175175857,0.23107669248064,0,
0.726881350094713,0.31603856266433,0.401234567901235,0.392103471749489,0.308268798401199,0,
0.439125193731703,0.649255039439088,0.275786539227399,0.445200816882233,0.665001249063203,0,
0.339417943860858,0.412094653812445,0.899442453205894,0.164964828681643,0.484636522608044,0,
0.394868262441881,0.617703768624014,0.640382317801673,0.279101429543907,0.283037721708718,0,
0.461167556397451,0.502366345311131,0.475906013540422,0.318357159065124,0.355983012740445,0,
0.308076459445497,0.340578439964943,0.651931501393867,0.714771953710007,0.32075943042718,0,
0.362493542276563,0.618930762489045,0.535045798486659,0.46811890174722,0.588558581064202,0,
0.552608920268641,0.505521472392638,0.458980485862206,0.422963467211255,0.278541094179365,0,
0.472188737730325,0.439439088518843,0.310434090003982,0.33287950987066,0.343492380714464,0,
0.848803168589633,0.302892199824715,0.452807646356033,0.5214431586113,0.248063952035973,0,
0.727570173928018,0.34601226993865,0.437674233373158,0.43952802359882,0.432675493379965,0,
0.358532805235061,0.403505696757231,0.766626841895659,0.590651236668936,0.452410691981014,0,
0.356638539693473,0.401051709027169,0.866985264834727,0.199001588382119,0.226080439670247,0,
0.252626140864474,0.353549517966696,0.634607726005575,0.182210120263218,0.187859105670747,0,
0.370587222317892,0.628921998247152,0.615292712066906,0.5214431586113,0.259555333499875,0,
0.402100912691579,0.564767747589834,0.265830346475508,0.405037440435671,0.291781164126905,0,
0.308420871362149,0.282208588957055,0.43010752688172,0.462219196732471,0.32075943042718,0,
0.315653521611848,0.338475021910605,0.660892074870569,0.856364874063989,0.32075943042718,0,
0.558291716893405,0.358983347940403,0.343488649940263,0.34717494894486,0.333749687734199,0,
0.317031169278457,0.29307624890447,0.434687375547591,0.578624914908101,0.784161878591057,0,
0.11296710866196,0.508150744960561,0.17921146953405,0.266621284320399,0.32075943042718,0,
0.511107284312037,0.426117440841367,0.809040223018718,0.230769230769231,0.268798401199101,0,
0.837609781298433,0.360210341805434,0.334129828753485,0.38166553210801,0.334249313015239,0,
0.664370587222318,0.387204206836109,0.337514934289128,0.384161561152712,0.348238820884337,0,
0.385741346650594,0.721121822962314,0.230187176423736,0.303834808259587,0.281538845865601,0,
0.780437403134148,0.187905346187555,0.387295898048586,0.385523031540731,0.306270297277042,0,
0.497847425520923,0.590359333917616,0.289924332935086,0.412525527569775,0.374718960779415,0,
0.407783709316342,0.611042944785276,0.286937475109518,0.3238030406172,0.349987509367974,0,
0.434820044773549,0.378790534618756,0.401234567901235,0.377581120943953,0.341993504871347,0,
0.60151541243327,0.543382997370727,0.510752688172043,0.595416383027002,0.239820134898826,0,
0.352505596693646,0.611568799298861,0.256272401433692,0.454731109598366,0.279790157381964,0,
0.376442224900982,0.423312883435583,0.789326961369972,0.608123439981847,0.437421933549838,0,
0.479765799896676,0.415950920245399,0.41358024691358,0.404583616972998,0.298526105420934,0,
0.831754778715344,0.327256792287467,0.403026682596575,0.343544361243476,0.311266550087434,0,
0.393662820733597,0.632778264680105,0.629828753484667,0.275470841842523,0.278790906819885,0,
0.338384708110901,0.462751971954426,0.911190760653126,0.181756296800545,0.32075943042718,0,
0.305148958153952,0.290972830850131,0.473715651135006,0.473791695030633,0.430177366974769,0,
0.372137075942828,0.672918492550394,0.265033851055356,0.681189017472203,0.21808643517362,0,
0.318064405028414,0.332340052585451,0.508761449621665,0.863399137735421,0.161129153135149,0,
0.751851214052006,0.290271691498685,0.400438072481083,0.410029498525074,0.30102423182613,0,
0.515412433270191,0.424890446976337,0.20768618080446,0.223508055366462,0.242068448663502,0,
0.464267263647322,0.423488168273444,0.424133811230585,0.398910823689585,0.29502872845366,0,
0.514895815395213,0.721647677475898,0.27479091995221,0.298388926707511,0.278291281538846,0,
0.54417082831066,0.372129710780018,0.452409398645958,0.33287950987066,0.304271796152885,0,
0.703289133804029,0.367747589833479,0.43747510951812,0.331971862945314,0.308018985760679,0,
0.88841053900465,0.354425942156003,0.338908801274393,0.340367597004765,0.334499125655758,0,
0.390563113483726,0.669938650306748,0.662883313420948,0.248695257544815,0.32075943042718,0,
0.574823488892716,0.53444347063979,0.663480684986061,0.282051282051282,0.280789407944042,0,
0.8847942138798,0.308676599474145,0.417761847869375,0.498978897208986,0.281538845865601,0,
0.358188393318409,0.510429447852761,0.491238550378335,0.303380984796914,0.28878341244067,0,
0.452557258481143,0.559684487291849,0.567702110712863,0.294758339006127,0.286784911316513,0,
0.431375925607026,0.69535495179667,0.521306252489048,0.308146131154981,0.353235073694729,0,
0.900120544170828,0.172830850131464,0.340700915969733,0.344905831631495,0.337247064701474,0,
0.402617530566558,0.776687116564417,0.259458383114297,0.302246426140231,0.289532850362228,0,
0.527639056311348,0.572830850131464,0.295101553166069,0.329475833900613,0.302023482388209,0,
0.417599448940933,0.682383873794917,0.259856630824373,0.314499659632403,0.32075943042718,0,
0.423798863440675,0.522699386503067,0.280764635603345,0.319037894259133,0.30127404446665,0,
0.343723092819012,0.361437335670464,0.702309836718439,0.612661674608577,0.489882588058956,0,
0.381952815567419,0.716213847502191,0.544205495818399,0.287950987066031,0.279290532100924,0,
0.722059583261581,0.289044697633655,0.44305057745918,0.336963921034717,0.303272545590807,0,
0.554503185810229,0.477300613496932,0.316806053365193,0.388926707510778,0.300524606545091,0,
0.413122094024453,0.539702015775635,0.611708482676225,0.281370546857273,0.32075943042718,0,
0.405545031858102,0.588606485539001,0.684986061330147,0.270251872021783,0.273295028728454,0,
0.459273290855864,0.622611744084137,0.305057745917961,0.325845246199229,0.294029477891581,0,
0.493886688479421,0.610517090271692,0.305455993628037,0.331064216019968,0.347989008243817,0,
0.311003960737042,0.312357581069238,0.559936280366388,0.755389153619242,0.32075943042718,0,
0.517134492853453,0.557230499561788,0.290521704500199,0.450873610165646,0.665251061703722,0,
0.434475632856897,0.721647677475898,0.280565511748307,0.426594054912639,0.264551586310267,0,
0.540726709144136,0.606310254163015,0.286340103544405,0.415248468345813,0.372970272295778,0,
0.400551059066644,0.782296231375986,0.482676224611708,0.558202859087815,0.241818636022983,0,
0.30928190115378,0.339526730937774,0.470927917164476,0.4928522804629,0.507869098176368,0,
0.355605303943516,0.573707274320771,0.307447232178415,0.327660540049921,0.298026480139895,0,
0.343206474944033,0.418054338299737,0.887495021903624,0.187202178352621,0.32075943042718,0,
0.385052522817289,0.806310254163015,0.242731979291119,0.289085545722714,0.231826130402198,0,
0.748407094885483,0.404382120946538,0.333333333333333,0.337871567960064,0.311016737446915,0,
0.340795591527467,0.388957055214724,0.855635205097571,0.238484229634672,0.244066949787659,0,
0.319614258653349,0.431551270815074,0.669852648347272,0.257090991604266,0.267299525355983,0,
0.345445152402273,0.408588957055215,0.949820788530466,0.148173360562741,0.32075943042718,0,
0.516962286895126,0.533917616126205,0.294703305455994,0.270705695484457,0.672745440919311,0,
0.403306354399862,0.584925503943909,0.683990442054958,0.269117313365101,0.32075943042718,0,
0.783881522300671,0.189307624890447,0.342293906810036,0.344678919900159,0.309268048963278,0,
0.45049078698123,0.687642418930763,0.280565511748307,0.254368050828228,0.565326005495878,0,
0.358360599276735,0.329009640666082,0.734169653524492,0.631949171772181,0.228828378715963,0,
0.313070432236955,0.28624014022787,0.474313022700119,0.845019287497164,0.154384211841119,0,
0.584811434475633,0.559859772129711,0.309239346873755,0.390288177898797,0.360229827629278,0,
0.393662820733597,0.639263803680982,0.780167264038232,0.225550260948491,0.242568073944542,0,
0.319614258653349,0.466432953549518,0.593588211867782,0.484910369866122,0.267299525355983,0,
0.370759428276218,0.48501314636284,0.773994424532059,0.250283639664171,0.414439170622033,0,
0.377819872567591,0.541630148992112,0.610911987256073,0.461765373269798,0.367724206844866,0,
0.729120027552953,0.300438212094654,0.490641178813222,0.589970501474926,0.236072945291032,0,
0.332013087652833,0.469938650306748,0.614695340501792,0.270251872021783,0.382213339995004,0,
0.309970724987085,0.303593339176161,0.478494623655914,0.551395507147719,0.555333499875094,0,
0.965903220251421,0.334969325153374,0.337116686579052,0.339006126616746,0.334998750936797,0,
0.385741346650594,0.783698510078878,0.230585424133811,0.299523485364193,0.32075943042718,0,
0.588772171517134,0.517440841367222,0.310434090003982,0.33877921488541,0.32075943042718,0,
0.579817461684174,0.367922874671341,0.394862604540024,0.386657590197413,0.342992755433425,0,
0.270535560530394,0.424364592462752,0.874551971326165,0.167233945995008,0.216837371971022,0,
0.337007060444291,0.439789658194566,0.844285145360414,0.199909235307465,0.643017736697477,0,
0.419493714482521,0.669588080631025,0.290720828355237,0.406625822555026,0.356982263302523,0,
0.383847081109006,0.81034180543383,0.248108323377141,0.560018152938507,0.252810392205846,0,
0.320130876528328,0.39649430324277,0.798088410991637,0.133877921488541,0.213839620284786,0,
0.315481315653522,0.309027169149869,0.462763839107925,0.576809621057409,0.540844366724956,0,
0.417943860857586,0.698334794040316,0.593986459577857,0.453369639210347,0.273295028728454,0,
0.363354572068193,0.548641542506573,0.6194743130227,0.468345813478557,0.251311516362728,0,
0.497675219562597,0.521297107800175,0.308442851453604,0.331291127751305,0.305770671996003,0,
0.32047528844498,0.328659070990359,0.555356431700518,0.73859768550034,0.190856857356982,0,
0.313242638195282,0.284837861524978,0.487853444842692,0.704107102337191,0.554084436672496,0,
0.499913897020837,0.713058720420684,0.550975706889685,0.42977081915135,0.285535848113915,0,
0.312553814361977,0.325153374233129,0.587017124651533,0.87973678239165,0.32075943042718,0,
0.311003960737042,0.312883435582822,0.548387096774194,0.358747447243022,0.32075943042718,0,
0.382986051317376,0.61489921121823,0.262246117084827,0.433401406852734,0.32075943042718,0,
0.765283278801446,0.193339176161262,0.39705296694544,0.380984796914,0.339245565825631,0,
0.527294644394696,0.460473269062226,0.459776981282358,0.446108463807579,0.251811141643767,0,
0.475460650938522,0.590184049079755,0.251493428912784,0.295892897662809,0.273045216087934,0,
0.4200103323575,0.560385626643295,0.299283154121864,0.325164511005219,0.299775168623532,0,
0.693645600137765,0.334618755477651,0.341696535244922,0.376219650555934,0.311266550087434,0,
0.407267091441364,0.757405784399649,0.537236160892075,0.288631722260041,0.498875843117662,0,
0.303254692612364,0.271866783523225,0.389088012743927,0.311776718856365,0.32075943042718,0,
0.72567590838643,0.190885188431201,0.383512544802867,0.378942591331972,0.343242568073945,0,
0.311348372653694,0.319018404907975,0.467343687773795,0.786476060812344,0.747189607794154,0,
0.53383847081109,0.453461875547765,0.421146953405018,0.394372589062855,0.279040719460405,0,
0.306871017737214,0.300788781770377,0.438271604938272,0.218742909008396,0.709218086435174,0,
0.48183227139659,0.704469763365469,0.524691358024691,0.437712729748128,0.32075943042718,0,
0.659721026347512,0.325153374233129,0.389088012743927,0.375085091899251,0.335748188858356,0,
0.494575512312726,0.575635407537248,0.299283154121864,0.325618334467892,0.35273544841369,0,
0.726881350094713,0.303242769500438,0.341696535244922,0.381438620376673,0.303772170871846,0,
0.329257792319614,0.41612620508326,0.754082039028276,0.235988200589971,0.32075943042718,0,
0.365248837609781,0.511130587204207,0.478096375945838,0.307465395960971,0.292530602048464,0,
0.410194592732909,0.628220858895706,0.27479091995221,0.304742455184933,0.259305520859355,0,
0.329257792319614,0.510780017528484,0.214257268020709,0.281824370319946,0.278790906819885,0,
0.318753228861719,0.409114811568799,0.563719633612107,0.427728613569322,0.32075943042718,0,
0.376442224900982,0.663453111305872,0.272799681401832,0.312911277513047,0.32075943042718,0,
0.445324608231445,0.751270815074496,0.279171644763043,0.316995688677105,0.289782663002748,0,
0.401928706733253,0.767221735319895,0.245519713261649,0.557522123893805,0.238571071696228,0,
0.320130876528328,0.461700262927257,0.5221027479092,0.434082142046744,0.32075943042718,0,
0.733252970552781,0.330762489044698,0.476901632815611,0.466757431359201,0.405945540844367,0,
0.624418804890649,0.37475898334794,0.401433691756272,0.395507147719537,0.363477391956033,0,
0.341140003444119,0.333567046450482,0.48805256869773,0.28023598820059,0.568073944541594,0,
0.371964869984501,0.571779141104295,0.600756670649144,0.496482868164284,0.267799150637022,0,
0.320303082486654,0.314636283961437,0.458582238152131,0.539823008849557,0.32075943042718,0,
0.741691062510763,0.295530236634531,0.386897650338511,0.379850238257318,0.342493130152386,0,
0.275701739280179,0.431901840490798,0.876742333731581,0.194463353755389,0.32075943042718,0,
0.247976579989668,0.0879929886064855,0.0362405416168857,0.0197413206262764,0.32075943042718,0,
0.729636645427932,0.453637160385627,0.56152927120669,0.477422282732017,0.28228828378716,0,
0.457034613397624,0.689921121822962,0.281362007168459,0.629906966190152,0.226580064951287,0,
0.273463061821939,0.412269938650307,0.319992035045798,0.497844338552303,0.272045965525856,0,
0.359221629068366,0.495004382120947,0.604540023894863,0.470614930791922,0.384211841119161,0,
0.521956259686585,0.483085013146363,0.494822779769016,0.726117540276832,0.204096927304522,0,
0.474427415188565,0.440315512708151,0.421346077260056,0.400045382346267,0.285535848113915,0,
0.177716548992595,0.108326029798422,0.285145360414178,0.326299069661902,0.298526105420934,0,
0.388668847942139,0.590184049079755,0.551174830744723,0.242795552530066,0.758680989258056,0,
0.552608920268641,0.427695004382121,0.32994822779769,0.341502155661448,0.337996502623033,0,
0.653866023764422,0.314285714285714,0.34468339307049,0.382119355570683,0.309018236322758,0,
0.337179266402618,0.552497808939527,0.561131023496615,0.542319037894259,0.234823882088434,0,
0.364904425693129,0.460999123575811,0.532457188371167,0.463807578851827,0.283787159630277,0,
0.729981057344584,0.451183172655565,0.31063321385902,0.391876560018153,0.387959030726955,0,
0.81711727225762,0.358983347940403,0.453803265631223,0.484229634672113,0.273295028728454,0,
0.474599621146892,0.559684487291849,0.296296296296296,0.406625822555026,0.354234324256807,0,
0.377647666609265,0.419456617002629,0.750696933492632,0.258225550260948,0.255058705970522,0,
0.321164112278285,0.442594215600351,0.613102349661489,0.465169049239846,0.271296527604297,0,
0.26175305665576,0.176161262050833,0.242731979291119,0.597004765146358,0.32075943042718,0,
0.327019114861374,0.328659070990359,0.802668259657507,0.21783526208305,0.401698725955533,0,
0.354227656276907,0.506047326906223,0.835324571883712,0.209439528023599,0.32075943042718,0,
0.84535904942311,0.371078001752848,0.411190760653126,0.518266394372589,0.250811891081689,0,
0.357155157568452,0.454513584574934,0.899044205495818,0.603131381892444,0.226829877591806,0,
0.321164112278285,0.399824715162138,0.705097570688969,0.813251645110052,0.32075943042718,0,
0.395040468400207,0.576862401402279,0.489645559538033,0.762196505559337,0.193854609043218,0,
0.610125710349578,0.411919368974584,0.436479490242931,0.405037440435671,0.286535098675993,0,
0.394868262441881,0.636985100788782,0.488849064117881,0.444520081688223,0.32075943042718,0,
0.340795591527467,0.336371603856266,0.508363201911589,0.639210347174949,0.32075943042718,0,
0.434131220940244,0.776687116564417,0.268418956591,0.550487860222374,0.26255308518611,0,
0.714999138970208,0.195617879053462,0.40720828355237,0.396414794644883,0.305520859355483,0,
0.388324436025486,0.680806310254163,0.63878932696137,0.489902427955525,0.32075943042718,0,
0.586533494058894,0.574233128834356,0.311429709279172,0.338325391422737,0.302023482388209,0,
0.408128121232995,0.556529360210342,0.306650736758264,0.328114363512594,0.302023482388209,0,
0.389702083692096,0.577388255915863,0.824372759856631,0.225096437485818,0.245815638271297,0,
0.887549509213019,0.342156003505697,0.557745917960972,0.305423190378943,0.298276292780415,0,
0.363182366109867,0.371078001752848,0.610513739545998,0.755162241887906,0.191606295278541,0,
0.337351472360944,0.353198948290973,0.516328156113102,0.12094395280236,0.32075943042718,0,
0.42311003960737,0.753198948290973,0.271206690561529,0.315180394826413,0.358481139145641,0,
0.364043395901498,0.510254163014899,0.641776184786937,0.48831404583617,0.206345241069198,0,
0.66919235405545,0.481682734443471,0.289924332935086,0.331291127751305,0.299525355983013,0,
0.425865334940589,0.609815950920245,0.235762644364795,0.303380984796914,0.366974768923308,0,
0.624246598932323,0.388957055214724,0.433691756272401,0.430224642614023,0.607294529103173,0,
0.334596177027725,0.454338299737073,0.818797291915571,0.239845700022691,0.32075943042718,0,
0.614603065266058,0.374583698510079,0.404022301871764,0.393464942137508,0.346989757681739,0,
0.392457379025314,0.804382120946538,0.221823974512147,0.294077603812117,0.268048963277542,0,
0.706733252970553,0.346713409290096,0.339506172839506,0.375312003630588,0.332000999250562,0,
0.43568107456518,0.578264680105171,0.271405814416567,0.316768776945768,0.32075943042718,0,
0.65352161184777,0.384925503943909,0.336320191158901,0.381892443839347,0.346490132400699,0,
0.518684346478388,0.448553900087642,0.449223416965352,0.443839346494214,0.223082687984012,0,
0.724814878594799,0.398071866783523,0.443647949024293,0.334467891990016,0.306020484636523,0,
0.344067504735664,0.559684487291849,0.553166069295101,0.856364874063989,0.173619785161129,0,
0.759083864301705,0.394741454864154,0.318598168060534,0.341729067392784,0.308268798401199,0,
0.360427070776649,0.548466257668712,0.308243727598566,0.330837304288632,0.30102423182613,0,
0.643361460306527,0.464855390008764,0.465153325368379,0.443385523031541,0.287034723957032,0,
0.335629412777682,0.414723926380368,1,0.174948944860449,0.227829128153885,0,
0.404856208024798,0.587204206836109,0.597172441258463,0.280689811663263,0.27579315513365,0,
0.394179438608576,0.388606485539001,0.708880923934687,0.570002269117313,0.181613789657757,0,
0.541415532977441,0.466783523225241,0.427917164476304,0.335148627184025,0.350736947289533,0,
0.498708455312554,0.648553900087642,0.294902429311031,0.323576128885863,0.3974519110667,0,
0.710693990012054,0.276950043821209,0.465352449223417,0.640571817562968,0.222583062702973,0,
0.414671947649389,0.308851884312007,0.54320987654321,0.297481279782165,0.296277791656258,0,
0.332529705527811,0.460823838737949,0.632616487455197,0.251191286589517,0.261054209342993,0,
0.378853108317548,0.320420683610868,0.648944643568299,0.810074880871341,0.139895078690982,0,
0.317892199070088,0.367747589833479,0.676224611708483,0.771272974812798,0.32075943042718,0,
0.316170139486826,0.39421560035057,0.805854241338112,0.191286589516678,0.240319760179865,0,
0.348889271568796,0.521121822962314,0.797092791716448,0.22759246653052,0.24981264051961,0,
0.258136731530911,0.42296231375986,0.526881720430108,0.267302019514409,0.370971771171621,0,
0.443774754606509,0.375109553023663,0.326363998407009,0.343998184706149,0.337496877341994,0,
0.6096090924746,0.188080631025416,0.41178813221824,0.393464942137508,0.295528353734699,0,
0.331152057861202,0.301840490797546,0.442453205894066,0.63262990696619,0.666999750187359,0,
0.545204064060617,0.510429447852761,0.450617283950617,0.669843430905378,0.211091681239071,0,
0.737385913552609,0.31498685363716,0.336718438868976,0.341502155661448,0.350487134649013,0,
0.336662648527639,0.407887817703769,0.782357626443648,0.141139096891309,0.229577816637522,0,
0.447907697606337,0.717616126205083,0.528076463560335,0.297027456319492,0.283787159630277,0,
0.355260892026864,0.712357581069238,0.28673835125448,0.316768776945768,0.362977766674994,0,
0.324436025486482,0.375109553023663,0.714257268020709,0.610392557295212,0.32075943042718,0,
0.398140175650077,0.656441717791411,0.544006371963361,0.455184933061039,0.376967274544092,0,
0.478388152230067,0.682559158632778,0.283552369573875,0.316088041751759,0.290282288283787,0,
0.415532977441019,0.589132340052585,0.562126642771804,0.631495348309508,0.226080439670247,0,
0.818322713965903,0.326555652936021,0.410792512943051,0.321307011572498,0.440669497876593,0,
0.547787153435509,0.495880806310254,0.467941059338909,0.452461992285001,0.273295028728454,0,
0.690201480971242,0.470464504820333,0.311429709279172,0.403902881778988,0.297027229577817,0,
0.41191665231617,0.660999123575811,0.257666268418957,0.313592012707057,0.32075943042718,0,
0.704494575512313,0.344609991235758,0.341696535244922,0.388245972316769,0.30751936047964,0,
0.343206474944033,0.636459246275197,0.565909996017523,0.47333787156796,0.2560579565326,0,
0.523678319269847,0.438387379491674,0.306650736758264,0.336510097572044,0.33999500374719,0,
0.555880833476838,0.327256792287467,0.398645957785743,0.392557295212162,0.338246315263552,0,
0.387118994317203,0.68501314636284,0.553564317005177,0.467438166553211,0.270547089682738,0,
0.555192009643534,0.574057843996494,0.306849860613301,0.329929657363286,0.296527604296777,0,
0.320303082486654,0.411744084136722,0.747909199522103,0.216927615157704,0.255558331251561,0,
0.355605303943516,0.308501314636284,0.541019514137794,0.807805763557976,0.187109667749188,0,
0.811090063716205,0.350043821209465,0.398845081640781,0.386430678466077,0.337496877341994,0,
0.439641811606682,0.370376862401402,0.324173636001593,0.343998184706149,0.336247814139395,0,
0.420354744274152,0.483435582822086,0.55794504181601,0.466076696165192,0.378965775668249,0,
0.377819872567591,0.660648553900088,0.274990043807248,0.411617880644429,0.287284536597552,0,
0.352677802651972,0.44715162138475,0.690163281561131,0.547084184252326,0.219335498376218,0,
0.317892199070088,0.370376862401402,0.440661091198726,0.518039482641253,0.548088933300025,0,
0.34647838815223,0.607011393514461,0.296296296296296,0.316995688677105,0.293779665251062,0,
0.761839159634923,0.284662576687117,0.401234567901235,0.409121851599728,0.299775168623532,0,
0.433270191148614,0.625591586327783,0.297092791716448,0.320172452915816,0.290781913564826,0,
0.395729292233511,0.510078878177038,0.29231381919554,0.324256864079873,0.302023482388209,0,
0.536938178060961,0.540403155127081,0.287534846674632,0.328795098706603,0.32075943042718,0,
0.354916480110212,0.708676599474146,0.545201115093588,0.25096437485818,0.273295028728454,0,
0.35543309798519,0.559158632778265,0.881919553962565,0.221465849784434,0.258805895578316,0,
0.560530394351645,0.593163891323401,0.27937076861808,0.423644202405264,0.532600549587809,0,
0.641639400723265,0.503768624014023,0.310434090003982,0.339459950079419,0.342742942792905,0,
0.563630101601515,0.430324276950044,0.446634806849861,0.309961425005673,0.647014738945791,0,
0.335629412777682,0.482033304119194,0.665272799681402,0.254594962559564,0.26255308518611,0,
0.415532977441019,0.703768624014023,0.65531660692951,0.259360108917631,0.271046714963777,0,
0.467194764938867,0.543207712532866,0.298486658701712,0.405491263898344,0.354983762178366,0,
0.482004477354916,0.658194566170026,0.283751493428913,0.320399364647152,0.292780414688983,0,
0.854141553297744,0.308150744960561,0.402429311031462,0.38688450192875,0.419185610791906,0,
0.384535904942311,0.624364592462752,0.550975706889685,0.471295665985931,0.32075943042718,0,
0.801790941966592,0.407186678352323,0.508363201911589,0.319037894259133,0.299025730701974,0,
0.340451179610815,0.466257668711656,0.806650736758264,0.237122759246653,0.458406195353485,0,
0.350783537110384,0.56897458369851,0.478096375945838,0.420921261629226,0.348988258805896,0,
0.818839331840882,0.321647677475898,0.338510553564317,0.341729067392784,0.308518611041719,0,
0.350611331152058,0.385977212971078,0.87594583831143,0.66258225550261,0.181613789657757,0,
0.762183571551576,0.401928133216477,0.455993628036639,0.461992285001135,0.377716712465651,0,
0.318064405028414,0.381770376862401,0.661489446435683,0.945314272747901,0.0719460404696478,0,
0.389702083692096,0.660473269062226,0.667064914376742,0.248695257544815,0.32075943042718,0,
0.385052522817289,0.371954425942156,0.831740342493031,0.599273882459723,0.234074444166875,0,
0.443258136731531,0.763716038562664,0.264237355635205,0.413886997957794,0.440669497876593,0,
0.87583950404684,0.179842243645925,0.390083632019116,0.341048332198775,0.307019735198601,0,
0.364560013776477,0.535845749342682,0.290521704500199,0.3238030406172,0.32075943042718,0,
0.336490442569313,0.584399649430324,0.565113500597372,0.496482868164284,0.678740944291781,0,
0.620113655932495,0.320595968448729,0.400438072481083,0.393011118674835,0.282787909068199,0,
0.384191493025659,0.601577563540754,0.283950617283951,0.313138189244384,0.29502872845366,0,
0.305148958153952,0.428220858895706,0.306849860613301,0.500340367597005,0.260054958780914,0,
0.589460995350439,0.61262050832603,0.287933094384707,0.294985250737463,0.501373969522858,0,
0.358705011193387,0.61840490797546,0.699721226602947,0.526435216700703,0.234074444166875,0,
0.753401067676942,0.286765994741455,0.453006770211071,0.582028590878148,0.264551586310267,0,
0.486654038229723,0.607011393514461,0.488251692552768,0.321307011572498,0.273045216087934,0,
0.344584122610642,0.451533742331288,0.926722421346077,0.203312911277513,0.32075943042718,0,
0.256414671947649,0.14250657318142,0.482078853046595,0.600408441116406,0.32075943042718,0,
0.799035646633373,0.319368974583699,0.540621266427718,0.435216700703426,0.280539595303522,0,
0.346822800068882,0.319719544259422,0.719832735961768,0.55525300658044,0.610292280789408,0,
0.656276907180988,0.390534618755478,0.436877737953007,0.419559791241207,0.449412940294779,0,
0.632512484931979,0.492375109553024,0.299482277976902,0.409121851599728,0.295528353734699,0,
0.447046667814706,0.579491673970202,0.479689366786141,0.295439074200136,0.672495628278791,0,
0.33976235577751,0.461524978089395,0.825169255276782,0.240072611754028,0.450412190856857,0,
0.33166867573618,0.400525854513585,0.796296296296296,0.595416383027002,0.232825380964277,0,
0.332185293611159,0.423663453111306,0.310035842293907,0.47787610619469,0.32075943042718,0,
0.477699328396762,0.65749342681858,0.283552369573875,0.31404583616973,0.285286035473395,0,
0.321508524194937,0.36441717791411,0.745718837116687,0.582028590878148,0.32075943042718,0,
0.273118649905287,0.19649430324277,0.287534846674632,0.236895847515317,0.32075943042718,0,
0.310659548820389,0.31954425942156,0.587216248506571,0.267755842977082,0.228078940794404,0,
0.523850525228173,0.446099912357581,0.309438470728793,0.336510097572044,0.342243317511866,0,
0.589288789392113,0.323225241016652,0.821983273596177,0.225777172679828,0.266300274793905,0,
0.318581022903392,0.304119193689746,0.469733174034249,0.838665759019741,0.112665500874344,0,
0.771654899259514,0.395968448729185,0.422739944245321,0.398910823689585,0.276542593055209,0,
0.33166867573618,0.444697633654689,0.308442851453604,0.457454050374404,0.458156382712965,0,
0.570173928017909,0.61384750219106,0.584826762246117,0.48309507601543,0.282538096427679,0,
0.905975546753918,0.184049079754601,0.398645957785743,0.341275243930111,0.337247064701474,0,
0.36576545548476,0.667309377738826,0.638988450816408,0.446789199001588,0.272295778166375,0,
0.400206647149991,0.684837861524978,0.243130227001195,0.30496936691627,0.287534349238071,0,
0.473738591355261,0.714460999123576,0.27937076861808,0.427047878375312,0.475393454908818,0,
0.348544859652144,0.425591586327783,0.867980884109916,0.629226230996142,0.219335498376218,0,
0.632340278973652,0.688343558282209,0.281162883313421,0.427501701837985,0.370721958531102,0,
0.385396934733942,0.419106047326906,0.664874551971326,0.288631722260041,0.367474394204347,0,
0.699845014637506,0.363540753724803,0.426921545201115,0.341048332198775,0.337746689982513,0,
0.397623557775099,0.470815074496056,0.214257268020709,0.297254368050828,0.272545590806895,0,
0.404684002066471,0.548641542506573,0.290123456790123,0.325164511005219,0.32075943042718,0,
0.312381608403651,0.329710780017528,0.613898845081641,0.577717267982755,0.32075943042718,0,
0.402100912691579,0.771603856266433,0.232178414974114,0.469707283866576,0.273295028728454,0,
0.311692784570346,0.314811568799299,0.508363201911589,0.505559337417744,0.32075943042718,0,
0.364732219734803,0.674496056091148,0.261648745519713,0.454050374404357,0.283037721708718,0,
0.610642328224557,0.279404031551271,0.347670250896057,0.379169503063308,0.300774419185611,0,
0.341656621319098,0.42524101665206,0.87495021903624,0.17812570909916,0.42917811641269,0,
0.334079559152747,0.411919368974584,0.631023496614894,0.232357612888586,0.187359480389708,0,
0.88703289133804,0.180718667835232,0.498805256869773,0.405037440435671,0.303022732950287,0,
0.513862579645256,0.745661700262927,0.266427718040621,0.304061719990924,0.267549337996503,0,
0.413122094024453,0.621910604732691,0.707088809239347,0.249375992738825,0.268298775918061,0,
0.323747201653177,0.344084136722174,0.508562325766627,0.758565917857953,0.139645266050462,0,
0.3271913208197,0.330937773882559,0.803464755077658,0.21261629226231,0.402448163877092,0,
0.496814189770966,0.62524101665206,0.268020708880924,0.319945541184479,0.32075943042718,0,
0.578095402100913,0.629272567922875,0.288530465949821,0.410029498525074,0.360979265550837,0,
0.464611675563974,0.641717791411043,0.270011947431302,0.308146131154981,0.286535098675993,0,
0.488720509729637,0.611744084136722,0.28673835125448,0.417971409121852,0.273544841368973,0,
0.847425520923024,0.32182296231376,0.332935085623258,0.395053324256864,0.305770671996003,0,
0.7472016531772,0.48851884312007,0.312624452409399,0.51168595416383,0.258306270297277,0,
0.328052350611331,0.436459246275197,0.690163281561131,0.245518493306104,0.270796902323258,0,
0.581539521267436,0.37125328659071,0.281362007168459,0.813478556841389,0.212340744441669,0,
0.399517823316687,0.557756354075373,0.303863002787734,0.413433174495121,0.385960529602798,0,
0.337868090235922,0.675021910604733,0.284348864994026,0.412752439301112,0.362727954034474,0,
0.60513173755812,0.449956178790535,0.316407805655117,0.388019060585432,0.343992005995503,0,
0.395729292233511,0.547765118317266,0.458383114297093,0.31858407079646,0.32075943042718,0,
0.343378680902359,0.312007011393514,0.711071286340103,0.573405945087361,0.605046215338496,0,
0.331840881694507,0.35284837861525,0.62962962962963,0.783753120036306,0.153135148638521,0,
0.363354572068193,0.409465381244522,0.766029470330546,0.232811436351259,0.253060204846365,0,
0.328224556569657,0.429097283085013,0.621067303863003,0.471749489448604,0.259305520859355,0,
0.36214913035991,0.768624014022787,0.244723217841497,0.451100521896982,0.273544841368973,0,
0.336146030652661,0.670464504820333,0.257467144563919,0.437485818016791,0.286535098675993,0,
0.390046495608748,0.575109553023663,0.564715252887296,0.240753346948037,0.790657007244567,0,
0.588944377475461,0.533917616126205,0.439466348068499,0.442704787837531,0.53210092430677,0,
0.400378853108318,0.637510955302366,0.258861011549184,0.311776718856365,0.295528353734699,0,
0.379541932150852,0.736897458369851,0.220230983671844,0.446108463807579,0.280539595303522,0,
0.883244360254865,0.390008764241893,0.326762246117085,0.390288177898797,0.407944041968524,0,
0.405889443774755,0.318492550394391,0.524691358024691,0.814386203766735,0.180614539095678,0,
0.317547787153435,0.382997370727432,0.821585025886101,0.195824824143408,0.187109667749188,0,
0.415877389357672,0.709728308501315,0.264834727200319,0.294985250737463,0.582812890332251,0,
0.344928534527295,0.482559158632778,0.557745917960972,0.432947583390061,0.359980014988758,0,
0.313587050111934,0.287116564417178,0.480087614496217,0.807578851826639,0.157881588808394,0,
0.449801963147925,0.511305872042068,0.418757467144564,0.38620376673474,0.337496877341994,0,
0.532633029102807,0.516389132340053,0.698327359617682,0.261629226230996,0.281289033225081,1,
0.333907353194421,0.335845749342682,0.853046594982079,0.562741093714545,0.32075943042718,1,
0.327363526778026,0.361262050832603,0.539625647152529,0.281597458588609,0.630527104671496,1,
0.274840709488548,0.367046450482033,0.621067303863003,0.637621965055593,0.48688483637272,1,
0.333907353194421,0.364592462751972,0.169454400637196,0.791468118901747,0.32075943042718,1,
0.318581022903392,0.3011393514461,0.517921146953405,0.86022237349671,0.14763927054709,1,
0.375236783192698,0.295179666958808,0.739545997610514,0.90764692534604,0.151636272795403,1,
0.478388152230067,0.390359333917616,0.864197530864197,0.211481733605627,0.41643767174619,1,
0.404856208024798,0.70692375109553,0.541019514137794,0.563648740639891,0.240819385460904,1,
0.349233683485449,0.423663453111306,0.770011947431302,0.599954617653733,0.581314014489133,1,
0.364560013776477,0.331989482909728,0.54320987654321,0.629680054458815,0.32075943042718,1,
0.352333390735319,0.324802804557406,0.655714854639586,0.629906966190152,0.789407944041969,1,
0.626140864473911,0.640666082383874,0.278972520908005,0.325164511005219,0.297526854858856,1,
0.309798519028758,0.370902716914987,0.197132616487455,0.762877240753347,0.170372220834374,1,
0.376614430859308,0.562313759859772,0.666069295101553,0.728386657590197,0.201848613539845,1,
0.341828827277424,0.370376862401402,0.552767821585026,0.268209666439755,0.32075943042718,1,
0.421904597899087,0.472217353198948,0.662485065710872,0.258906285454958,0.280289782663003,1,
0.367831926984674,0.733917616126205,0.547590601354042,0.60403902881779,0.240569572820385,1,
0.32633029102807,0.307099035933392,0.502190362405416,0.801906058543227,0.693729702722958,1,
0.318064405028414,0.402804557405784,0.540223018717642,0.604946675743136,0.32075943042718,1,
0.476493886688479,0.320595968448729,0.729589804858622,0.53641933287951,0.258556082937797,1,
0.321680730153263,0.318492550394391,0.470927917164476,0.770819151350125,0.145890582063452,1,
0.363182366109867,0.293777388255916,0.727797690163281,0.60403902881779,0.133649762677992,1,
0.332013087652833,0.35056967572305,0.674233373158104,0.655321080099841,0.32075943042718,1,
0.411400034441192,0.458545135845749,0.805854241338112,0.628999319264806,0.216337746689983,1,
0.380058550025831,0.436459246275197,0.536837913181999,0.543453596550942,0.138396202847864,1,
0.389874289650422,0.702366345311131,0.551573078454799,0.53188109825278,0.501124156882338,1,
0.246598932323058,0.375109553023663,0.131222620469932,0.735874744724302,0.32075943042718,1,
0.482693301188221,0.343558282208589,0.92831541218638,0.216700703426367,0.258805895578316,1,
0.237472016531772,0.12760736196319,0.660892074870569,0.54163830270025,0.229328003997002,1,
0.485104184604787,0.732515337423313,0.523297491039426,0.294304515543454,0.28228828378716,1,
0.346133976235578,0.44487291849255,0.546794105933891,0.870206489675516,0.178616037971521,1,
0.513690373686929,0.649956178790535,0.606531262445241,0.279782164737917,0.375968023982014,1,
0.318925434820045,0.324802804557406,0.529271206690561,0.554345359655094,0.569822633025231,1,
0.338556914069227,0.357230499561788,0.56252489048188,0.616972997503971,0.454659005745691,1,
0.488892715687963,0.348641542506573,0.914575866188769,0.221012026321761,0.260304771421434,1,
0.368692956776304,0.371779141104295,0.744125846276384,0.577036532788745,0.722208343742193,1,
0.329602204236267,0.321647677475898,0.488649940262843,0.569094622191967,0.32075943042718,1,
0.377131048734286,0.310078878177038,0.698128235762644,0.601769911504425,0.228078940794404,1,
0.405028413983124,0.438913234005259,0.705097570688969,0.253687315634218,0.490881838621034,1,
0.336662648527639,0.363540753724803,0.705495818399044,0.574994327206717,0.432675493379965,1,
0.446185638023076,0.469588080631025,0.693548387096774,0.554118447923758,0.534099425430927,1,
0.345100740485621,0.408764241893076,0.516925527678216,0.783299296573633,0.653260054958781,1,
0.445152402273119,0.546187554776512,0.617084826762246,0.677785341502156,0.196852360729453,1,
0.272946443946961,0.317090271691499,0.247710075667065,0.160199682323576,0.32075943042718,1,
0.402789736524884,0.340753724802805,0.676224611708483,0.502382573179033,0.443917062203348,1,
0.322541759944894,0.319719544259422,0.485663082437276,0.793737236215112,0.136397701723707,1,
0.316514551403479,0.346538124452235,0.603146156909598,0.70546857272521,0.32075943042718,1,
0.373686929567763,0.331814198071867,0.773795300677021,0.631268436578171,0.496627529352985,1,
0.499569485104185,0.522699386503067,0.582039028275587,0.462673020195144,0.265051211591307,1,
0.321852936111589,0.36091148115688,0.653922739944245,0.683685046516905,0.200599550337247,1,
0.449629757189599,0.480280455740578,0.733771405814417,0.601769911504425,0.220834374219335,1,
0.357499569485104,0.446099912357581,0.661091198725607,0.553664624461085,0.227829128153885,1,
0.360599276734975,0.704820333041192,0.2463162086818,0.718402541411391,0.206844866350237,1,
0.281212329946616,0.182471516213848,0.246515332536838,0.766507828454731,0.149138146390207,1,
0.309626313070432,0.35407537248028,0.421545201115094,0.56569094622192,0.651011741194104,1,
0.366970897193043,0.373356704645048,0.750497809637595,0.185386884501929,0.451411441418936,1,
0.319786464611676,0.345135845749343,0.454400637196336,0.531427274790107,0.32075943042718,1,
0.334423971069399,0.306397896581946,0.313819195539626,0.600635352847742,0.713215088683487,1,
0.449801963147925,0.371078001752848,0.540820390282756,0.680054458815521,0.46140394703972,1,
0.430687101773721,0.336371603856266,0.770609318996416,0.232811436351259,0.412440669497877,1,
0.541243327019115,0.574934268185802,0.502389486260454,0.485591105060132,0.32075943042718,1,
0.314620285861891,0.359509202453988,0.421146953405018,0.476741547538008,0.32075943042718,1,
0.320303082486654,0.331814198071867,0.590203106332139,0.245518493306104,0.187359480389708,1,
0.386430170483899,0.669763365468887,0.591596973317403,0.624007261175403,0.232075943042718,1,
0.348889271568796,0.332690622261174,0.424731182795699,0.609711822101203,0.32075943042718,1,
0.434303426898571,0.496932515337423,0.536240541616886,0.656455638756524,0.694728953285036,1,
0.376270018942655,0.424364592462752,0.819394663480685,0.610392557295212,0.568573569822633,1,
0.370931634234544,0.406134969325153,0.620270808442851,0.547764919446335,0.832625530851861,1,
0.316170139486826,0.366871165644172,0.246714456391876,0.869071931018834,0.32075943042718,1,
0.335801618736008,0.400525854513585,0.504978096375946,0.850918992511913,0.32075943042718,1,
0.331496469777854,0.381945661700263,0.469334926324174,0.769684592693442,0.0564576567574319,1,
0.432925779231961,0.399298860648554,0.777976901632816,0.59882005899705,0.581563827129653,1,
0.474083003271913,0.333041191936897,0.746515332536838,0.697980485591105,0.161878591056707,1,
0.269157912863785,0.335495179666959,0.137793707686181,0.207170410710234,0.184861353984512,1,
0.327535732736353,0.361086765994741,0.540223018717642,0.2809167233946,0.637022233325006,1,
0.314620285861891,0.36091148115688,0.433890880127439,0.639210347174949,0.32075943042718,1,
0.331496469777854,0.340929009640666,0.660493827160494,0.502382573179033,0.683237571821134,1,
0.345445152402273,0.429623137598598,0.539824771007567,0.790787383707738,0.137147139645266,1,
0.437230928190115,0.421910604732691,0.628434886499402,0.103698661220785,0.696227829128154,1,
0.445152402273119,0.290096406660824,0.730784547988849,0.529158157476742,0.417436922308269,1,
0.345445152402273,0.336546888694128,0.597371565113501,0.541411390968913,0.571821134149388,1,
0.446185638023076,0.39193689745837,0.570290720828355,0.551168595416383,0.263302523107669,1,
0.385741346650594,0.524627519719544,0.748506571087216,0.683685046516905,0.213090182363228,1,
0.332013087652833,0.380543382997371,0.563520509757069,0.930565010211028,0.0774419185610792,1,
0.358877217151713,0.464504820333041,0.146555157307845,0.218515997277059,0.19885086185361,1,
0.371448252109523,0.414022787028922,0.575268817204301,0.549353301565691,0.32075943042718,1,
0.377819872567591,0.62646801051709,0.55973715651135,0.625822555026095,0.21808643517362,1,
0.27432409161357,0.142331288343558,0.230386300278773,0.012480145223508,0.32075943042718,1,
0.310487342862063,0.30464504820333,0.505973715651135,0.215339233038348,0.648263802148389,1,
0.386946788358877,0.419982471516214,0.563520509757069,0.871341048332199,0.138146390207345,1,
0.419493714482521,0.643470639789658,0.561728395061728,0.498978897208986,0.503872095928054,1,
0.395901498191837,0.335144609991236,0.666666666666667,0.542319037894259,0.427929053210092,1,
0.480454623729981,0.445048203330412,0.59279171644763,0.456773315180395,0.380464651511366,1,
0.354055450318581,0.430674846625767,0.861608920748706,0.204901293396869,0.234823882088434,1,
0.403995178233167,0.2988606485539,0.671047391477499,0.539369185386885,0.500624531601299,1,
0.310487342862063,0.307449605609115,0.491039426523298,0.670524166099387,0.566575068698476,1,
0.444463578439814,0.458545135845749,0.706690561529271,0.607896528250511,0.529103172620535,1,
0.311348372653694,0.304820333041192,0.46594982078853,0.606081234399819,0.32075943042718,1,
0.274840709488548,0.299737072743208,0.274193548387097,0.511459042432494,0.53185111166625,1,
0.327880144653005,0.3056967572305,0.503385105535643,0.77240753346948,0.742443167624282,1,
0.393318408816945,0.547414548641542,0.682994822779769,0.683458134785568,0.236322757931551,1,
0.398828999483382,0.364592462751972,0.799880525686977,0.234853641933288,0.263302523107669,1,
0.315825727570174,0.313584574934268,0.537634408602151,0.641933287950987,0.646015488383712,1,
0.329774410194593,0.367747589833479,0.529669454400637,0.787610619469027,0.32075943042718,1,
0.465644911313931,0.324978089395267,0.683193946634807,0.790787383707738,0.50012490632026,1,
0.335973824694334,0.401577563540754,0.692751891676623,0.18788291354663,0.646764926305271,1,
0.369209574651283,0.505346187554777,0.802668259657507,0.239391876560018,0.232075943042718,1,
0.372825899776132,0.320070113935145,0.807248108323377,0.571817562968005,0.46789907569323,1,
0.329085586361288,0.288694127957932,0.481481481481482,0.722033129112775,0.617536847364477,1,
0.323919407611503,0.358983347940403,0.467941059338909,0.538234626730202,0.32075943042718,1,
0.3271913208197,0.336196319018405,0.653325368379132,0.502155661447697,0.642018486135398,1,
0.333218529361116,0.430850131463628,0.478693747510952,0.793964147946449,0.32075943042718,1,
0.372137075942828,0.374408413672217,0.464755077658303,0.630133877921489,0.530352235823133,1,
0.491648011021181,0.621384750219106,0.695937873357228,0.287724075334695,0.279290532100924,1,
0.330463234027897,0.45398773006135,0.529470330545599,0.579078738370774,0.462653010242318,1,
0.318408816945066,0.348466257668712,0.452011150935882,0.425913319718629,0.560079940044966,1,
0.389185465817117,0.421034180543383,0.545201115093588,0.754481506693896,0.737696727454409,1,
0.594454968141898,0.490271691498685,0.614097968936679,0.259587020648968,0.482638021483887,1,
0.354744274151886,0.33567046450482,0.519115890083632,0.699341955979124,0.599300524606545,1,
0.317892199070088,0.34250657318142,0.453405017921147,0.425459496255956,0.549337996502623,1,
0.443085930773205,0.529535495179667,0.669653524492234,0.240753346948037,0.26904821383962,1,
0.457895643189254,0.364943032427695,0.68379131819992,0.572498298162015,0.695228578566076,1,
0.359566040985018,0.333742331288344,0.510951812027081,0.708191513501248,0.595553334998751,1,
0.359738246943344,0.329009640666082,0.541616885702907,0.615157703653279,0.32075943042718,1,
0.347167211985535,0.369851007887818,0.535244922341696,0.669389607442705,0.619535348488633,1,
0.305665576028931,0.295530236634531,0.563520509757069,0.780122532334922,0.112915313514864,1,
0.403134148441536,0.457668711656442,0.814217443249701,0.70093033809848,0.215588308768424,1,
0.311692784570346,0.327957931638913,0.431302270011947,0.55525300658044,0.32075943042718,1,
0.374375753401068,0.456441717791411,0.851652727996814,0.186067619695938,0.518361229078191,1,
0.369381780609609,0.401752848378615,0.772401433691756,0.576128885863399,0.648013989507869,1,
0.27656276907181,0.172830850131464,0.500597371565113,0.217381438620377,0.32075943042718,1,
0.331152057861202,0.296932515337423,0.476503385105536,0.764692534604039,0.696227829128154,1,
0.429826071982091,0.445574057843996,0.52668259657507,0.452915815747674,0.543092680489633,1,
0.347167211985535,0.362664329535495,0.508363201911589,0.635806671204901,0.100924306769923,1,
0.392973996900293,0.31954425942156,0.524293110314616,0.71000680735194,0.1541343992006,1,
0.332529705527811,0.348466257668712,0.854241338112306,0.620376673474019,0.618286285286035,1,
0.413983123816084,0.36546888694128,0.664874551971326,0.791014295439074,0.108418685985511,1,
0.396590322025142,0.329184925503944,0.665272799681402,0.566144769684593,0.449912565575818,1,
0.358877217151713,0.381945661700263,0.514336917562724,0.641252552756978,0.32075943042718,1,
0.504735663853969,0.504995617879053,0.781561131023497,0.26594054912639,0.266050462153385,1,
0.474083003271913,0.333041191936897,0.746714456391876,0.697980485591105,0.161878591056707,1,
0.34871706561047,0.36669588080631,0.509557945041816,0.670297254368051,0.151636272795403,1,
0.334596177027725,0.393339176161262,0.231780167264038,0.865441343317449,0.0514614039470397,1,
0.308765283278801,0.340052585451358,0.590003982477101,0.627184025414114,0.32075943042718,1,
0.340623385569141,0.431375985977213,0.788331342094783,0.168595416383027,0.571821134149388,1,
0.470983296022042,0.502191060473269,0.578255675029869,0.234172906739278,0.270297277042218,1,
0.219390390907525,0.102892199824715,0.571286340103544,0.238711141366009,0.241069198101424,1,
0.310315136903737,0.322699386503067,0.429908403026683,0.543226684819605,0.32075943042718,1,
0.363871189943172,0.622261174408414,0.613500597371565,0.520535511685954,0.558331251561329,1,
0.428104012398829,0.328308501314636,0.671246515332537,0.752893124574541,0.131651261553835,1,
0.386257964525573,0.32182296231376,0.658701712465153,0.660993873383254,0.759680239820135,1,
0.381091785775788,0.328133216476775,0.751891676622859,0.580894032221466,0.184111916062953,1,
0.475632856896849,0.513409290096407,0.695340501792115,0.228046289993193,0.270047464401699,1,
0.349233683485449,0.472567922874671,0.770410195141378,0.615384615384615,0.605795653260055,1,
0.421387980024109,0.412971078001753,0.631023496614894,0.132289539369185,0.750936797401949,1,
0.3271913208197,0.321297107800175,0.528872958980486,0.548672566371681,0.32075943042718,1,
0.315481315653522,0.323225241016652,0.524492234169654,0.866348990242796,0.32075943042718,1,
0.323402789736525,0.355652936021034,0.707088809239347,0.660313138189244,0.11541343992006,1,
