541,5,2,
0.932667470294472,0.329009640666082,0.41636798088411,0.461765373269798,0.290282288283787,0,
0.350783537110384,0.439439088518843,0.68478693747511,0.526889040163376,0.221833624781414,0,
0.31375925607026,0.333041191936897,0.640382317801673,0.855911050601316,0.32075943042718,0,
0.320130876528328,0.429447852760736,0.637196336121067,0.254594962559564,0.276292780414689,0,
0.333735147236094,0.4988606485539,0.491039426523298,0.42001361470388,0.362977766674994,0,
0.366798691234717,0.68624014022787,0.634010354440462,0.274336283185841,0.272045965525856,0,
0.401067676941622,0.747940403155127,0.21505376344086,0.42977081915135,0.32075943042718,0,
0.329257792319614,0.510780017528484,0.214257268020709,0.281824370319946,0.278790906819885,0,
0.410194592732909,0.628220858895706,0.27479091995221,0.304742455184933,0.259305520859355,0,
0.368865162734631,0.403680981595092,0.783751493428913,0.238030406171999,0.22408193854609,0,
0.335112794902704,0.440666082383874,0.864794902429311,0.206262763784888,0.636272795403447,0,
0.349233683485449,0.390534618755478,0.884707287933094,0.629680054458815,0.182113414938796,0,
0.693645600137765,0.334618755477651,0.341696535244922,0.376219650555934,0.311266550087434,0,
0.758567246426726,0.327081507449606,0.33452807646356,0.339686861810756,0.355233574818886,0,
0.331152057861202,0.301840490797546,0.442453205894066,0.632856818697527,0.666999750187359,0,
0.868434647838815,0.183523225241017,0.342692154520111,0.376219650555934,0.30776917312016,0,
0.311348372653694,0.2988606485539,0.448227797690163,0.616065350578625,0.644766425181114,0,
0.327880144653005,0.331989482909728,0.8731581043409,0.211481733605627,0.420184861353984,0,
0.49888066127088,0.477475898334794,0.433293508562326,0.40049920580894,0.350487134649013,0,
0.465644911313931,0.616827344434706,0.617084826762246,0.547764919446335,0.263802148388708,0,
0.333390735319442,0.537773882559159,0.52668259657507,0.445427728613569,0.277042218336248,0,
0.689168245221285,0.294127957931639,0.345081640780565,0.346948037213524,0.332000999250562,0,
0.112622696745307,0.0431200701139351,0.293309438470729,0.324937599273882,0.289283037721709,0,
0.923884966419838,0.376687116564417,0.331541218637993,0.339006126616746,0.307019735198601,0,
0.344928534527295,0.482559158632778,0.557745917960972,0.432947583390061,0.359980014988758,0,
0.425693128982263,0.757581069237511,0.551174830744723,0.285908781484003,0.37172120909318,0,
0.672119855346995,0.167046450482033,0.337514934289128,0.337871567960064,0.304521608793405,0,
0.315309109695195,0.320245398773006,0.621266427718041,0.74449739051509,0.186859855108668,0,
0.456862407439297,0.362489044697634,0.740342493030665,0.575675062400726,0.227829128153885,0,
0.399345617358361,0.767572304995618,0.482676224611708,0.574540503744044,0.238571071696228,0,
0.958842775960048,0.174583698510079,0.339307048984468,0.343771272974813,0.309767674244317,0,
0.325813673153091,0.404732690622261,0.848665870171247,0.576809621057409,0.194354234324257,0,
0.348544859652144,0.533917616126205,0.4926324173636,0.416383027002496,0.286535098675993,0,
0.375408989151025,0.601402278702892,0.48068498606133,0.476060812343998,0.292780414688983,0,
0.50111933872912,0.437160385626643,0.817801672640382,0.255048786022237,0.274544091931052,0,
0.333218529361116,0.43908851884312,0.868180007964954,0.194236442024053,0.616537596802398,0,
0.357843981401756,0.618755477651183,0.677021107128634,0.53641933287951,0.235823132650512,0,
0.336318236610987,0.704469763365469,0.259259259259259,0.420921261629226,0.362228328753435,0,
0.378680902359222,0.419456617002629,0.700517722023098,0.513501248014522,0.421184111916063,0,
0.385396934733942,0.419106047326906,0.664874551971326,0.288631722260041,0.367474394204347,0,
0.441708283106595,0.43680981595092,0.619872560732776,0.269117313365101,0.265800649512865,0,
0.323574995694851,0.339526730937774,0.505376344086021,0.779441797140912,0.12840369722708,0,
0.49078698122955,0.672567922874671,0.273397052966945,0.508282278193783,0.457656757431926,0,
0.33752367831927,0.345661700262927,0.516129032258065,0.626730201951441,0.32075943042718,0,
0.395729292233511,0.547765118317266,0.458383114297093,0.31858407079646,0.32075943042718,0,
0.382297227484071,0.766871165644172,0.560533651931501,0.461538461538462,0.32075943042718,0,
0.380230755984157,0.747414548641543,0.263839107925129,0.418425232584525,0.281039220584562,0,
0.325641467194765,0.323575810692375,0.507168458781362,0.847969140004538,0.131401448913315,0,
0.51007404856208,0.599474145486415,0.280565511748307,0.407079646017699,0.362228328753435,0,
0.397623557775099,0.470815074496056,0.214257268020709,0.297254368050828,0.272545590806895,0,
0.60513173755812,0.449956178790535,0.316407805655117,0.388019060585432,0.343992005995503,0,
0.322541759944894,0.298334794040315,0.467941059338909,0.285228046289993,0.32075943042718,0,
0.751334596177028,0.188255915863278,0.339705296694544,0.383934649421375,0.336497626779915,0,
0.360771482693301,0.649079754601227,0.245519713261649,0.471976401179941,0.27554334249313,0,
0.351472360943689,0.499561787905346,0.259657506969335,0.443385523031541,0.28828378715963,0,
0.452040640606165,0.636283961437336,0.281760254878534,0.326072157930565,0.299775168623532,0,
0.820905803340796,0.306047326906223,0.339705296694544,0.377808032675289,0.307269547839121,0,
0.7472016531772,0.48851884312007,0.312624452409399,0.51168595416383,0.258306270297277,0,
0.488720509729637,0.611744084136722,0.28673835125448,0.417971409121852,0.273544841368973,0,
0.615980712932667,0.619106047326906,0.266626841895659,0.402087587928296,0.291781164126905,0,
0.511623902187016,0.637686240140228,0.295898048586221,0.324256864079873,0.370971771171621,0,
0.332874117444464,0.37703768624014,0.804659498207885,0.201270705695484,0.417686734948788,0,
0.356121921818495,0.530236634531113,0.524293110314616,0.443158611300204,0.32075943042718,0,
0.515240227311865,0.415600350569676,0.290521704500199,0.389153619242115,0.32075943042718,0,
0.321336318236611,0.335845749342682,0.479888490641179,0.830496936691627,0.128653509867599,0,
0.335629412777682,0.419456617002629,0.831939466348068,0.179260267755843,0.32075943042718,0,
0.554158773893577,0.479929886064855,0.317204301075269,0.389380530973451,0.300774419185611,0,
0.500086102979163,0.558457493426819,0.457586618876941,0.504197867029725,0.48713464901324,0,
0.741518856552437,0.449605609114812,0.437275985663082,0.55593374177445,0.268298775918061,0,
0.341140003444119,0.384574934268186,0.745917960971724,0.239618788291355,0.32075943042718,0,
0.516962286895126,0.651358457493427,0.292114695340502,0.322668481960517,0.376967274544092,0,
0.401756500774927,0.528834355828221,0.455595380326563,0.31926480599047,0.294279290532101,0,
0.358016187360083,0.73216476774759,0.509358821186778,0.485137281597459,0.603547339495379,0,
0.40967797485793,0.667659947414549,0.249502190362405,0.309280689811663,0.292030976767424,0,
0.507663165145514,0.75863277826468,0.277379530067702,0.319945541184479,0.28878341244067,0,
0.485276390563113,0.675723049956179,0.293906810035842,0.324483775811209,0.367974019485386,0,
0.332013087652833,0.417353198948291,0.424532058940661,0.467438166553211,0.457157132150887,0,
0.671258825555364,0.322348816827344,0.384707287933094,0.380304061719991,0.308768423682238,0,
0.35457206819356,0.33794916739702,0.703902827558742,0.569321533923304,0.551836122907819,0,
0.33166867573618,0.374057843996494,0.790521704500199,0.199228500113456,0.419435423432426,0,
0.816772860340968,0.17703768624014,0.392871365989646,0.342409802586794,0.30751936047964,0,
0.348372653693818,0.463102541630149,0.971923536439665,0.169503063308373,0.210841868598551,0,
0.367487515068021,0.677651183172656,0.634607726005575,0.273882459723168,0.272545590806895,0,
0.340795591527467,0.444522348816827,0.870171246515333,0.183571590651237,0.226580064951287,0,
0.311176166695368,0.283085013146363,0.451214655515731,0.757658270932607,0.635523357481889,0,
0.327019114861374,0.411393514460999,0.553763440860215,0.621057408668028,0.32075943042718,0,
0.453934906147753,0.625065731814198,0.517921146953405,0.600181529385069,0.423432425680739,0,
0.408300327191321,0.502191060473269,0.296495420151334,0.402087587928296,0.28853359980015,0,
0.417771654899259,0.706047326906223,0.58821186778176,0.453142727479011,0.274793904571571,0,
0.360082658859997,0.541454864154251,0.693548387096774,0.257090991604266,0.32075943042718,0,
0.5167900809368,0.686765994741455,0.28036638789327,0.302927161334241,0.249313015238571,0,
0.893576717754434,0.2988606485539,0.338709677419355,0.34331744951214,0.308518611041719,0,
0.308248665403823,0.289395267309378,0.419952210274791,0.464942137508509,0.223082687984012,0,
0.665231617013949,0.385977212971078,0.437873357228196,0.337190832766054,0.305770671996003,0,
0.391596349233683,0.679404031551271,0.248705694942254,0.419559791241207,0.37796652510617,0,
0.404167384191493,0.31726555652936,0.517522899243329,0.79260267755843,0.171121658755933,0,
0.45135181677286,0.385451358457493,0.327558741537236,0.340140685273429,0.302023482388209,0,
0.439641811606682,0.370376862401402,0.324173636001593,0.343998184706149,0.336247814139395,0,
0.768899603926296,0.410517090271691,0.464356829948228,0.482641252552757,0.41693729702723,0,
0.36576545548476,0.667309377738826,0.638988450816408,0.446789199001588,0.272295778166375,0,
0.806096090924746,0.325679228746713,0.336320191158901,0.337644656228727,0.306270297277042,0,
0.359566040985018,0.382471516213848,0.867383512544803,0.214431586113002,0.184361728703472,0,
0.374031341484415,0.400175284837862,0.678215850258861,0.277966870887225,0.277541843617287,0,
0.356294127776821,0.534618755477651,0.640979689366786,0.244837758112094,0.25031226580065,0,
0.354055450318581,0.381069237510955,0,0.253460403902882,0.247314514114414,0,
0.306354399862235,0.297808939526731,0.428912783751493,0.467665078284547,0.470147389457907,0,
0.656276907180988,0.390534618755478,0.436877737953007,0.419559791241207,0.449412940294779,0,
0.275012915446874,0.3954425942156,0.713859020310633,0.572725209893352,0.214838870846865,0,
0.397795763733425,0.726906222611744,0.535444046196734,0.286816428409349,0.563327504371721,0,
0.632512484931979,0.492375109553024,0.299482277976902,0.409121851599728,0.295528353734699,0,
0.681246771138281,0.321647677475898,0.340501792114695,0.343771272974813,0.309268048963278,0,
0.329946616152919,0.51375985977213,0.764834727200319,0.534150215566145,0.499375468398701,0,
0.354227656276907,0.52410166520596,0.470728793309438,0.314272747901066,0.291031726205346,0,
0.46168417427243,0.630148992112182,0.295898048586221,0.401633764465623,0.280539595303522,0,
0.273979679696918,0.420333041191937,0.75089605734767,0.217381438620377,0.223082687984012,0,
0.35095574306871,0.30920245398773,0.70310633213859,0.647832992965736,0.566575068698476,0,
0.377992078525917,0.618580192813322,0.287335722819594,0.323349217154527,0.298775918061454,0,
0.341484415360771,0.409290096406661,0.800079649542015,0.155661447696846,0.32075943042718,0,
0.256414671947649,0.14250657318142,0.482078853046595,0.600408441116406,0.32075943042718,0,
0.305148958153952,0.428220858895706,0.306849860613301,0.500340367597005,0.260054958780914,0,
0.393318408816945,0.733917616126205,0.518319394663481,0.595870206489675,0.226080439670247,0,
0.306698811778888,0.286765994741455,0.451612903225806,0.200589970501475,0.776417686734949,0,
0.902703633545721,0.331113058720421,0.445240939864596,0.336963921034717,0.307019735198601,0,
0.314448079903565,0.375284837861525,0.620270808442851,0.742682096664397,0.32075943042718,0,
0.318064405028414,0.354601226993865,0.711668657905217,0.358747447243022,0.32075943042718,0,
0.771654899259514,0.395968448729185,0.422739944245321,0.398910823689585,0.276542593055209,0,
0.335801618736008,0.292900964066608,0.50457984866587,0.848422963467211,0.32075943042718,0,
0.459101084897537,0.632778264680105,0.485862206292314,0.689130928068981,0.213090182363228,0,
0.600998794558292,0.496406660823839,0.320589406610912,0.332652598139324,0.342742942792905,0,
0.430687101773721,0.736371603856267,0.578255675029869,0.277286135693215,0.32075943042718,0,
0.368176338901326,0.310078878177038,0.594782954998009,0.621284320399365,0.523857107169623,0,
0.649560874806268,0.279579316389132,0.341099163679809,0.37712729748128,0.300274793904572,0,
0.649905286722921,0.434005258545136,0.461170848267622,0.435670524166099,0.287284536597552,0,
0.416221801274324,0.572129710780018,0.554759060135404,0.300431132289539,0.372970272295778,0,
0.315481315653522,0.309027169149869,0.462763839107925,0.576809621057409,0.540844366724956,0,
0.340795591527467,0.561963190184049,0.73257666268419,0.223281143635126,0.32075943042718,0,
0.332874117444464,0.503593339176161,0.6415770609319,0.521216246879964,0.215338496127904,0,
0.417943860857586,0.698334794040316,0.593986459577857,0.453369639210347,0.273295028728454,0,
0.334940588944377,0.494653812445224,0.670250896057348,0.521670070342637,0.220834374219335,0,
0.648011021181333,0.361262050832603,0.426125049780964,0.469480372135239,0.209093180114914,0,
0.664198381263992,0.615249780893953,0.291915571485464,0.332652598139324,0.302523107669248,0,
0.486826244188049,0.627695004382121,0.303464755077658,0.397776265032902,0.280789407944042,0,
0.324263819528156,0.431726555652936,0.703703703703704,0.241434082142047,0.32075943042718,0,
0.346133976235578,0.420858895705521,0.855635205097571,0.617199909235307,0.204096927304522,0,
0.52264508351989,0.330587204206836,0.392672242134608,0.390288177898797,0.267299525355983,0,
0.460306526605821,0.638737949167397,0.271405814416567,0.688223281143635,0.219835123657257,0,
0.464956087480627,0.547239263803681,0.432696136997212,0.413660086226458,0.279790157381964,0,
0.328052350611331,0.454513584574934,0.757467144563919,0.160426594054913,0.32075943042718,0,
0.310659548820389,0.31375985977213,0.572481083233771,0.88359428182437,0.32075943042718,0,
0.382986051317376,0.61489921121823,0.262246117084827,0.433401406852734,0.32075943042718,0,
0.325813673153091,0.512007011393514,0.823775388291517,0.201270705695484,0.32075943042718,0,
0.486654038229723,0.336196319018405,0.428116288331342,0.412298615838439,0.276792405695728,0,
0.729981057344584,0.451183172655565,0.31063321385902,0.391876560018153,0.387959030726955,0,
0.328913380402962,0.442068361086766,0.74173636001593,0.232357612888586,0.32075943042718,0,
0.606853797141381,0.337248028045574,0.397451214655516,0.385296119809394,0.350986759930052,0,
0.400378853108318,0.732515337423313,0.25089605734767,0.293169956886771,0.276792405695728,0,
0.425865334940589,0.593865030674847,0.294504181600956,0.318130247333787,0.292030976767424,0,
0.563974513518168,0.51726555652936,0.517921146953405,0.449058316314954,0.419185610791906,0,
0.838298605131738,0.359158632778265,0.41816009557945,0.312230542319038,0.46789907569323,0,
0.177716548992595,0.108326029798422,0.285145360414178,0.326299069661902,0.298526105420934,0,
0.748751506802135,0.344434706397897,0.333930704898447,0.376900385749943,0.312015988008993,0,
0.593421732391941,0.514460999123576,0.311827956989247,0.330837304288632,0.303022732950287,0,
0.326674702944722,0.382997370727432,0.746117084826762,0.678692988427502,0.200849362977767,0,
0.350094713277079,0.720946538124452,0.266228594185583,0.316088041751759,0.368473644766425,0,
0.909247459962115,0.31954425942156,0.428116288331342,0.436805082822782,0.291031726205346,0,
0.84535904942311,0.371078001752848,0.411190760653126,0.518266394372589,0.250811891081689,0,
0.437575340106768,0.535144609991236,0.463361210673039,0.428182437031995,0.24356732450662,0,
0.26175305665576,0.176161262050833,0.242731979291119,0.597004765146358,0.32075943042718,0,
0.362493542276563,0.768273444347064,0.24173636001593,0.289766280916723,0.253060204846365,0,
0.484931978646461,0.582997370727432,0.28036638789327,0.314953483095076,0.264551586310267,0,
0.331496469777854,0.421034180543383,0.834328952608522,0.192194236442024,0.32075943042718,0,
0.361115894609953,0.402103418054338,0.869175627240143,0.179487179487179,0.237571821134149,0,
0.628035130015498,0.406134969325153,0.399044205495818,0.390515089630134,0.354484136897327,0,
0.42087136214913,0.496406660823839,0.544006371963361,0.457907873837077,0.37846615038721,0,
0.472016531771999,0.518492550394391,0.463560334528076,0.435897435897436,0.255058705970522,0,
0.636645427931806,0.637335670464505,0.281959378733572,0.428863172226004,0.453909567824132,0,
0.315481315653522,0.511130587204207,0.564516129032258,0.514181983208532,0.32075943042718,0,
0.312726020320303,0.317616126205083,0.545599362803664,0.738370773769004,0.32075943042718,0,
0.350783537110384,0.549868536371604,0.658900836320191,0.265713637395053,0.2560579565326,0,
0.395557086275185,0.682208588957055,0.262246117084827,0.299523485364193,0.280289782663003,0,
0.478560358188393,0.591586327782647,0.275587415372362,0.693442250964375,0.207094678990757,0,
0.427587394523851,0.771779141104295,0.278574273197929,0.427728613569322,0.420434673994504,0,
0.427415188565524,0.544259421560035,0.277379530067702,0.322895393691854,0.347739195603298,0,
0.397451351816773,0.728483786152498,0.275985663082437,0.41479464488314,0.267549337996503,0,
0.347167211985535,0.409290096406661,0.730187176423736,0.236215112321307,0.244566575068699,0,
0.332185293611159,0.675547765118317,0.247510951812027,0.414567733151804,0.361229078191356,0,
0.437575340106768,0.613672217353199,0.265830346475508,0.405491263898344,0.32075943042718,0,
0.310659548820389,0.398247151621385,0.449024293110315,0.53641933287951,0.593305021234074,0,
0.308937489237128,0.321647677475898,0.583432895260852,0.828681642840935,0.123657257057207,0,
0.727570173928018,0.34601226993865,0.437674233373158,0.43952802359882,0.432675493379965,0,
0.443085930773205,0.712883435582822,0.527678215850259,0.296346721125482,0.283537346989758,0,
0.724642672636473,0.484312007011393,0.45957785742732,0.394599500794191,0.395453409942543,0,
0.264336146030653,0.0718667835232252,0.798486658701712,0.16451100521897,0.191856107919061,0,
0.393662820733597,0.654688869412796,0.239545997610514,0.298162014976174,0.279290532100924,0,
0.763389013259859,0.319018404907975,0.339904420549582,0.377354209212616,0.310517112165876,0,
0.3903909075254,0.552322524101665,0.589008363201912,0.437485818016791,0.32075943042718,0,
0.314792491820217,0.320245398773006,0.448227797690163,0.591558883594282,0.578316262802898,0,
0.362493542276563,0.618930762489045,0.535045798486659,0.46811890174722,0.588558581064202,0,
0.313414844153608,0.287116564417178,0.447829549980088,0.771272974812798,0.620784411691232,0,
0.486481832271397,0.515863277826468,0.290720828355237,0.327433628318584,0.32075943042718,0,
0.733597382469433,0.484837861524978,0.433890880127439,0.447469934195598,0.401698725955533,0,
0.638884105390046,0.620508326029798,0.259657506969335,0.460857726344452,0.391956032975269,0,
0.6208024797658,0.317966695880806,0.337714058144166,0.376673474018607,0.338745940544592,0,
0.470811090063716,0.414723926380368,0.414177618478694,0.403675970047651,0.298276292780415,0,
0.696056483554331,0.548992112182296,0.297291915571485,0.601089176310415,0.251811141643767,0,
0.409333562941278,0.556529360210342,0.27757865392274,0.433401406852734,0.231576317761679,0,
0.769071809884622,0.287817703768624,0.595181202708084,0.289766280916723,0.387959030726955,0,
0.455312553814362,0.453111305872042,0.424332935085623,0.334014068527343,0.338745940544592,0,
0.11296710866196,0.508150744960561,0.17921146953405,0.266621284320399,0.32075943042718,0,
0.282589977613225,0.29307624890447,0.478693747510952,0.211708645336964,0.0094928803397452,0,
0.806096090924746,0.290972830850131,0.394464356829948,0.342182890855457,0.334748938296278,0,
0.583261580850697,0.568098159509203,0.300278773397053,0.325164511005219,0.295528353734699,0,
0.786292405717238,0.195267309377739,0.396057347670251,0.381438620376673,0.297277042218336,0,
0.339245737902531,0.46327782646801,0.736559139784946,0.194690265486726,0.224831376467649,0,
0.316858963320131,0.294127957931639,0.475109518120271,0.484002722940776,0.626030477142143,0,
0.313587050111934,0.279579316389132,0.455993628036639,0.220104379396415,0.0579565326005496,0,
0.749956948510419,0.333742331288344,0.405017921146953,0.548218742909008,0.227329502872845,0,
0.353022214568624,0.432427695004382,0.612305854241338,0.53188109825278,0.268048963277542,0,
0.385741346650594,0.721121822962314,0.230187176423736,0.303834808259587,0.281538845865601,0,
0.468055794730498,0.367572304995618,0.33910792512943,0.375765827093261,0.340994254309268,0,
0.264508351988979,0.493777388255916,0.747510951812027,0.517358747447243,0.32075943042718,0,
0.332185293611159,0.648904469763365,0.587017124651533,0.248014522350806,0.265051211591307,0,
0.340451179610815,0.385451358457493,0.744922341696535,0.669843430905378,0.208593554833875,0,
0.323919407611503,0.43102541630149,0.768817204301075,0.231676877694577,0.32075943042718,0,
0.728603409677975,0.300438212094654,0.490442054958184,0.589970501474926,0.236572570572071,0,
0.388324436025486,0.527256792287467,0.254281162883313,0.304742455184933,0.277292030976767,0,
0.543482004477355,0.715512708150745,0.280167264038232,0.428863172226004,0.420184861353984,0,
0.366282073359738,0.503067484662577,0.477698128235763,0.314953483095076,0.290032475643268,0,
0.479421387980024,0.530061349693252,0.303663878932696,0.400726117540277,0.295278541094179,0,
0.423971069399001,0.480280455740578,0.462564715252887,0.402995234853642,0.300524606545091,0,
0.334251765111073,0.322173531989483,0.49542015133413,0.874290900839573,0.106170372220834,0,
0.652488376097813,0.35056967572305,0.39247311827957,0.402768323122305,0.286285286035473,0,
0.373686929567763,0.511831726555653,0.709478295499801,0.234853641933288,0.264051961029228,0,
0.547959359393835,0.623488168273444,0.253484667463162,0.311322895393692,0.291531351486385,0,
0.386085758567246,0.780543382997371,0.252090800477897,0.586566825504879,0.253310017486885,0,
0.331840881694507,0.34022787028922,0.690760653126244,0.0821420467438166,0.215838121408943,0,
0.345272946443947,0.573181419807187,0.712863401035444,0.522350805536646,0.233325006245316,0,
0.542965386602376,0.609465381244522,0.250298685782557,0.317449512139778,0.294029477891581,0,
0.530910969519545,0.46432953549518,0.432297889287137,0.334014068527343,0.355733200099925,0,
0.375408989151025,0.415249780893953,0.744125846276384,0.258452461992285,0.265550836872346,0,
0.348889271568796,0.60578439964943,0.256073277578654,0.438847288404811,0.32075943042718,0,
0.374203547442741,0.507800175284838,0.280764635603345,0.427955525300658,0.296027979015738,0,
0.333218529361116,0.338650306748466,0.483074472321784,0.722486952575448,0.610791906070447,0,
0.36352677802652,0.510780017528484,0.64336917562724,0.491490810074881,0.201099175618286,0,
0.648355433097985,0.355828220858896,0.332536837913182,0.340821420467438,0.331001748688484,0,
0.56431892543482,0.517616126205083,0.518319394663481,0.44928522804629,0.419185610791906,0,
0.332874117444464,0.545311130587204,0.675228992433293,0.507601542999773,0.244066949787659,0,
0.355605303943516,0.573707274320771,0.307447232178415,0.327660540049921,0.298026480139895,0,
0.619597038057517,0.346713409290096,0.39426523297491,0.404810528704334,0.289782663002748,0,
0.306354399862235,0.280631025416301,0.443249701314217,0.621284320399365,0.729952535598301,0,
0.434131220940244,0.580368098159509,0.282357626443648,0.325391422736555,0.360479640269798,0,
0.496814189770966,0.809114811568799,0.249303066507368,0.476060812343998,0.251311516362728,0,
0.419665920440847,0.756529360210342,0.555754679410593,0.279101429543907,0.372720459655259,0,
0.313242638195282,0.344609991235758,0.46873755475906,0.483321987746766,0.885585810642018,0,
0.517134492853453,0.557230499561788,0.290521704500199,0.450873610165646,0.665251061703722,0,
0.783881522300671,0.301489921121823,0.34010354440462,0.383707737690039,0.345490881838621,0,
0.761666953676597,0.334794040315513,0.419553962564715,0.34263671431813,0.342992755433425,0,
0.322369553986568,0.399649430324277,0.771405814416567,0.182437031994554,0.177866600049963,0,
0.33166867573618,0.356003505696757,0.506172839506173,0.753800771499887,0.32075943042718,0,
0.411055622524539,0.642769500438212,0.490641178813222,0.450419786702973,0.219335498376218,0,
0.408816945066299,0.635758106923751,0.556352050975707,0.430224642614023,0.280539595303522,0,
0.896332013087653,0.423488168273444,0.429510155316607,0.425913319718629,0.352235823132651,0,
0.313242638195282,0.31726555652936,0.488251692552768,0.842523258452462,0.156132900324756,0,
0.68176338901326,0.499035933391762,0.310434090003982,0.325845246199229,0.300774419185611,0,
0.344411916652316,0.477300613496932,0.693747510951812,0.254594962559564,0.267299525355983,0,
0.889788186671259,0.176687116564417,0.444245320589407,0.450646698434309,0.293030227329503,0,
0.677974857930084,0.458369851007888,0.452608522500996,0.45904243249376,0.263302523107669,0,
0.786809023592216,0.421384750219106,0.467144563918757,0.472203312911277,0.287284536597552,0,
0.444807990356466,0.327782646801052,0.616885702907208,0.859995461765373,0.49337996502623,0,
0.677802651971758,0.458369851007888,0.452608522500996,0.45904243249376,0.263302523107669,0,
0.508179783020492,0.398071866783523,0.327160493827161,0.379850238257318,0.32075943042718,0,
0.385741346650594,0.783698510078878,0.230585424133811,0.299523485364193,0.32075943042718,0,
0.716893404511796,0.411218229623138,0.333731581043409,0.384388472884048,0.340744441668748,0,
0.541587738935767,0.472217353198948,0.306252489048188,0.331064216019968,0.347489382962778,0,
0.338212502152574,0.33444347063979,0.530266825965751,0.228273201724529,0.812140894329253,0,
0.691234716721199,0.350744960560911,0.344882516925528,0.345359655094168,0.332750437172121,0,
0.339245737902531,0.440140227870289,0.824970131421744,0.220558202859088,0.32075943042718,0,
0.667642500430515,0.47361963190184,0.321585025886101,0.339913773542092,0.342493130152386,0,
0.360082658859997,0.740403155127082,0.245519713261649,0.442931699568868,0.558830876842368,0,
0.38952987773377,0.76546888694128,0.235364396654719,0.298615838438847,0.273794654009493,0,
0.309970724987085,0.303593339176161,0.478494623655914,0.551395507147719,0.555333499875094,0,
0.0180816256242466,0.351621384750219,0.325567502986858,0.329929657363286,0.297776667499375,0,
0.746857241260548,0.317090271691499,0.398645957785743,0.388926707510778,0.308268798401199,0,
0.652488376097813,0.350394390885188,0.343090402230187,0.37644656228727,0.336997252060954,0,
0.321164112278285,0.461700262927257,0.594782954998009,0.48377581120944,0.268048963277542,0,
0.576028930600999,0.332690622261174,0.816009557945042,0.227138643067847,0.265550836872346,0,
0.388496641983813,0.837510955302366,0.244125846276384,0.303154073065577,0.282538096427679,0,
0.405545031858102,0.588606485539001,0.684986061330147,0.270251872021783,0.273295028728454,0,
0.851730669881178,0.376862401402279,0.331342094782955,0.378261856137962,0.301773669747689,0,
0.541759944894093,0.47817703768624,0.307248108323377,0.331744951213978,0.350736947289533,0,
0.608920268641295,0.364241893076249,0.393269613699721,0.389153619242115,0.281289033225081,0,
0.336662648527639,0.78387379491674,0.262046993229789,0.647832992965736,0.22458156382713,0,
0.50335801618736,0.646801051709027,0.296097172441258,0.324029952348536,0.379465400949288,0,
0.251592905114517,0.0944785276073619,0.260055754679411,0.293623780349444,0.282787909068199,0,
0.659548820389185,0.454513584574934,0.44942254082039,0.468572725209893,0.511616287784162,0,
0.482865507146547,0.686765994741455,0.287335722819594,0.311549807125028,0.353984511616288,0,
0.347683829860513,0.594390885188431,0.610911987256073,0.47401860676197,0.254309268048963,0,
0.645083519889788,0.325854513584575,0.776981282357626,0.257771726798275,0.280539595303522,0,
0.345961770277252,0.627870289219982,0.5073675826364,0.426594054912639,0.263552335748189,0,
0.70415016359566,0.463628396143734,0.500597371565113,0.56569094622192,0.260804396702473,0,
0.35767177544343,0.32410166520596,0.724810832337714,0.674154753800772,0.225830627029728,0,
0.506629929395557,0.542681858019281,0.307048984468339,0.276605400499206,0.643017736697477,0,
0.680902359221629,0.493952673093777,0.541218637992832,0.500340367597005,0.274544091931052,0,
0.274496297571896,0.328659070990359,0.641178813221824,0.358747447243022,0.32075943042718,0,
0.390563113483726,0.669938650306748,0.662883313420948,0.248695257544815,0.32075943042718,0,
0.384363698983985,0.576687116564417,0.29231381919554,0.402087587928296,0.290282288283787,0,
0.262097468572413,0.563891323400526,0.758861011549184,0.211254821874291,0.260054958780914,0,
0.483554330979852,0.518317265556529,0.446634806849861,0.286135693215339,0.7694229328004,0,
0.315825727570174,0.351971954425942,0.687176423735564,0.587928295892898,0.460654509118161,0,
0.432409161356983,0.594390885188431,0.272600557546794,0.281143635125936,0.678241319010742,0,
0.45806784914758,0.357405784399649,0.33452807646356,0.379396414794645,0.305520859355483,0,
0.371103840192871,0.653461875547765,0.272003185981681,0.303834808259587,0.290032475643268,0,
0.690201480971242,0.470464504820333,0.311429709279172,0.403902881778988,0.297027229577817,0,
0.311864990528672,0.336021034180543,0.501194743130227,0.936010891763104,0.32075943042718,0,
0.426381952815567,0.621735319894829,0.2536837913182,0.314726571363739,0.356982263302523,0,
0.476666092646806,0.513234005258545,0.306650736758264,0.328795098706603,0.304271796152885,0,
0.355260892026864,0.368273444347064,0.846674631620868,0.716814159292035,0.190107419435423,0,
0.356121921818495,0.764241893076249,0.227598566308244,0.466757431359201,0.491131651261554,0,
0.283623213363182,0.989833479404032,0.266228594185583,0.303607896528251,0.280289782663003,0,
0.437058722231789,0.552497808939527,0.285543608124253,0.425913319718629,0.213339995003747,0,
0.657137936972619,0.318141980718668,0.383910792512943,0.380077149988654,0.308268798401199,0,
0.338556914069227,0.559333917616126,0.527080844285145,0.449739051508963,0.277292030976767,0,
0.355260892026864,0.712357581069238,0.28673835125448,0.316768776945768,0.362977766674994,0,
0.737385913552609,0.31498685363716,0.336718438868976,0.341502155661448,0.350487134649013,0,
0.431720337523678,0.594040315512708,0.261449621664675,0.316314953483095,0.292780414688983,0,
0.373514723609437,0.684312007011394,0.667064914376742,0.533696392103472,0.260554584061954,0,
0.618047184432581,0.409465381244522,0.458383114297093,0.441797140912185,0.276042967774169,0,
0.532460823144481,0.518667835232252,0.311429709279172,0.335602450646698,0.343242568073945,0,
0.726364732219735,0.3954425942156,0.452608522500996,0.570002269117313,0.430427179615289,0,
0.467883588772171,0.416652059596845,0.413978494623656,0.404583616972998,0.298526105420934,0,
0.320303082486654,0.452059596844873,0.630824372759857,0.457680962105741,0.276042967774169,0,
0.795247115550198,0.287817703768624,0.178614097968937,0.47401860676197,0.257556832375718,0,
0.704494575512313,0.344609991235758,0.341696535244922,0.388245972316769,0.30751936047964,0,
0.70552781126227,0.305521472392638,0.412783751493429,0.341048332198775,0.33949537846615,0,
0.523678319269847,0.438387379491674,0.306650736758264,0.336510097572044,0.33999500374719,0,
0.274496297571896,0.330061349693252,0.554360812425329,0.728159745858861,0.105171121658756,0,
0.353366626485276,0.584925503943909,0.484667463162087,0.429997730882687,0.287034723957032,0,
0.462200792147408,0.665907099035933,0.305455993628037,0.324937599273882,0.29502872845366,0,
0.499225073187532,0.446976336546889,0.817801672640382,0.252325845246199,0.274793904571571,0,
0.704838987428965,0.291498685363716,0.344285145360414,0.346721125482187,0.331501373969523,0,
0.35904942311004,0.450306748466258,0.527877339705297,0.281597458588609,0.437172120909318,0,
0.301016015154124,0.27361963190184,0.421545201115094,0.465169049239846,0.0479640269797652,0,
0.347339417943861,0.37353198948291,0.751692552767822,0.157930565010211,0.226330252310767,0,
0.672119855346995,0.298685363716039,0.344285145360414,0.373950533242569,0.332750437172121,0,
0.47063888410539,0.541454864154251,0.311628833134209,0.326979804855911,0.299775168623532,0,
0.332529705527811,0.460823838737949,0.632616487455197,0.251191286589517,0.261054209342993,0,
0.602893060099879,0.382120946538124,0.632417363600159,0.551622418879056,0.451911066699975,0,
0.491131393146203,0.594040315512708,0.52389486260454,0.651463580667121,0.228578566075443,0,
0.311348372653694,0.284837861524978,0.45679012345679,0.779441797140912,0.608543592305771,0,
0.740657826760806,0.306573181419807,0.334328952608522,0.340594508736102,0.350487134649013,0,
0.393146202858619,0.674846625766871,0.494026284348865,0.425686407987293,0.382213339995004,0,
0.429481660065438,0.322699386503067,0.611509358821187,0.841388699795779,0.157881588808394,0,
0.5055966936456,0.572655565293602,0.292114695340502,0.31858407079646,0.294029477891581,0,
0.693473394179439,0.610517090271692,0.30884109916368,0.326525981393238,0.299775168623532,0,
0.361632512484932,0.398247151621385,0.80147351652728,0.232357612888586,0.244316762428179,0,
0.366798691234717,0.337248028045574,0.566109119872561,0.908781484002723,0.13439920059955,0,
0.642672636473222,0.324452234881683,0.386499402628435,0.393238030406172,0.273045216087934,0,
0.51902875839504,0.60578439964943,0.275189167662286,0.457227138643068,0.575318511116662,0,
0.334596177027725,0.454338299737073,0.818797291915571,0.239845700022691,0.32075943042718,0,
0.902703633545721,0.174583698510079,0.331541218637993,0.376219650555934,0.336747439420435,0,
0.813673153091097,0.184750219106047,0.396853843090402,0.42001361470388,0.297027229577817,0,
0.323574995694851,0.424539877300613,0.728195937873357,0.242114817336056,0.32075943042718,0,
0.530049939727915,0.423312883435583,0.459378733572282,0.330156569094622,0.37796652510617,0,
0.384535904942311,0.607537248028046,0.488251692552768,0.413433174495121,0.295778166375219,0,
0.737213707594283,0.361437335670464,0.430904022301872,0.340594508736102,0.337496877341994,0,
0.34423971069399,0.496056091148116,0.909398645957786,0.215339233038348,0.32075943042718,0,
0.808679180299638,0.341104294478528,0.38968538430904,0.343544361243476,0.312765425930552,0,
0.307215429653866,0.304469763365469,0.527678215850259,0.511005218969821,0.440169872595553,0,
0.472016531771999,0.577563540753725,0.299084030266826,0.403222146584978,0.2178366225331,0,
0.666092646805579,0.502015775635408,0.530665073675826,0.519627864760608,0.272045965525856,0,
0.334423971069399,0.32988606485539,0.738749502190362,0.719537100068073,0.177866600049963,0,
0.887549509213019,0.342156003505697,0.557745917960972,0.305423190378943,0.298276292780415,0,
0.720854141553298,0.325854513584575,0.409597769812824,0.378488767869299,0.338496127904072,0,
0.681074565179955,0.428396143733567,0.445440063719634,0.460403902881779,0.25655758181364,0,
0.636817633890133,0.469062226117441,0.326164874551971,0.340594508736102,0.346739945041219,0,
0.415705183399346,0.460473269062226,0.718239745121466,0.229180848649875,0.26929802648014,0,
0.320647494403306,0.356178790534619,0.574074074074074,0.843203993646471,0.170372220834374,0,
0.485620802479766,0.512883435582822,0.464954201513341,0.433401406852734,0.252060954284287,0,
0.303082486654038,0.272042068361087,0.386698526483473,0.418652144315861,0.548588558581064,0,
0.74048562080248,0.345486415425066,0.407009159697332,0.388926707510778,0.291781164126905,0,
0.367143103151369,0.603155127081507,0.278176025487853,0.409575675062401,0.355733200099925,0,
0.361804718443258,0.0506573181419807,0.100756670649144,0.191740412979351,0.233325006245316,0,
0.541243327019115,0.574934268185802,0.502389486260454,0.485591105060132,0.32075943042718,1,
0.353538832443603,0.400175284837862,0.512146555157308,0.757658270932607,0.14089432925306,1,
0.431548131565352,0.447502191060473,0.737355635205098,0.595643294758339,0.500874344241819,1,
0.40072326502497,0.752673093777388,0.254082039028276,0.604265940549126,0.251061703722208,1,
0.366798691234717,0.415425065731814,0.600557546794106,0.879282958928977,0.590307269547839,1,
0.3159979335285,0.318667835232252,0.439466348068499,0.274790106648514,0.599550337247065,1,
0.355088686068538,0.302541630148992,0.685981680605336,0.681642840934876,0.488383712215838,1,
0.360427070776649,0.47817703768624,0.699123855037833,0.616746085772634,0.208093929552835,1,
0.309626313070432,0.286415425065732,0.445639187574671,0.595870206489675,0.220084936297777,1,
0.436197692440158,0.660473269062226,0.666666666666667,0.457680962105741,0.280289782663003,1,
0.3159979335285,0.307975460122699,0.449820788530466,0.304061719990924,0.32075943042718,1,
0.318581022903392,0.346888694127958,0.501393866985265,0.138869979577944,0.32075943042718,1,
0.340967797485793,0.383172655565294,0.783353245718837,0.66258225550261,0.613040219835124,1,
0.33304632340279,0.295530236634531,0.513540422142573,0.793737236215112,0.657007244566575,1,
0.311864990528672,0.311831726555653,0.477299880525687,0.714998865441343,0.543592305770672,1,
0.517478904770105,0.371954425942156,0.704500199123855,0.559337417744497,0.461154134399201,1,
0.3271913208197,0.366520595968449,0.540621266427718,0.640344905831632,0.12790407194604,1,
0.449801963147925,0.371078001752848,0.540820390282756,0.680054458815521,0.46140394703972,1,
0.335629412777682,0.401577563540754,0.778176025487853,0.601769911504425,0.32075943042718,1,
0.428620630273807,0.48045574057844,0.582039028275587,0.780122532334922,0.172620534599051,1,
0.319786464611676,0.345135845749343,0.454400637196336,0.531427274790107,0.32075943042718,1,
0.348028241777165,0.346187554776512,0.44026284348865,0.602677558429771,0.32075943042718,1,
0.348889271568796,0.312708150744961,0.73257666268419,0.722033129112775,0.690482138396203,1,
0.453762700189426,0.528483786152498,0.481083233771406,0.501021102791014,0.26904821383962,1,
0.38591355260892,0.381945661700263,0.772401433691756,0.253687315634218,0.415188608543592,1,
0.342689857069055,0.37703768624014,0.777379530067702,0.222146584978443,0.421184111916063,1,
0.370070604442914,0.642594215600351,0.630824372759857,0.678919900158838,0.232325755683238,1,
0.344411916652316,0.357931638913234,0.518518518518518,0.864987519854776,0.033974519110667,1,
0.499569485104185,0.522699386503067,0.582039028275587,0.462673020195144,0.265051211591307,1,
0.444291372481488,0.625591586327783,0.68199920350458,0.491944633537554,0.276292780414689,1,
0.428448424315481,0.690972830850132,0.574273197929112,0.506920807805764,0.456157881588808,1,
0.3271913208197,0.321297107800175,0.528872958980486,0.548672566371681,0.32075943042718,1,
0.328913380402962,0.31148115687993,0.511748307447232,0.573405945087361,0.32075943042718,1,
0.449629757189599,0.480280455740578,0.733771405814417,0.601769911504425,0.220834374219335,1,
0.44687446185638,0.330587204206836,0.626045400238949,0.681189017472203,0.699475393454909,1,
0.328741174444636,0.308501314636284,0.487056949422541,0.683004311322895,0.823382463152636,1,
0.32271396590322,0.397020157756354,0.465153325368379,0.607669616519174,0.542093429927554,1,
0.324091613569829,0.360736196319018,0.654719235364397,0.655547991831178,0.186610042468149,1,
0.323919407611503,0.358983347940403,0.467941059338909,0.538234626730202,0.32075943042718,1,
0.332185293611159,0.358457493426819,0.517921146953405,0.64306784660767,0.32075943042718,1,
0.412088858274496,0.34250657318142,0.505575467941059,0.83027002496029,0.179865101174119,1,
0.436369898398485,0.618580192813322,0.699920350457985,0.457680962105741,0.275293529852611,1,
0.500258308937489,0.359158632778265,0.902429311031462,0.22169276151577,0.261803647264552,1,
0.32633029102807,0.335495179666959,0.474512146555157,0.590424324937599,0.32075943042718,1,
0.340451179610815,0.373707274320771,0.622062923138192,0.503970955298389,0.32075943042718,1,
0.317719993111762,0.321998247151621,0.583831142970928,0.714091218515997,0.32075943042718,1,
0.30928190115378,0.308501314636284,0.488649940262843,0.834354436124348,0.0969273045216088,1,
0.401756500774927,0.373181419807187,0.807048984468339,0.209212616292262,0.32075943042718,1,
0.334940588944377,0.360035056967572,0.58641975308642,0.753346948037213,0.125655758181364,1,
0.347683829860513,0.437861524978089,0.553365193150139,0.774222827320172,0.12815388458656,1,
0.336318236610987,0.283786152497809,0.481282357626444,0.6476060812344,0.568823382463153,1,
0.3903909075254,0.38387379491674,0.757068896853843,0.246199228500113,0.424681488883337,1,
0.38952987773377,0.411042944785276,0.690959776981282,0.261175402768323,0.550087434424182,1,
0.345272946443947,0.397370727432077,0.688968538430904,0.13592012707057,0.716462653010242,1,
0.465300499397279,0.474145486415425,0.681202708084428,0.635579759473565,0.188108918311267,1,
0.370415016359566,0.603505696757231,0.271405814416567,0.447469934195598,0.436922308268798,1,
0.329946616152919,0.291498685363716,0.492831541218638,0.72952121624688,0.578066450162378,1,
0.474771827105218,0.571779141104295,0.6268418956591,0.251418198320853,0.275043717212091,1,
0.398828999483382,0.364592462751972,0.799880525686977,0.234853641933288,0.263302523107669,1,
0.310831754778715,0.336722173531989,0.427917164476304,0.175402768323122,0.32075943042718,1,
0.319614258653349,0.313935144609991,0.469135802469136,0.540503744043567,0.215088683487384,1,
0.391251937317031,0.46205083260298,0.654520111509359,0.798048559110506,0.195603297526855,1,
0.42087136214913,0.388431200701139,0.736957387495022,0.722033129112775,0.128903322508119,1,
0.405545031858102,0.417353198948291,0.636200716845878,0.194463353755389,0.76292780414689,1,
0.397279145858447,0.517966695880806,0.777777777777778,0.51622418879056,0.259055708218836,1,
0.32856896848631,0.340753724802805,0.491039426523298,0.73474018606762,0.32075943042718,1,
0.322197348028242,0.180368098159509,0.261648745519713,0.112775130474245,0.0721958531101674,1,
0.320130876528328,0.290271691498685,0.485862206292314,0.702064896755162,0.10267299525356,1,
0.446357843981402,0.337773882559159,0.639784946236559,0.6761969593828,0.668498626030477,1,
0.40967797485793,0.347589833479404,0.728395061728395,0.752893124574541,0.53235073694729,1,
0.363182366109867,0.293777388255916,0.727797690163281,0.60403902881779,0.133649762677992,1,
0.493370070604443,0.390885188431201,0.693747510951812,0.505786249149081,0.254808893330003,1,
0.261064232822456,0.317616126205083,0.229390681003584,0.13592012707057,0.32075943042718,1,
0.324091613569829,0.34022787028922,0.488251692552768,0.460630814613115,0.32075943042718,1,
0.442741518856552,0.401051709027169,0.65531660692951,0.615611527115952,0.655258556082938,1,
0.384363698983985,0.41840490797546,0.548187972919156,0.911277513047425,0.143892080939296,1,
0.337351472360944,0.383523225241017,0.51931501393867,0.821420467438167,0.32075943042718,1,
0.340967797485793,0.330762489044698,0.812425328554361,0.574086680281371,0.669497876592555,1,
0.420699156190804,0.470990359333918,0.208482676224612,0.617653732697981,0.24381713714714,1,
0.33080764594455,0.364767747589833,0.562325766626842,0.638983435443612,0.32075943042718,1,
0.364560013776477,0.331989482909728,0.54320987654321,0.629680054458815,0.32075943042718,1,
0.626140864473911,0.640666082383874,0.278972520908005,0.325164511005219,0.297526854858856,1,
0.343895298777338,0.342331288343558,0.894066109119873,0.579759473564783,0.451161628778416,1,
0.440330635439986,0.465907099035933,0.779569892473118,0.235080553664624,0.255058705970522,1,
0.370587222317892,0.365644171779141,0.467144563918757,0.603131381892444,0.566075443417437,1,
0.318753228861719,0.345135845749343,0.65252887295898,0.649421375085092,0.141893579815139,1,
0.32633029102807,0.382296231375986,0.69573874950219,0.535511685954164,0.439920059955034,1,
0.316858963320131,0.287291849255039,0.42552767821585,0.438393464942137,0.55108668498626,1,
0.348889271568796,0.355302366345311,0.486459577857427,0.78670297254368,0.0779415438421184,1,
0.462200792147408,0.600175284837862,0.611708482676225,0.535965509416837,0.263302523107669,1,
0.333907353194421,0.364592462751972,0.169454400637196,0.791468118901747,0.32075943042718,1,
0.350266919235405,0.385276073619632,0.54320987654321,0.559337417744497,0.516862353235074,1,
0.373686929567763,0.344259421560035,0.715850258861012,0.628545495802133,0.689482887834124,1,
0.339590149819184,0.376511831726556,0.694942254082039,0.560698888132516,0.226580064951287,1,
0.324780437403134,0.317966695880806,0.420549581839904,0.515997277059224,0.32075943042718,1,
0.32271396590322,0.35863277826468,0.580246913580247,0.709552983889267,0.175618286285286,1,
0.467194764938867,0.637861524978089,0.667861409796894,0.272294077603812,0.280289782663003,1,
0.371792664026175,0.356704645048203,0.592194344882517,0.702972543680508,0.193105171121659,1,
0.519545376270019,0.376336546888694,0.673636001592991,0.731109598366236,0.195103672245816,1,
0.337007060444291,0.301314636283961,0.516328156113102,0.577944179714091,0.517112165875593,1,
0.445841226106423,0.421209465381245,0.818797291915571,0.537100068073519,0.226080439670247,1,
0.316858963320131,0.370026292725679,0.431700517722023,0.487179487179487,0.32075943042718,1,
0.255381436197692,0.371603856266433,0.259657506969335,0.717948717948718,0.128903322508119,1,
0.343550886860685,0.401928133216477,0.673636001592991,0.254821874290901,0.420684486635024,1,
0.451179610814534,0.433128834355828,0.795499800876145,0.534830950760154,0.438421184111916,1,
0.328396762527983,0.286765994741455,0.488450816407806,0.766280916723394,0.649512865350987,1,
0.340967797485793,0.329535495179667,0.5073675826364,0.796006353528477,0.125156132900325,1,
0.372825899776132,0.385276073619632,0.699322978892871,0.530746539596097,0.242568073944542,1,
0.356638539693473,0.665907099035933,0.795898048586221,0.26140231449966,0.273295028728454,1,
0.330635439986223,0.32638036809816,0.49542015133413,0.664624461084638,0.32075943042718,1,
0.33304632340279,0.333567046450482,0.505973715651135,0.573179033356024,0.0686984761428929,1,
0.471672119855347,0.630674846625767,0.70131421744325,0.27501701837985,0.278790906819885,1,
0.345272946443947,0.416301489921122,0.600358422939068,0.660086226457908,0.0786909817636773,1,
0.426037540898915,0.415249780893953,0.774392672242134,0.210800998411618,0.519860104921309,1,
0.374375753401068,0.42418930762489,0.629032258064516,0.51690492398457,0.226829877591806,1,
0.516617874978474,0.474496056091148,0.723616089207487,0.240299523485364,0.273544841368973,1,
0.323574995694851,0.386503067484663,0.501991238550378,0.706149307919219,0.32075943042718,1,
0.344756328568968,0.33444347063979,0.767622461170848,0.613342409802587,0.672495628278791,1,
0.400034441191665,0.340052585451358,0.644563918757467,0.499432720671659,0.447414439170622,1,
0.389185465817117,0.421034180543383,0.545201115093588,0.754481506693896,0.737696727454409,1,
0.346995006027209,0.441016652059597,0.866786140979689,0.213977762650329,0.191606295278541,1,
0.390046495608748,0.437160385626643,0.672043010752688,0.241660993873383,0.691231576317762,1,
0.416910625107629,0.49079754601227,0.74352847471127,0.528023598820059,0.645016237821634,1,
0.521267435853281,0.483786152497809,0.779569892473118,0.264579078738371,0.278790906819885,1,
0.344584122610642,0.326906222611744,0.472720031859817,0.651463580667121,0.32075943042718,1,
0.410711210607887,0.788606485539001,0.250497809637595,0.500113455865668,0.418186360229828,1,
0.469605648355433,0.376336546888694,0.577459179609717,0.600181529385069,0.437921558830877,1,
0.325813673153091,0.342857142857143,0.565909996017523,0.518493306103926,0.620534599050712,1,
0.335629412777682,0.299386503067485,0.506172839506173,0.55593374177445,0.497626779915064,1,
0.317892199070088,0.325854513584575,0.535444046196734,0.667347401860676,0.199100674494129,1,
0.348544859652144,0.357405784399649,0.510553564317005,0.792148854095757,0.0939295528353735,1,
0.314620285861891,0.36091148115688,0.433890880127439,0.639210347174949,0.32075943042718,1,
0.32633029102807,0.306047326906223,0.741338112305854,0.641933287950987,0.687984011991007,1,
0.388496641983813,0.588431200701139,0.530465949820788,0.298842750170184,0.25655758181364,1,
0.355777509901843,0.459070990359334,0.540223018717642,0.544588155207624,0.431676242817887,1,
0.254520406406062,0.133567046450482,0.204101951413779,0.147492625368732,0.219085685735698,1,
0.269330118822111,0.163014899211218,0.502986857825567,0.190152030859995,0.684486635023732,1,
0.431720337523678,0.61262050832603,0.505177220230984,0.549353301565691,0.465650761928554,1,
0.339417943860858,0.37475898334794,0.544802867383512,0.840254141139097,0.32075943042718,1,
0.319097640778371,0.329009640666082,0.584428514536041,0.81143635125936,0.108168873344991,1,
0.34647838815223,0.346187554776512,0.435483870967742,0.613569321533923,0.479140644516613,1,
0.451179610814534,0.57125328659071,0.783751493428913,0.257090991604266,0.273544841368973,1,
0.352161184776993,0.395793163891323,0.619275189167662,0.596097118221012,0.415938046465151,1,
0.354055450318581,0.374057843996494,0.663281561131023,0.710914454277286,0.0694479140644517,1,
0.389702083692096,0.437160385626643,0.711867781760255,0.246653051962786,0.263552335748189,1,
0.383158257275702,0.503067484662577,0.727399442453206,0.749943272067166,0.201099175618286,1,
0.399690029275013,0.308501314636284,0.673038630027877,0.521896982073973,0.500374718960779,1,
0.3903909075254,0.350219106047327,0.701911589008363,0.638529611980939,0.721458905820634,1,
0.329602204236267,0.321647677475898,0.488649940262843,0.569094622191967,0.32075943042718,1,
0.373514723609437,0.328659070990359,0.700318598168061,0.658044020875879,0.717212090931801,1,
0.330979851902876,0.308501314636284,0.499203504579849,0.75425459496256,0.32075943042718,1,
0.375925607026003,0.394916739702016,0.67463162086818,0.512820512820513,0.235823132650512,1,
0.45135181677286,0.526730937773883,0.474313022700119,0.510324483775811,0.32075943042718,1,
0.335801618736008,0.388781770376862,0.54042214257268,0.88359428182437,0.32075943042718,1,
0.365248837609781,0.42068361086766,0.728992433293508,0.60857726344452,0.32075943042718,1,
0.395557086275185,0.431200701139351,0.740541616885703,0.22237349670978,0.26305271046715,1,
0.427931806440503,0.727081507449606,0.608721624850657,0.517358747447243,0.412440669497877,1,
0.32633029102807,0.312182296231376,0.515929908403027,0.520535511685954,0.500624531601299,1,
0.431031513690374,0.302015775635407,0.768219832735962,0.236215112321307,0.445665750686985,1,
