541,5,2,
0.419665920440847,0.78965819456617,0.215452011150936,0.457907873837077,0.367224581563827,0,
0.3271913208197,0.331638913234005,0.562126642771804,0.803040617199909,0.169622782912815,0,
0.404684002066471,0.741454864154251,0.211071286340104,0.290447016110733,0.282538096427679,0,
0.659721026347512,0.325153374233129,0.389088012743927,0.375085091899251,0.335748188858356,0,
0.648355433097985,0.323575810692375,0.34010354440462,0.390515089630134,0.301773669747689,0,
0.80816256242466,0.300087642418931,0.611509358821187,0.290447016110733,0.291281538845866,0,
0.311348372653694,0.286064855390009,0.439864595778574,0.20807805763558,0.0669497876592556,0,
0.336662648527639,0.482909728308501,0.656511350059737,0.47787610619469,0.270047464401699,0,
0.923023936628207,0.306748466257669,0.434090003982477,0.440889493986839,0.293280039970022,0,
0.365248837609781,0.511130587204207,0.478096375945838,0.307465395960971,0.292530602048464,0,
0.339417943860858,0.667484662576687,0.266427718040621,0.429543907420014,0.285785660754434,0,
0.889615980712933,0.316914986853637,0.336320191158901,0.383480825958702,0.33999500374719,0,
0.72567590838643,0.190885188431201,0.383512544802867,0.378942591331972,0.343242568073945,0,
0.355605303943516,0.514285714285714,0.632616487455197,0.253914227365555,0.32075943042718,0,
0.305321164112278,0.295179666958808,0.427518916766229,0.466984343090538,0.32075943042718,0,
0.78887549509213,0.38965819456617,0.461569095977698,0.466530519627865,0.292530602048464,0,
0.434820044773549,0.378790534618756,0.401234567901235,0.377581120943953,0.341993504871347,0,
0.572584811434476,0.519368974583699,0.440461967343688,0.32834127524393,0.351986010492131,0,
0.349578095402101,0.444522348816827,0.888092393468737,0.19310188336737,0.32075943042718,0,
0.648011021181333,0.296231375985977,0.344882516925528,0.379169503063308,0.30776917312016,0,
0.715687962803513,0.401577563540754,0.499601752289924,0.551395507147719,0.25655758181364,0,
0.338556914069227,0.336546888694128,0.529271206690561,0.229634672112548,0.809392955283537,0,
0.684518684346478,0.353549517966696,0.385702907208284,0.382119355570683,0.338745940544592,0,
0.35904942311004,0.602629272567923,0.280565511748307,0.407306557749036,0.28878341244067,0,
0.712416049595316,0.411042944785276,0.307048984468339,0.400045382346267,0.370721958531102,0,
0.714826933011882,0.195617879053462,0.40720828355237,0.396414794644883,0.305271046714964,0,
0.61856380230756,0.501665205959684,0.287534846674632,0.400953029271613,0.289283037721709,0,
0.581539521267436,0.454513584574934,0.46694544006372,0.448150669389607,0.26929802648014,0,
0.41639400723265,0.634005258545136,0.300079649542015,0.323576128885863,0.350736947289533,0,
0.337179266402618,0.474320771253287,0.738351254480287,0.540049920580894,0.32075943042718,0,
0.556569657310143,0.479929886064855,0.45400238948626,0.422282732017245,0.28203847114664,0,
0.788358877217152,0.292375109553024,0.417562724014337,0.392330383480826,0.301773669747689,0,
0.516273463061822,0.632953549517967,0.298287534846675,0.325391422736555,0.368223832125906,0,
0.819011537799208,0.332865907099036,0.573078454798885,0.309053778080327,0.297526854858856,0,
0.696917513345962,0.395267309377739,0.445240939864596,0.334240980258679,0.304521608793405,0,
0.329257792319614,0.347589833479404,0.543608124253286,0.694803721352394,0.32075943042718,0,
0.33304632340279,0.488343558282209,0.770808442851454,0.589289766280917,0.616287784161879,0,
0.373859135526089,0.696932515337423,0.246117084826762,0.690719310188337,0.199350487134649,0,
0.334940588944377,0.605083260297984,0.564516129032258,0.470841842523259,0.259055708218836,0,
0.367831926984674,0.681507449605609,0.581441656710474,0.540730655774904,0.32075943042718,0,
0.238333046323403,0.481156879929886,0.719832735961768,0.223508055366462,0.460904321758681,0,
0.361976924401584,0.591411042944785,0.298088410991637,0.319037894259133,0.297776667499375,0,
0.333562941277768,0.326555652936021,0.513341298287535,0.852734286362605,0.128653509867599,0,
0.462717410022387,0.579141104294479,0.276782158502589,0.716814159292035,0.200349737696727,0,
0.621663509557431,0.452234881682734,0.321186778176025,0.336737009303381,0.305271046714964,0,
0.376442224900982,0.510254163014899,0.70131421744325,0.249829816201498,0.26255308518611,0,
0.378680902359222,0.610517090271692,0.69852648347272,0.225323349217155,0.32075943042718,0,
0.518512140520062,0.597020157756354,0.276782158502589,0.404356705241661,0.257806645016238,0,
0.469261236438781,0.65398773006135,0.262445240939865,0.417517585659179,0.42942792905321,0,
0.388324436025486,0.722173531989483,0.270410195141378,0.317449512139778,0.289532850362228,0,
0.536249354227656,0.529535495179667,0.487654320987654,0.314499659632403,0.291531351486385,0,
0.36214913035991,0.768624014022787,0.244723217841497,0.451100521896982,0.273544841368973,0,
0.337868090235922,0.675021910604733,0.284348864994026,0.412752439301112,0.362727954034474,0,
0.759944894093336,0.349342681858019,0.574671445639188,0.296800544588155,0.294279290532101,0,
0.515756845186844,0.731989482909728,0.281362007168459,0.423190378942591,0.416187859105671,0,
0.541759944894093,0.736196319018405,0.259259259259259,0.31926480599047,0.292030976767424,0,
0.38952987773377,0.410166520595968,0.776184786937475,0.271840254141139,0.452660504621534,0,
0.489237127604615,0.726205083260298,0.278574273197929,0.433628318584071,0.32075943042718,0,
0.317203375236783,0.291323400525854,0.471724412584628,0.611980939414568,0.738945790657007,0,
0.464611675563974,0.641717791411043,0.270011947431302,0.308146131154981,0.286535098675993,0,
0.743929739969003,0.422261174408414,0.648745519713262,0.304515543453597,0.294029477891581,0,
0.390046495608748,0.575109553023663,0.564715252887296,0.240753346948037,0.790657007244567,0,
0.312209402445325,0.285714285714286,0.462166467542812,0.833446789199002,0.0911816137896578,0,
0.627690718098846,0.446625766871166,0.599761051373955,0.601769911504425,0.249562827879091,0,
0.669020148097124,0.344259421560035,0.339705296694544,0.38234626730202,0.336497626779915,0,
0.508696400895471,0.678702892199825,0.275388291517324,0.41025641025641,0.361978516112915,0,
0.342517651110728,0.458720420683611,0.915372361608921,0.180848649875199,0.236572570572071,0,
0.36128810056828,0.542681858019281,0.660493827160494,0.240526435216701,0.25031226580065,0,
0.351300154985362,0.611218229623138,0.265830346475508,0.440662582255503,0.32075943042718,0,
0.423971069399001,0.769149868536372,0.272202309836718,0.311322895393692,0.360479640269798,0,
0.801790941966592,0.407186678352323,0.508363201911589,0.319037894259133,0.299025730701974,0,
0.52264508351989,0.468361086765995,0.319394663480685,0.338552303154073,0.307019735198601,0,
0.347167211985535,0.475372480280456,0.630227001194743,0.267755842977082,0.269797651761179,0,
0.628551747890477,0.512708150744961,0.461569095977698,0.415929203539823,0.446415188608544,0,
0.552608920268641,0.495705521472393,0.474512146555157,0.702064896755162,0.219085685735698,0,
0.39262958498364,0.413146362839614,0.787733970529669,0.270024960290447,0.455908068948289,0,
0.793180644050284,0.368448729184925,0.417164476304261,0.398683911958248,0.383212590557082,0,
0.794041673841915,0.340052585451358,0.403026682596575,0.379850238257318,0.340494629028229,0,
0.87583950404684,0.179842243645925,0.390083632019116,0.341048332198775,0.307019735198601,0,
0.318064405028414,0.381770376862401,0.661489446435683,0.945314272747901,0.0719460404696478,0,
0.336146030652661,0.432252410166521,0.982477100756671,0.169956886771046,0.32075943042718,0,
0.345617358360599,0.720245398773006,0.277976901632816,0.312003630587701,0.286285286035473,0,
0.496469777854314,0.558106923751096,0.310434090003982,0.33287950987066,0.344491631276543,0,
0.563630101601515,0.430324276950044,0.446634806849861,0.309961425005673,0.647014738945791,0,
0.337007060444291,0.435056967572305,0.826164874551971,0.22237349670978,0.32075943042718,0,
0.395557086275185,0.51726555652936,0.661688570290721,0.251418198320853,0.271546340244816,0,
0.507490959187188,0.448729184925504,0.802867383512545,0.252552756977536,0.275043717212091,0,
0.334596177027725,0.428220858895706,0.716049382716049,0.228273201724529,0.32075943042718,0,
0.42311003960737,0.482559158632778,0.481282357626444,0.411390968913093,0.375718211341494,0,
0.35543309798519,0.559158632778265,0.881919553962565,0.221465849784434,0.258805895578316,0,
0.410883416566213,0.803856266432954,0.258462763839108,0.307692307692308,0.359980014988758,0,
0.32495264336146,0.323400525854514,0.504181600955794,0.181075561606535,0.789657756682488,0,
0.798346822800069,0.370727432077125,0.337514934289128,0.379850238257318,0.335998001498876,0,
0.338556914069227,0.561262050832603,0.584229390681004,0.548672566371681,0.225830627029728,0,
0.633201308765283,0.473794916739702,0.302668259657507,0.412298615838439,0.297027229577817,0,
0.358188393318409,0.745661700262927,0.263042612504978,0.442024052643522,0.469148138895828,0,
0.480454623729981,0.578439964943032,0.28036638789327,0.401633764465623,0.292780414688983,0,
0.62975718959876,0.484312007011393,0.307447232178415,0.411390968913093,0.295278541094179,0,
0.308937489237128,0.394916739702016,0.681401831939466,0.230996142500567,0.244566575068699,0,
0.500602720854141,0.418229623137599,0.321585025886101,0.339913773542092,0.307019735198601,0,
0.341656621319098,0.43453111305872,0.826762246117085,0.648286816428409,0.32075943042718,0,
0.670914413638712,0.279754601226994,0.465153325368379,0.776491944633537,0.188858356232825,0,
0.503874634062339,0.456441717791411,0.837913181999204,0.244157022918085,0.272795403447414,0,
0.433270191148614,0.382471516213848,0.402230187176424,0.377808032675289,0.341993504871347,0,
0.372998105734458,0.41840490797546,0.889088012743927,0.205355116859542,0.260304771421434,0,
0.313414844153608,0.292550394390885,0.477499004380725,0.847742228273202,0.162378216337747,0,
0.333390735319442,0.313234005258545,0.769812823576264,0.56501021102791,0.482138396202848,0,
0.432753573273635,0.656792287467134,0.492035045798487,0.466757431359201,0.556082937796653,0,
0.430514895815395,0.57125328659071,0.757068896853843,0.247333787156796,0.400199850112416,0,
0.533494058894438,0.446976336546889,0.428116288331342,0.407987292943045,0.295778166375219,0,
0.580161873600826,0.551971954425942,0.296495420151334,0.332425686407987,0.297277042218336,0,
0.319442052695023,0.372655565293602,0.664675428116288,0.720898570456093,0.32075943042718,0,
0.42896504219046,0.474496056091148,0.315611310234966,0.331518039482641,0.32075943042718,0,
0.463234027897365,0.6988606485539,0.282755874153724,0.321533923303835,0.357731701224082,0,
0.363698983984846,0.874145486415425,0.242333731581043,0.2809167233946,0.281039220584562,0,
0.335801618736008,0.41262050832603,0.887495021903624,0.16383027002496,0.473394953784662,0,
0.82607198209058,0.33339176161262,0.408403026682597,0.421148173360563,0.30127404446665,0,
0.314275873945238,0.310780017528484,0.450816407805655,0.614476968459269,0.32075943042718,0,
0.485620802479766,0.528834355828221,0.579450418160096,0.487860222373497,0.41693729702723,0,
0.445152402273119,0.73567046450482,0.280565511748307,0.319491717721806,0.291531351486385,0,
0.279490270363355,0.202103418054338,0.448825169255277,0.252098933514863,0.32075943042718,0,
0.332529705527811,0.431726555652936,0.85941855834329,0.213977762650329,0.32075943042718,0,
0.710866195970381,0.4045574057844,0.421545201115094,0.413206262763785,0.430926804896328,0,
0.523850525228173,0.446099912357581,0.309438470728793,0.336510097572044,0.342243317511866,0,
0.573618047184433,0.472567922874671,0.308243727598566,0.408214204674382,0.360979265550837,0,
0.378680902359222,0.57125328659071,0.709478295499801,0.513501248014522,0.32075943042718,0,
0.477699328396762,0.65749342681858,0.283552369573875,0.31404583616973,0.285286035473395,0,
0.374547959359394,0.747589833479404,0.228195937873357,0.302473337871568,0.283537346989758,0,
0.352333390735319,0.3977212971078,0.704101951413779,0.562287270251872,0.458656007994005,0,
0.271052178405373,0.442944785276074,0.663281561131023,0.235080553664624,0.32075943042718,0,
0.662992939555708,0.298510078878177,0.414974113898845,0.343998184706149,0.32075943042718,0,
0.30928190115378,0.291673970201578,0.465153325368379,0.69571136827774,0.32075943042718,0,
0.342517651110728,0.435758106923751,0.517722023098367,0.44474699341956,0.40394703972021,0,
0.333735147236094,0.57703768624014,0.505973715651135,0.443839346494214,0.32075943042718,0,
0.588772171517134,0.337773882559159,0.342293906810036,0.378942591331972,0.337746689982513,0,
0.332529705527811,0.405609114811569,0.470131421744325,0.457907873837077,0.32075943042718,0,
0.548820389185466,0.507449605609115,0.682596575069693,0.299523485364193,0.288033974519111,0,
0.413638711899432,0.75863277826468,0.258462763839108,0.305650102110279,0.28853359980015,0,
0.895470983296022,0.181419807186678,0.395061728395062,0.339233038348083,0.299525355983013,0,
0.320130876528328,0.412795793163891,0.735762644364795,0.184479237576583,0.182613040219835,0,
0.351816772860341,0.531989482909728,0.482875348466746,0.41547538007715,0.355233574818886,0,
0.898226278629241,0.169325153374233,0.397451214655516,0.377808032675289,0.337996502623033,0,
0.411572240399518,0.744609991235758,0.249900438072481,0.308373042886317,0.286035473394954,0,
0.527294644394696,0.460473269062226,0.459776981282358,0.446108463807579,0.251811141643767,0,
0.765283278801446,0.193339176161262,0.39705296694544,0.380984796914,0.339245565825631,0,
0.753056655760289,0.378264680105171,0.593986459577857,0.288858633991377,0.289782663002748,0,
0.334596177027725,0.41034180543383,0.835523695738749,0.594508736101656,0.32075943042718,0,
0.345272946443947,0.727081507449606,0.278773397052967,0.26072157930565,0.627529352985261,0,
0.359221629068366,0.508851884312007,0.731979291119076,0.23734967097799,0.254808893330003,0,
0.351988978818667,0.496056091148116,0.551772202309837,0.286362604946676,0.435423432425681,0,
0.414327535732736,0.731288343558282,0.518120270808443,0.312911277513047,0.293030227329503,0,
0.330463234027897,0.431200701139351,0.895858223815213,0.191740412979351,0.21134149387959,0,
0.314792491820217,0.294127957931639,0.47889287136599,0.836396641706376,0.164376717461904,0,
0.364904425693129,0.460999123575811,0.532457188371167,0.463807578851827,0.283787159630277,0,
0.419493714482521,0.587028921998247,0.297491039426523,0.399364647152258,0.351486385211092,0,
0.39400723265025,0.683786152497809,0.657706093189964,0.26525981393238,0.273794654009493,0,
0.595315997933528,0.402979842243646,0.535444046196734,0.717041071023372,0.208593554833875,0,
0.319614258653349,0.331463628396144,0.631819992035046,0.776718856364874,0.32075943042718,0,
0.707938694678836,0.459246275197195,0.413978494623656,0.410029498525074,0.29502872845366,0,
0.342345445152402,0.451183172655565,0.932696136997212,0.151350124801452,0.229328003997002,0,
0.408989151024625,0.496406660823839,0.62962962962963,0.509643748581802,0.540094928803397,0,
0.55088686068538,0.606134969325153,0.281561131023497,0.432039936464715,0.521358980764427,0,
0.724987084553125,0.284312007011393,0.398048586220629,0.407533469480372,0.303772170871846,0,
0.474599621146892,0.559684487291849,0.296296296296296,0.406625822555026,0.354234324256807,0,
0.33528500086103,0.504995617879053,0.499800876144962,0.421148173360563,0.361478890831876,0,
0.782331668675736,0.293251533742331,0.417363600159299,0.393691853868845,0.300774419185611,0,
0.327019114861374,0.328659070990359,0.802668259657507,0.21783526208305,0.401698725955533,0,
0.325813673153091,0.323575810692375,0.880326563122262,0.204901293396869,0.420434673994504,0,
0.625107628723954,0.396669588080631,0.454599761051374,0.75811209439528,0.233824631526355,0,
0.523161701394868,0.505170902716915,0.461768219832736,0.475833900612662,0.580064951286535,0,
0.319786464611676,0.322699386503067,0.520708880923935,0.703653278874518,0.816387709218086,0,
0.353366626485276,0.435933391761613,0.689167662285942,0.499659632402995,0.187109667749188,0,
0.783192698467367,0.364592462751972,0.618876941457587,0.288404810528704,0.289532850362228,0,
0.267435853280523,0.411919368974584,0.753285543608124,0.563194917177218,0.32075943042718,0,
0.319786464611676,0.405258545135846,0.85941855834329,0.189244383934649,0.32075943042718,0,
0.354055450318581,0.798247151621385,0.281959378733572,0.448377581120944,0.524106919810142,0,
0.397279145858447,0.675372480280456,0.685185185185185,0.252779668708872,0.269547839120659,0,
0.799380058550026,0.325503943908852,0.342094782954998,0.37712729748128,0.310517112165876,0,
0.320303082486654,0.314636283961437,0.458582238152131,0.539823008849557,0.32075943042718,0,
0.347856035818839,0.55284837861525,0.479888490641179,0.41093714545042,0.287534349238071,0,
0.64456690201481,0.487642418930762,0.463361210673039,0.448150669389607,0.288033974519111,0,
0.745824005510591,0.412094653812445,0.475308641975309,0.542999773088269,0.399450412190857,0,
0.406233855691407,0.574233128834356,0.518120270808443,0.301792602677558,0.289532850362228,0,
0.403478560358188,0.519018404907975,0.309637594583831,0.326752893124575,0.32075943042718,0,
0.45496814189771,0.562138475021911,0.597769812823576,0.521896982073973,0.501873594803897,0,
0.367831926984674,0.80578439964943,0.260852250099562,0.435443612434763,0.490132400699475,0,
0.312209402445325,0.304294478527607,0.439068100358423,0.584297708191514,0.593055208593555,0,
0.353022214568624,0.44136722173532,0.48805256869773,0.295892897662809,0.290282288283787,0,
0.322369553986568,0.3011393514461,0.490442054958184,0.743135920127071,0.32075943042718,0,
0.348200447735492,0.540052585451358,0.48805256869773,0.419786702972544,0.296777416937297,0,
0.621491303599105,0.483610867659947,0.414774990043807,0.388019060585432,0.302273295028728,0,
0.338556914069227,0.785626643295355,0.26742333731581,0.457227138643068,0.576067949038221,0,
0.324436025486482,0.443470639789658,0.852648347272003,0.201951440889494,0.224831376467649,0,
0.408816945066299,0.438387379491674,0.705097570688969,0.499659632402995,0.269547839120659,0,
0.460823144480799,0.368273444347064,0.326762246117085,0.3380984796914,0.348488633524856,0,
0.121749612536594,0.091498685363716,0.304460374352847,0.324483775811209,0.292780414688983,0,
0.460995350439125,0.677125328659071,0.256272401433692,0.594962559564329,0.248813389957532,0,
0.341312209402445,0.421910604732691,0.909398645957786,0.194009530292716,0.32075943042718,0,
0.486654038229723,0.336196319018405,0.428116288331342,0.412298615838439,0.276792405695728,0,
0.700189426554159,0.440841367221735,0.439466348068499,0.587474472430225,0.252060954284287,0,
0.406233855691407,0.488694127957932,0.710274790919952,0.509870660313138,0.253809642767924,0,
0.355260892026864,0.354250657318142,0.747311827956989,0.539823008849557,0.229078191356483,0,
0.382813845359049,0.664855390008764,0.217443249701314,0.437031994554118,0.32075943042718,0,
0.319442052695023,0.3011393514461,0.48805256869773,0.500794191059678,0.662752935298526,0,
0.308248665403823,0.295880806310254,0.488450816407806,0.161334240980259,0.32075943042718,0,
0.602204236266575,0.628921998247152,0.262445240939865,0.41093714545042,0.373220084936298,0,
0.427415188565524,0.678878177037686,0.668857029072083,0.261175402768323,0.32075943042718,0,
0.58808334768383,0.527432077125329,0.482477100756671,0.648059904697073,0.227079690232326,0,
0.336490442569313,0.468711656441718,0.309637594583831,0.286589516678012,0.430177366974769,0,
0.345789564318925,0.485188431200701,0.738749502190362,0.224188790560472,0.32075943042718,0,
0.392973996900293,0.802629272567923,0.261250497809638,0.518039482641253,0.258306270297277,0,
0.33976235577751,0.417879053461876,0.746515332536838,0.751531654186521,0.32075943042718,0,
0.417771654899259,0.411919368974584,0.433492632417364,0.336056274109371,0.337996502623033,0,
0.342345445152402,0.511130587204207,0.952608522500995,0.162922623099614,0.32075943042718,0,
0.315653521611848,0.338475021910605,0.660892074870569,0.856364874063989,0.32075943042718,0,
0.352505596693646,0.611568799298861,0.256272401433692,0.454731109598366,0.279790157381964,0,
0.402273118649905,0.580543382997371,0.290919952210275,0.321987746766508,0.32075943042718,0,
0.672464267263647,0.327957931638913,0.395260852250099,0.380530973451327,0.302772920309768,0,
0.431720337523678,0.466432953549518,0.463361210673039,0.396868618107556,0.300524606545091,0,
0.490098157396246,0.748466257668712,0.273197929111908,0.465849784433855,0.267549337996503,0,
0.422765627690718,0.456441717791411,0.303863002787734,0.262083049693669,0.796152885335998,0,
0.570518339934562,0.707624890446976,0.294305057745918,0.316768776945768,0.379715213589808,0,
0.795247115550198,0.406836108676599,0.511350059737157,0.325164511005219,0.30102423182613,0,
0.401067676941622,0.7011393514461,0.563719633612107,0.450192874971636,0.276542593055209,0,
0.305665576028931,0.298510078878177,0.424930306650737,0.454958021329703,0.32075943042718,0,
0.318925434820045,0.343207712532866,0.630227001194743,0.82187429090084,0.32075943042718,0,
0.43344239710694,0.424364592462752,0.317602548785344,0.391195824824143,0.296277791656258,0,
0.333907353194421,0.340929009640666,0.86399840700916,0.571363739505332,0.425181114164377,0,
0.329774410194593,0.328834355828221,0.569494225408204,0.751758565917858,0.32075943042718,0,
0.347683829860513,0.41262050832603,0.844086021505376,0.66643975493533,0.32075943042718,0,
0.306354399862235,0.292375109553024,0.465352449223417,0.496709779895621,0.32075943042718,0,
0.446013432064749,0.714285714285714,0.28036638789327,0.318810982527797,0.290532100924307,0,
0.509385224728776,0.541279579316389,0.452608522500996,0.286362604946676,0.720209842618036,0,
0.328052350611331,0.35056967572305,0.594982078853047,0.6761969593828,0.220834374219335,0,
0.393835026691924,0.667484662576687,0.708084428514536,0.247560698888133,0.267049712715463,0,
0.357499569485104,0.577563540753725,0.493827160493827,0.296346721125482,0.272045965525856,0,
0.35457206819356,0.417879053461876,0.835125448028674,0.181529385069208,0.222583062702973,0,
0.500086102979163,0.369149868536372,0.412783751493429,0.334921715452689,0.351236572570572,0,
0.690029275012915,0.582296231375986,0.307447232178415,0.326072157930565,0.299025730701974,0,
0.460823144480799,0.382822085889571,0.781959378733572,0.523258452461992,0.412690482138396,0,
0.351300154985362,0.365293602103418,0.833333333333333,0.562060358520535,0.449412940294779,0,
0.350266919235405,0.54478527607362,0.501991238550378,0.423190378942591,0.289782663002748,0,
0.316686757361805,0.379491673970202,0.814217443249701,0.196732471068754,0.168373719710217,0,
0.552436714310315,0.513935144609991,0.493827160493827,0.540503744043567,0.556082937796653,0,
0.559497158601687,0.687817703768624,0.271007566706491,0.477422282732017,0.398950786909818,0,
0.317031169278457,0.281858019281332,0.45400238948626,0.597458588609031,0.73694728953285,0,
0.36214913035991,0.888694127957932,0.206889685384309,0.276832312230542,0.32075943042718,0,
0.336318236610987,0.541454864154251,0.691955396256472,0.60403902881779,0.194104421683737,0,
0.30928190115378,0.339526730937774,0.470927917164476,0.4928522804629,0.507869098176368,0,
0.473738591355261,0.714285714285714,0.27937076861808,0.427047878375312,0.475393454908818,0,
0.358877217151713,0.530762489044698,0.814615690959777,0.213297027456319,0.32075943042718,0,
0.316170139486826,0.312708150744961,0.474512146555157,0.51168595416383,0.32075943042718,0,
0.308420871362149,0.310254163014899,0.448028673835125,0.526208304969367,0.140644516612541,0,
0.311003960737042,0.312357581069238,0.559936280366388,0.755389153619242,0.32075943042718,0,
0.311003960737042,0.339176161262051,0.527678215850259,0.93691853868845,0.0459655258556083,0,
0.359738246943344,0.79193689745837,0.263639984070092,0.312457454050374,0.286784911316513,0,
0.814017565007749,0.38387379491674,0.333333333333333,0.381211708645337,0.336497626779915,0,
0.448079903564663,0.580368098159509,0.283751493428913,0.314726571363739,0.291281538845866,0,
0.505768899603926,0.455915863277826,0.316407805655117,0.336056274109371,0.305520859355483,0,
0.77320475288445,0.411218229623138,0.445838311429709,0.507601542999773,0.279290532100924,0,
0.627346306182194,0.409991235758107,0.400438072481083,0.393011118674835,0.354733949537847,0,
0.507318753228862,0.410867659947415,0.432696136997212,0.405945087361017,0.353484886335249,0,
0.386602376442225,0.840315512708151,0.266825965750697,0.308373042886317,0.283037721708718,0,
0.460478732564147,0.420333041191937,0.324372759856631,0.340821420467438,0.306270297277042,0,
0.3903909075254,0.0872918492550394,0.590402230187176,0.230769230769231,0.32075943042718,0,
0.352850008610298,0.347063978965819,0.850457984866587,0.19310188336737,0.418935798151386,0,
0.393662820733597,0.639263803680982,0.780167264038232,0.225550260948491,0.242568073944542,0,
0.346822800068882,0.80806310254163,0.221823974512147,0.436351259360109,0.276292780414689,0,
0.517306698811779,0.709027169149869,0.278972520908005,0.417063762196506,0.406195353484886,0,
0.579645255725848,0.560736196319018,0.303863002787734,0.39596097118221,0.349737696727454,0,
0.627862924057172,0.441191936897458,0.415770609318996,0.383934649421375,0.304521608793405,0,
0.457895643189254,0.681156879929886,0.265432098765432,0.575675062400726,0.246065450911816,0,
0.417599448940933,0.682383873794917,0.259856630824373,0.314499659632403,0.32075943042718,0,
0.427931806440503,0.734268185801928,0.530864197530864,0.480825958702065,0.46814888833375,0,
0.340967797485793,0.71375985977213,0.269414575866189,0.310415248468346,0.284286784911317,0,
0.865334940588944,0.353198948290973,0.336519315013939,0.338552303154073,0.306769922558081,0,
0.270535560530394,0.424364592462752,0.874551971326165,0.167233945995008,0.216837371971022,0,
0.400551059066644,0.643295354951797,0.273596176821983,0.310642160199682,0.290781913564826,0,
0.341484415360771,0.599474145486415,0.586220629231382,0.488087134104833,0.208843367474394,0,
0.305837781987257,0.277475898334794,0.409199522102748,0.447016110732925,0.235323507369473,0,
0.722059583261581,0.289044697633655,0.44305057745918,0.336963921034717,0.303272545590807,0,
0.333907353194421,0.324452234881683,0.476702508960573,0.266394372589063,0.0594554084436672,0,
0.722059583261581,0.339526730937774,0.400637196336121,0.395734059450874,0.34624031976018,0,
0.33976235577751,0.595968448729185,0.487853444842692,0.42977081915135,0.32075943042718,0,
0.462545204064061,0.620157756354075,0.745320589406611,0.248695257544815,0.32075943042718,0,
0.353022214568624,0.449780893952673,0.833134209478295,0.210800998411618,0.462153384961279,0,
0.358532805235061,0.662751971954426,0.544802867383512,0.229407760381212,0.32075943042718,0,
0.319958670570002,0.315863277826468,0.456192751891677,0.535284774222827,0.32075943042718,0,
0.413122094024453,0.539702015775635,0.611708482676225,0.281370546857273,0.32075943042718,0,
0.829860513173756,0.185801928133216,0.342891278375149,0.343090537780803,0.306020484636523,0,
0.531255381436198,0.719368974583699,0.516726403823178,0.307238484229635,0.288033974519111,0,
0.377647666609265,0.631901840490798,0.469932297889287,0.72884048105287,0.217087184611541,0,
0.453418288272774,0.783347940403155,0.246515332536838,0.48241434082142,0.409193105171122,0,
0.309109695195454,0.31954425942156,0.428514536041418,0.477422282732017,0.586310267299525,0,
0.334251765111073,0.555302366345311,0.27757865392274,0.44474699341956,0.285535848113915,0,
0.718615464095058,0.291148115687993,0.404022301871764,0.405945087361017,0.305021234074444,0,
0.359738246943344,0.713058720420684,0.513341298287535,0.495348309507602,0.613789657756682,0,
0.305148958153952,0.290972830850131,0.473715651135006,0.473791695030633,0.430177366974769,0,
0.322197348028242,0.392638036809816,0.525288729589805,0.591785795325618,0.234074444166875,0,
0.831754778715344,0.327256792287467,0.403026682596575,0.343544361243476,0.311266550087434,0,
0.352161184776993,0.738299737072743,0.233373158104341,0.498978897208986,0.599800149887584,0,
0.307904253487171,0.280105170902717,0.430704898446834,0.461992285001135,0.32075943042718,0,
0.429137248148786,0.603680981595092,0.298884906411788,0.411844792375766,0.360979265550837,0,
0.495953159979335,0.380368098159509,0.411389884508164,0.38234626730202,0.346739945041219,0,
0.357327363526778,0.68045574057844,0.269414575866189,0.417744497390515,0.32075943042718,0,
0.733252970552781,0.330937773882559,0.477100756670649,0.466530519627865,0.405945540844367,0,
0.8847942138798,0.308676599474145,0.417761847869375,0.498978897208986,0.281538845865601,0,
0.416221801274324,0.358808063102542,0.861608920748706,0.178579532561833,0.427429427929053,0,
0.318753228861719,0.409114811568799,0.563719633612107,0.427728613569322,0.32075943042718,0,
0.355777509901843,0.756529360210342,0.260454002389486,0.433855230315407,0.287534349238071,0,
0.468744618563802,0.615775635407537,0.619076065312624,0.54095756750624,0.264051961029228,0,
0.345789564318925,0.44364592462752,0.661688570290721,0.487860222373497,0.240819385460904,0,
0.387635612192182,0.43330411919369,0.81521306252489,0.510324483775811,0.252810392205846,0,
0.710693990012054,0.276950043821209,0.465352449223417,0.640571817562968,0.222583062702973,0,
0.306182193903909,0.322348816827344,0.113102349661489,0.751531654186521,0.32075943042718,0,
0.398140175650077,0.656441717791411,0.544006371963361,0.455184933061039,0.376967274544092,0,
0.485793008438092,0.358808063102542,0.334727200318598,0.378715679600635,0.343492380714464,0,
0.524711555019804,0.402103418054338,0.325965750696933,0.380077149988654,0.32075943042718,0,
0.415532977441019,0.589132340052585,0.562126642771804,0.631495348309508,0.226080439670247,0,
0.609781298432926,0.392287467134093,0.43110314615691,0.403902881778988,0.240069947539345,0,
0.328224556569657,0.465381244522349,0.641776184786937,0.266621284320399,0.32075943042718,0,
0.400551059066644,0.607537248028046,0.582437275985663,0.286135693215339,0.279040719460405,0,
0.314103667986912,0.302366345311131,0.449024293110315,0.592693442250964,0.32075943042718,0,
0.735491648011021,0.191411042944785,0.402827558741537,0.389834354436124,0.287784161878591,0,
0.755295333218529,0.176511831726556,0.340501792114695,0.340367597004765,0.341244066949788,0,
0.717410022386775,0.369325153374233,0.435483870967742,0.331971862945314,0.305770671996003,0,
0.48183227139659,0.675021910604733,0.27757865392274,0.421375085091899,0.575318511116662,0,
0.811090063716205,0.350043821209465,0.398845081640781,0.386430678466077,0.337496877341994,0,
0.773721370759428,0.282559158632778,0.618478693747511,0.287497163603358,0.394703972020984,0,
0.316170139486826,0.351621384750219,0.454599761051374,0.509189925119129,0.503122658006495,0,
0.387118994317203,0.68501314636284,0.553564317005177,0.467438166553211,0.270547089682738,0,
0.643189254348201,0.464855390008764,0.465153325368379,0.443385523031541,0.287034723957032,0,
0.42672636473222,0.414548641542507,0.543010752688172,0.286816428409349,0.279790157381964,0,
0.678491475805063,0.191060473269062,0.445838311429709,0.71068754254595,0.207344491631277,0,
0.565696573101429,0.470990359333918,0.321784149741139,0.385296119809394,0.353734698975768,0,
0.330463234027897,0.456792287467134,0.87773795300677,0.222827320172453,0.43617287034724,0,
0.424315481315654,0.717440841367222,0.273795300677021,0.309280689811663,0.287784161878591,0,
0.424143275357327,0.526555652936021,0.287136598964556,0.326979804855911,0.347239570322258,0,
0.703461339762356,0.339000876424189,0.341099163679809,0.381892443839347,0.30751936047964,0,
0.3159979335285,0.317440841367222,0.487654320987654,0.814159292035398,0.32075943042718,0,
0.350266919235405,0.493602103418054,0.827956989247312,0.207851145904243,0.32075943042718,0,
0.717582228345101,0.449605609114812,0.308243727598566,0.392557295212162,0.390706969772671,0,
0.328052350611331,0.342857142857143,0.543010752688172,0.733832539142274,0.203847114664002,0,
0.338729120027553,0.46205083260298,0.730585424133811,0.526889040163376,0.235323507369473,0,
0.724814878594799,0.311130587204207,0.697530864197531,0.270932607215793,0.284286784911317,0,
0.414671947649389,0.308851884312007,0.54320987654321,0.297481279782165,0.296277791656258,0,
0.318064405028414,0.370902716914987,0.441855834328953,0.511232130701157,0.0874344241818636,0,
0.431892543482004,0.765644171779141,0.2463162086818,0.499659632402995,0.255808143892081,0,
0.3568107456518,0.553198948290973,0.594583831142971,0.258906285454958,0.32075943042718,0,
0.375236783192698,0.586678352322524,0.293309438470729,0.408668028137055,0.295778166375219,0,
0.321508524194937,0.303067484662577,0.455993628036639,0.221012026321761,0.772170871846115,0,
0.325985879111417,0.435933391761613,0.694942254082039,0.223961878829135,0.32075943042718,0,
0.589633201308765,0.727432077125329,0.286539227399442,0.329929657363286,0.302023482388209,0,
0.385569140692268,0.614198071866784,0.79131819992035,0.223054231903789,0.243067699225581,0,
0.618908214224212,0.31375985977213,0.448626045400239,0.417063762196506,0.393704721458906,0,
0.310315136903737,0.331463628396144,0.478295499800876,0.13977762650329,0.32075943042718,0,
0.367659721026347,0.654688869412796,0.657108721624851,0.517812570909916,0.32075943042718,0,
0.518684346478388,0.686765994741455,0.537037037037037,0.479918311776719,0.277042218336248,0,
0.519717582228345,0.716914986853637,0.267821585025886,0.319491717721806,0.289532850362228,0,
0.816428448424315,0.310780017528484,0.338709677419355,0.378942591331972,0.33999500374719,0,
0.713104873428621,0.28624014022787,0.390880127439267,0.398683911958248,0.304521608793405,0,
0.666437058722232,0.152322524101665,0.417562724014337,0.418652144315861,0.289782663002748,0,
0.337007060444291,0.288168273444347,0.484468339307049,0.863399137735421,0.122408193854609,0,
0.83864301704839,0.32532865907099,0.33452807646356,0.397776265032902,0.304771421433925,0,
0.581195109350783,0.541805433829974,0.635005973715651,0.304742455184933,0.291531351486385,0,
0.325124849319786,0.364066608238387,0.521704500199124,0.650782845473111,0.169372970272296,0,
0.359566040985018,0.682559158632778,0.27757865392274,0.29975039709553,0.289033225081189,0,
0.87807818150508,0.333742331288344,0.33452807646356,0.340821420467438,0.309018236322758,0,
0.307387635612192,0.284487291849255,0.421744324970131,0.484002722940776,0.32075943042718,0,
0.786120199758912,0.195267309377739,0.396057347670251,0.381211708645337,0.297526854858856,0,
0.392112967108662,0.848729184925504,0.232377538829152,0.43430905377808,0.279790157381964,0,
0.407267091441364,0.666608238387379,0.486658701712465,0.66712049012934,0.229577816637522,0,
0.788531083175478,0.30692375109553,0.341696535244922,0.376900385749943,0.307019735198601,0,
0.311864990528672,0.330411919368975,0.633612106730386,0.82051282051282,0.155383462403198,0,
0.586533494058894,0.574233128834356,0.311429709279172,0.338325391422737,0.302023482388209,0,
0.205958326158085,0.574583698510079,0.527877339705297,0.2952121624688,0.277042218336248,0,
0.653004993972791,0.43908851884312,0.426324173636002,0.413660086226458,0.304021983512366,0,
0.341656621319098,0.433829973707274,0.778176025487853,0.750397095529839,0.32075943042718,0,
0.332529705527811,0.544609991235758,0.693150139386698,0.51690492398457,0.410941793654759,0,
0.388496641983813,0.768799298860649,0.608721624850657,0.497163603358294,0.261304021983512,0,
0.385569140692268,0.690446976336547,0.554958183990442,0.474699341955979,0.272795403447414,0,
0.321164112278285,0.399824715162138,0.705097570688969,0.813251645110052,0.32075943042718,0,
0.309798519028758,0.348466257668712,0.435284747112704,0.506013160880417,0.483137646764926,1,
0.427931806440503,0.727432077125329,0.608920748705695,0.517585659178579,0.412440669497877,1,
0.347339417943861,0.409290096406661,0.865392273994425,0.216927615157704,0.440169872595553,1,
0.310831754778715,0.333567046450482,0.43110314615691,0.547084184252326,0.32075943042718,1,
0.355949715860169,0.453111305872042,0.680007964954201,0.71454504197867,0.32075943042718,1,
0.380747373859135,0.317966695880806,0.727797690163281,0.606988881325164,0.221583812140894,1,
0.379541932150852,0.484136722173532,0.67184388689765,0.272974812797822,0.261054209342993,1,
0.31152057861202,0.354776511831727,0.427120669056153,0.490129339686862,0.32075943042718,1,
0.385569140692268,0.32988606485539,0.770609318996416,0.641706376219651,0.709967524356732,1,
0.480454623729981,0.445048203330412,0.59279171644763,0.456773315180395,0.380464651511366,1,
0.306871017737214,0.292725679228747,0.448426921545201,0.171999092353075,0.848613539845116,1,
0.345617358360599,0.382120946538124,0.825169255276782,0.538461538461539,0.162628028978266,1,
0.419493714482521,0.643470639789658,0.561728395061728,0.498978897208986,0.503872095928054,1,
0.339417943860858,0.344960560911481,0.523297491039426,0.876786929884275,0.0549587809143143,1,
0.303771310487343,0.28273444347064,0.500199123855038,0.460630814613115,0.208843367474394,1,
0.360254864818323,0.396844872918493,0.618876941457587,0.643748581801679,0.516112915313515,1,
0.35767177544343,0.373006134969325,0.839107925129431,0.190152030859995,0.194354234324257,1,
0.371103840192871,0.480105170902717,0.790720828355237,0.656001815293851,0.19210592055958,1,
0.399173411400034,0.387554776511832,0.648745519713262,0.634445200816882,0.233574818885836,1,
0.478560358188393,0.711831726555653,0.496017522899243,0.453142727479011,0.373969522857857,1,
0.283795419321508,0.346713409290096,0.603345280764636,0.645336963921035,0.32075943042718,1,
0.525572584811434,0.692725679228747,0.556551174830745,0.312230542319038,0.290781913564826,1,
0.345272946443947,0.421910604732691,0.53126244524094,0.868164284093488,0.153384961279041,1,
0.445152402273119,0.546187554776512,0.617084826762246,0.677785341502156,0.196852360729453,1,
0.366970897193043,0.373356704645048,0.750497809637595,0.185386884501929,0.451411441418936,1,
0.329602204236267,0.399824715162138,0.499004380724811,0.743589743589744,0.159630277292031,1,
0.494747718271052,0.55056967572305,0.669056152927121,0.526889040163376,0.268798401199101,1,
0.3271913208197,0.349342681858019,0.512146555157308,0.27569775357386,0.668248813389957,1,
0.534182882727742,0.388957055214724,0.659299084030267,0.672793283412752,0.157881588808394,1,
0.353366626485276,0.361086765994741,0.795898048586221,0.641706376219651,0.692730452160879,1,
0.34647838815223,0.381069237510955,0.673835125448029,0.990696619015203,0.144141893579815,1,
0.369037368692957,0.468361086765995,0.696535244922342,0.533242568640799,0.497626779915064,1,
0.335973824694334,0.315687992988606,0.487853444842692,0.656228727025187,0.825630776917312,1,
0.339073531944205,0.359684487291849,0.891875746714456,0.670524166099387,0.543842118411192,1,
0.385569140692268,0.524627519719544,0.748307447232178,0.683458134785568,0.213090182363228,1,
0.317375581195109,0.264855390008764,0.536041417761848,0.246199228500113,0.116662503122658,1,
0.311176166695368,0.341630148992112,0.607925129430506,0.572952121624688,0.32075943042718,1,
0.342173239194076,0.325679228746713,0.501592990840303,0.786022237349671,0.32075943042718,1,
0.377647666609265,0.508150744960561,0.674432497013142,0.701157249829816,0.233574818885836,1,
0.318753228861719,0.376336546888694,0.488450816407806,0.761969593828001,0.113914564076942,1,
0.340623385569141,0.431375985977213,0.788331342094783,0.168595416383027,0.571821134149388,1,
0.386257964525573,0.32182296231376,0.658701712465153,0.660993873383254,0.759680239820135,1,
0.381091785775788,0.328133216476775,0.751891676622859,0.580894032221466,0.184111916062953,1,
0.452385052522817,0.67011393514461,0.56989247311828,0.539823008849557,0.260304771421434,1,
0.40743929739969,0.340929009640666,0.729390681003584,0.600862264579079,0.46140394703972,1,
0.330635439986223,0.356879929886065,0.57168458781362,0.653732697980486,0.140644516612541,1,
0.464783881522301,0.551971954425942,0.277777777777778,0.25618334467892,0.432425680739445,1,
0.32495264336146,0.315687992988606,0.472122660294703,0.584751531654186,0.32075943042718,1,
0.40520061994145,0.418580192813322,0.825169255276782,0.709552983889267,0.220584561578816,1,
0.346133976235578,0.399649430324277,0.669653524492234,0.600635352847742,0.161129153135149,1,
0.328741174444636,0.340753724802805,0.538829151732378,0.662355343771273,0.496877341993505,1,
0.360599276734975,0.521121822962314,0.531859816806053,0.460403902881779,0.395453409942543,1,
0.426898570690546,0.525503943908852,0.612504978096376,0.505786249149081,0.467399450412191,1,
0.31823661098674,0.350394390885188,0.580446037435285,0.705014749262537,0.482638021483887,1,
0.396418116066816,0.320946538124452,0.820589406610912,0.56047197640118,0.212090931801149,1,
0.47287756156363,0.673269062226117,0.535244922341696,0.542999773088269,0.267299525355983,1,
0.643705872223179,0.624539877300613,0.27299880525687,0.328795098706603,0.300024981264052,1,
0.343206474944033,0.42646801051709,0.520708880923935,0.872248695257545,0.164876342742943,1,
0.46840020664715,0.338650306748466,0.735165272799681,0.678466076696165,0.509367974019485,1,
0.3271913208197,0.352497808939527,0.476503385105536,0.854549580213297,0.0612040969273045,1,
0.320647494403306,0.32410166520596,0.556152927120669,0.829135466303608,0.10866849862603,1,
0.32271396590322,0.382296231375986,0.535643170051772,0.491263898343544,0.205845615788159,1,
0.347856035818839,0.376687116564417,0.532058940661091,0.54163830270025,0.526605046215339,1,
0.361632512484932,0.453461875547765,0.723217841497411,0.564329475833901,0.520359730202348,1,
0.380919579817462,0.38510078878177,0.104141776184787,0.506013160880417,0.239820134898826,1,
0.374547959359394,0.410692375109553,0.642373556352051,0.537553891536192,0.795903072695478,1,
0.335629412777682,0.314636283961437,0.589207487056949,0.105513955071477,0.900074943792156,1,
0.316170139486826,0.358282208588957,0.59099960175229,0.789199001588382,0.32075943042718,1,
0.452212846564491,0.5011393514461,0.758064516129032,0.553891536192421,0.259805146140395,1,
0.349750301360427,0.360385626643295,0.495619275189168,0.662355343771273,0.655258556082938,1,
0.445152402273119,0.290096406660824,0.730784547988849,0.529158157476742,0.417436922308269,1,
0.33528500086103,0.331288343558282,0.515929908403027,0.714771953710007,0.0806894828878341,1,
0.330979851902876,0.350394390885188,0.236160892074871,0.90832766054005,0.0582063452410692,1,
0.3159979335285,0.25749342681858,0.332536837913182,0.208304969366916,0.62852860354734,1,
0.382297227484071,0.405258545135846,0.609119872560733,0.601996823235761,0.766175368473645,1,
0.379541932150852,0.625591586327783,0.491437674233373,0.513955071477195,0.53185111166625,1,
0.371103840192871,0.307975460122699,0.702907208283552,0.695484456546403,0.744941294029478,1,
0.433786809023592,0.576687116564417,0.583034647550777,0.694576809621057,0.231576317761679,1,
0.334940588944377,0.297458369851008,0.509956192751892,0.56954844565464,0.505370971771172,1,
0.333735147236094,0.339526730937774,0.513341298287535,0.554799183117767,0.0914314264301774,1,
0.353366626485276,0.42874671340929,0.690362405416169,0.214885409575675,0.239820134898826,1,
0.32047528844498,0.352673093777388,0.544603743528475,0.829135466303608,0.32075943042718,1,
0.341828827277424,0.370376862401402,0.552767821585026,0.268209666439755,0.32075943042718,1,
0.452901670397796,0.4988606485539,0.624850657108722,0.532561833446789,0.602048463652261,1,
0.375753401067677,0.393339176161262,0.648745519713262,0.169276151577037,0.130402198351237,1,
0.323574995694851,0.369500438212095,0.855436081242533,0.180167914681189,0.704721458905821,1,
0.364904425693129,0.33794916739702,0.587415372361609,0.595870206489675,0.459155633275044,1,
0.34871706561047,0.375460122699387,0.667463162086818,0.649194463353755,0.80789407944042,1,
0.326846908903048,0.351270815074496,0.595778574273198,0.71976401179941,0.19260554584062,1,
0.339934561735836,0.365819456617003,0.54958183990442,0.267075107783072,0.32075943042718,1,
0.246943344239711,0.344434706397897,0.508562325766627,0.754027683231223,0.32075943042718,1,
0.278112622696745,0.331113058720421,0.547988849064118,0.575901974132063,0.139895078690982,1,
0.365593249526434,0.353724802804557,0.859020310633214,0.572271386430678,0.510117411941044,1,
0.632168073015326,0.636108676599474,0.280963759458383,0.327660540049921,0.298526105420934,1,
0.3159979335285,0.367221735319895,0.427120669056153,0.482641252552757,0.32075943042718,1,
0.501635956604099,0.354776511831727,0.722819593787336,0.638529611980939,0.482388208843367,1,
0.345272946443947,0.442944785276074,0.697331740342493,0.673247106875425,0.32075943042718,1,
0.27656276907181,0.172830850131464,0.500597371565113,0.217381438620377,0.32075943042718,1,
0.327363526778026,0.361262050832603,0.539625647152529,0.281597458588609,0.630527104671496,1,
0.489064921646289,0.472042068361087,0.60573476702509,0.610619469026549,0.152885335998002,1,
0.331840881694507,0.404031551270815,0.242731979291119,0.862037667347402,0.0689482887834124,1,
0.414327535732736,0.37931638913234,0.64615690959777,0.566598593147266,0.757431926055458,1,
0.413983123816084,0.36546888694128,0.664874551971326,0.791014295439074,0.108418685985511,1,
0.387980024108834,0.299211218229623,0.694544006371963,0.520762423417291,0.493130152385711,1,
0.343550886860685,0.411042944785276,0.748904818797292,0.610165645563876,0.685485885585811,1,
0.374031341484415,0.793865030674847,0.226403823178017,0.500340367597005,0.434923807144642,1,
0.334423971069399,0.301840490797546,0.650537634408602,0.749489448604493,0.854609043217587,1,
0.478560358188393,0.597546012269939,0.717642373556352,0.267755842977082,0.277791656257807,1,
0.429481660065438,0.476599474145486,0.570888092393469,0.216019968232358,0.162628028978266,1,
0.38952987773377,0.684487291849255,0.243926722421346,0.457000226911731,0.443417436922308,1,
0.37472016531772,0.429798422436459,0.528673835125448,0.619015203085999,0.191356482638021,1,
0.317031169278457,0.34478527607362,0.546594982078853,0.789652825051055,0.32075943042718,1,
0.38143619769244,0.312708150744961,0.704301075268817,0.59882005899705,0.23082687984012,1,
0.398140175650077,0.784574934268186,0.214257268020709,0.551622418879056,0.223582313265051,1,
0.342517651110728,0.384925503943909,0.681003584229391,0.955979124120717,0.12190856857357,1,
0.329257792319614,0.335144609991236,0.5,0.663489902427955,0.63452410691981,1,
0.333562941277768,0.370902716914987,0.566706491437674,0.836623553437713,0.106669997501874,1,
0.32271396590322,0.356879929886065,0.83731581043409,0.159745858860903,0.751186610042468,1,
0.417082831065955,0.424364592462752,0.648347272003186,0.146584978443386,0.687234574069448,1,
0.320130876528328,0.35284837861525,0.587813620071685,0.792375765827093,0.32075943042718,1,
0.339245737902531,0.374934268185802,0.78215850258861,0.552076242341729,0.424431676242818,1,
0.340623385569141,0.431375985977213,0.788331342094783,0.548899478103018,0.571821134149388,1,
0.342173239194076,0.406134969325153,0.674830744723218,0.563875652371228,0.32075943042718,1,
0.365248837609781,0.350744960560911,0.726602947033055,0.561606535057863,0.698226330252311,1,
0.386085758567246,0.415600350569676,0.578653922739944,0.182890855457227,0.0597052210841869,1,
0.432753573273635,0.628396143733567,0.596176821983273,0.587247560698888,0.517112165875593,1,
0.377819872567591,0.62646801051709,0.55973715651135,0.625822555026095,0.21808643517362,1,
0.350266919235405,0.702366345311131,0.256272401433692,0.624687996369412,0.228578566075443,1,
0.365421043568107,0.491673970201577,0.701911589008363,0.620830496936692,0.194604046964776,1,
0.331496469777854,0.340929009640666,0.660493827160494,0.502382573179033,0.683237571821134,1,
0.397795763733425,0.447326906222612,0.58363201911589,0.636487406398911,0.213090182363228,1,
0.348889271568796,0.312883435582822,0.73257666268419,0.722260040844112,0.690731951036722,1,
0.332874117444464,0.327782646801052,0.486857825567503,0.65736328568187,0.32075943042718,1,
0.369898398484588,0.350920245398773,0.619275189167662,0.593147265713637,0.837371971021734,1,
0.534182882727742,0.389132340052585,0.659299084030267,0.673020195144089,0.157881588808394,1,
0.53159979335285,0.374934268185802,0.853245718837117,0.230769230769231,0.260054958780914,1,
0.319442052695023,0.353023663453111,0.622859418558343,0.743135920127071,0.32075943042718,1,
0.449285345272946,0.603155127081507,0.535045798486659,0.306557749035625,0.294279290532101,1,
0.540210091269158,0.567397020157756,0.678215850258861,0.486498751985478,0.279540344741444,1,
0.345272946443947,0.394040315512708,0.596375945838311,0.884728840481053,0.117411941044217,1,
0.38815223006716,0.341980718667835,0.662485065710872,0.619922850011346,0.477391956032975,1,
0.421560185982435,0.435933391761613,0.521903624054162,0.562060358520535,0.52585560829378,1,
0.314620285861891,0.359509202453988,0.421146953405018,0.476741547538008,0.32075943042718,1,
0.322541759944894,0.319719544259422,0.485663082437276,0.793737236215112,0.136397701723707,1,
0.397967969691751,0.472743207712533,0.820191158900836,0.198547764919446,0.257057207094679,1,
0.354055450318581,0.422261174408414,0.812027080844285,0.228273201724529,0.159880089932551,1,
0.349233683485449,0.368273444347064,0.516726403823178,0.680281370546857,0.32075943042718,1,
0.33080764594455,0.397195442594216,0.535244922341696,0.729975039709553,0.32075943042718,1,
0.439297399690029,0.587554776511832,0.542811628833134,0.477649194463354,0.479140644516613,1,
0.346133976235578,0.44487291849255,0.546794105933891,0.870206489675516,0.178616037971521,1,
0.434647838815223,0.468536371603856,0.518120270808443,0.441570229180849,0.530352235823133,1,
0.313242638195282,0.37353198948291,0.437275985663082,0.648740639891082,0.32075943042718,1,
0.570862751851214,0.508851884312007,0.278773397052967,0.468572725209893,0.459405445915563,1,
0.337007060444291,0.365293602103418,0.628036638789327,0.530519627864761,0.635523357481889,1,
0.368692956776304,0.337072743207713,0.815013938669853,0.568186975266621,0.471146640019985,1,
0.345789564318925,0.338475021910605,0.781760254878534,0.562060358520535,0.457406944791406,1,
0.275873945238505,0.350043821209465,0.678016726403823,0.170183798502383,0.22408193854609,1,
0.398312381608404,0.72410166520596,0.496415770609319,0.569094622191967,0.460654509118161,1,
0.337007060444291,0.337072743207713,0.681800079649542,0.181302473337872,0.89732700474644,1,
