540,5,2,
0.373514723609437,0.543558282208589,0.285145360414178,0.32312230542319,0.295528353734699,0,
0.401928706733253,0.634355828220859,0.539028275587415,0.278647606081234,0.368973270047464,0,
0.429481660065438,0.553023663453111,0.518717642373556,0.313138189244384,0.350736947289533,0,
0.773721370759428,0.329184925503944,0.4778972520908,0.514408894939868,0.420684486635024,0,
0.395040468400207,0.776336546888694,0.263042612504978,0.314272747901066,0.286535098675993,0,
0.726881350094713,0.303242769500438,0.341696535244922,0.381438620376673,0.303772170871846,0,
0.935250559669365,0.341805433829974,0.329151732377539,0.339913773542092,0.306520109917562,0,
0.697089719304288,0.282033304119194,0.391477499004381,0.39596097118221,0.304521608793405,0,
0.465128293438953,0.493952673093777,0.318199920350458,0.33741774449739,0.344491631276543,0,
0.359221629068366,0.646801051709027,0.258661887694146,0.464034490583163,0.277541843617287,0,
0.410883416566213,0.561437335670465,0.57168458781362,0.28477422282732,0.281289033225081,0,
0.759772688135009,0.299912357581069,0.682397451214655,0.278647606081234,0.28853359980015,0,
0.350266919235405,0.409640666082384,0.94663480684986,0.167687769457681,0.32075943042718,0,
0.350266919235405,0.310078878177038,0.553763440860215,0.852280462899932,0.101174119410442,0,
0.347167211985535,0.59193689745837,0.687972919155715,0.514862718402541,0.249562827879091,0,
0.51455140347856,0.359158632778265,0.387495021903624,0.380304061719991,0.347239570322258,0,
0.273118649905287,0.455565293602103,0.796495420151334,0.21261629226231,0.23082687984012,0,
0.507318753228862,0.653637160385627,0.261648745519713,0.317903335602451,0.32075943042718,0,
0.372998105734458,0.632077125328659,0.726403823178017,0.535284774222827,0.257556832375718,0,
0.697089719304288,0.282208588957055,0.391477499004381,0.395734059450874,0.304771421433925,0,
0.359738246943344,0.547765118317266,0.280565511748307,0.324029952348536,0.294529103172621,0,
0.448940933356294,0.501840490797546,0.436479490242931,0.384615384615385,0.32075943042718,0,
0.307387635612192,0.293251533742331,0.482875348466746,0.461765373269798,0.32075943042718,0,
0.822800068882383,0.292024539877301,0.402628434886499,0.406625822555026,0.298526105420934,0,
0.805062855174789,0.335144609991236,0.337714058144166,0.378261856137962,0.308268798401199,0,
0.317203375236783,0.416827344434706,0.753285543608124,0.230769230769231,0.32075943042718,0,
0.363698983984846,0.691849255039439,0.508363201911589,0.484910369866122,0.32075943042718,0,
0.511623902187016,0.538124452234882,0.300278773397053,0.267075107783072,0.693979515363477,0,
0.379369726192526,0.862401402278703,0.248506571087216,0.470614930791922,0.278291281538846,0,
0.765799896676425,0.36319018404908,0.339307048984468,0.343771272974813,0.33325006245316,0,
0.781987256759084,0.293251533742331,0.417363600159299,0.393691853868845,0.30102423182613,0,
0.849319786464612,0.391411042944785,0.460772600557547,0.444973905150896,0.290532100924307,0,
0.311003960737042,0.367046450482033,0.720430107526882,0.549807125028364,0.424681488883337,0,
0.437747546065094,0.560385626643295,0.294902429311031,0.432947583390061,0.236322757931551,0,
0.364043395901498,0.601928133216477,0.610513739545998,0.514408894939868,0.32075943042718,0,
0.403306354399862,0.670990359333918,0.510155316606929,0.478103017926027,0.271046714963777,0,
0.334079559152747,0.411919368974584,0.631023496614894,0.232357612888586,0.187359480389708,0,
0.341656621319098,0.42524101665206,0.87495021903624,0.17812570909916,0.42917811641269,0,
0.699845014637506,0.363540753724803,0.426921545201115,0.341048332198775,0.337746689982513,0,
0.610642328224557,0.279404031551271,0.347670250896057,0.379169503063308,0.300774419185611,0,
0.499913897020837,0.463803680981595,0.426921545201115,0.403222146584978,0.361478890831876,0,
0.368692956776304,0.555477651183173,0.299084030266826,0.410710233719083,0.296777416937297,0,
0.758222834510074,0.191235758106924,0.400637196336121,0.385749943272067,0.285036222832875,0,
0.46616152918891,0.731113058720421,0.278574273197929,0.45450419786703,0.474893829627779,0,
0.33080764594455,0.433479404031551,0.892273994424532,0.190378942591332,0.216087934049463,0,
0.362493542276563,0.384399649430324,0.726602947033055,0.224642614023145,0.220834374219335,0,
0.640433959014982,0.388080631025416,0.434488251692553,0.429543907420014,0.575318511116662,0,
0.80144653004994,0.399298860648554,0.508164078056551,0.432720671658725,0.289283037721709,0,
0.706044429137248,0.34250657318142,0.400836320191159,0.397776265032902,0.295778166375219,0,
0.544515240227312,0.46555652936021,0.427120669056153,0.336283185840708,0.348738446165376,0,
0.334079559152747,0.356178790534619,0.667064914376742,0.792148854095757,0.179115663252561,0,
0.342517651110728,0.378439964943032,0.714456391875747,0.548218742909008,0.442917811641269,0,
0.411744446357844,0.694653812445224,0.273397052966945,0.413886997957794,0.263302523107669,0,
0.915963492336835,0.170201577563541,0.333930704898447,0.379396414794645,0.304521608793405,0,
0.649905286722921,0.601226993865031,0.264635603345281,0.495121397776265,0.264051961029228,0,
0.321852936111589,0.304469763365469,0.45957785742732,0.212162468799637,0.801898576067949,0,
0.371103840192871,0.591411042944785,0.537833532457188,0.431813024733379,0.32075943042718,0,
0.366626485276391,0.375460122699387,0.607925129430506,0.742455184933061,0.196852360729453,0,
0.47063888410539,0.668711656441718,0.265232974910394,0.422282732017245,0.472395703222583,0,
0.309798519028758,0.314285714285714,0.579649542015133,0.781030179260268,0.32075943042718,0,
0.431720337523678,0.377388255915863,0.562126642771804,0.296573632856819,0.32075943042718,0,
0.524711555019804,0.687817703768624,0.272799681401832,0.31336510097572,0.292530602048464,0,
0.490098157396246,0.582822085889571,0.490442054958184,0.315861130020422,0.276292780414689,0,
0.319958670570002,0.281858019281332,0.440461967343688,0.601996823235761,0.686485136147889,0,
0.397623557775099,0.541980718667835,0.601553166069295,0.564102564102564,0.631776167874094,0,
0.380747373859135,0.720420683610868,0.258861011549184,0.437031994554118,0.28178865850612,0,
0.329085586361288,0.49079754601227,0.728992433293508,0.520762423417291,0.32075943042718,0,
0.323574995694851,0.307274320771253,0.498207885304659,0.743589743589744,0.32075943042718,0,
0.330291028069571,0.489044697633655,0.667861409796894,0.240072611754028,0.32075943042718,0,
0.728431203719649,0.195617879053462,0.405416168857029,0.393238030406172,0.306020484636523,0,
0.344584122610642,0.549693251533742,0.307048984468339,0.327433628318584,0.297027229577817,0,
0.818839331840882,0.321647677475898,0.338510553564317,0.341729067392784,0.308518611041719,0,
0.302393662820734,0.275547765118317,0.435483870967742,0.261629226230996,0.32075943042718,0,
0.42311003960737,0.513935144609991,0.469534050179211,0.412298615838439,0.296027979015738,0,
0.743757534010677,0.382120946538124,0.330943847072879,0.379396414794645,0.308768423682238,0,
0.553642156018598,0.423838737949167,0.33273596176822,0.342409802586794,0.337746689982513,0,
0.571723781642845,0.69535495179667,0.272003185981681,0.496936691626957,0.267549337996503,0,
0.510762872395385,0.677300613496932,0.532258064516129,0.496482868164284,0.270547089682738,0,
0.431892543482004,0.528834355828221,0.289127837514934,0.324483775811209,0.29502872845366,0,
0.819872567590839,0.334794040315513,0.407606531262445,0.432720671658725,0.298775918061454,0,
0.432581367315309,0.366170026292726,0.809438470728793,0.179033356024506,0.421933549837622,0,
0.724987084553125,0.418930762489045,0.532656312226205,0.52212389380531,0.268298775918061,0,
0.462028586189082,0.426818580192813,0.428116288331342,0.340140685273429,0.336247814139395,0,
0.336834854485965,0.290446976336547,0.486459577857427,0.878375312003631,0.136897327004746,0,
0.460134320647494,0.575284837861525,0.273596176821983,0.425686407987293,0.388458656007994,0,
0.314103667986912,0.293251533742331,0.482078853046595,0.857045609257999,0.159630277292031,0,
0.363871189943172,0.37125328659071,0.166865790521705,0.0742001361470388,0.202598051461404,0,
0.32271396590322,0.312007011393514,0.556152927120669,0.744724302246426,0.170622033474894,0,
0.325297055278113,0.296231375985977,0.468140183193947,0.179714091218516,0.704721458905821,0,
0.570173928017909,0.61384750219106,0.584826762246117,0.48309507601543,0.282538096427679,0,
0.691923540554503,0.552673093777388,0.292114695340502,0.583616972997504,0.249562827879091,0,
0.52040640606165,0.434706397896582,0.443249701314217,0.442931699568868,0.222083437421934,0,
0.226450835198898,0.0929009640666082,0.304659498207885,0.335602450646698,0.303522358231327,0,
0.34647838815223,0.607011393514461,0.296296296296296,0.316995688677105,0.293779665251062,0,
0.313070432236955,0.278702892199825,0.469135802469136,0.670297254368051,0.629278041468898,0,
0.316686757361805,0.299912357581069,0.522899243329351,0.712729748127978,0.589308018985761,0,
0.566902014809712,0.520771253286591,0.478693747510952,0.317222600408441,0.293280039970022,0,
0.400206647149991,0.684837861524978,0.243130227001195,0.30496936691627,0.287534349238071,0,
0.448424315481316,0.340753724802805,0.695539625647152,0.554799183117767,0.466899825131152,0,
0.330291028069571,0.434005258545136,0.897252090800478,0.194463353755389,0.214339245565826,0,
0.334423971069399,0.523751095530237,0.582437275985663,0.449512139777627,0.279790157381964,0,
0.348544859652144,0.425591586327783,0.867980884109916,0.629226230996142,0.219335498376218,0,
0.336146030652661,0.436985100788782,0.990043807248108,0.194009530292716,0.219835123657257,0,
0.346995006027209,0.496056091148116,0.628036638789327,0.442477876106195,0.279790157381964,0,
0.337351472360944,0.334794040315513,0.482676224611708,0.276378488767869,0.706969772670497,0,
0.328913380402962,0.487116564417178,0.520310633213859,0.501701837985024,0.32075943042718,0,
0.399517823316687,0.529710780017528,0.247710075667065,0.306103925572952,0.280039970022483,0,
0.357843981401756,0.404732690622261,0.881123058542413,0.217381438620377,0.238071446415189,0,
0.403478560358188,0.67589833479404,0.553166069295101,0.454731109598366,0.375218586060455,0,
0.404856208024798,0.646275197195443,0.26284348864994,0.424778761061947,0.357731701224082,0,
0.419493714482521,0.646275197195443,0.46694544006372,0.685273428636261,0.235573320009993,0,
0.563113483726537,0.490622261174408,0.310234966148945,0.338325391422737,0.340744441668748,0,
0.408816945066299,0.438387379491674,0.705097570688969,0.499886544134332,0.269547839120659,0,
0.38591355260892,0.661349693251534,0.678215850258861,0.258906285454958,0.267799150637022,0,
0.753401067676942,0.286765994741455,0.453006770211071,0.582028590878148,0.264551586310267,0,
0.482865507146547,0.59649430324277,0.502588610115492,0.688223281143635,0.242318261304022,0,
0.341484415360771,0.422787028921998,0.900637196336121,0.18788291354663,0.219585311016737,0,
0.42311003960737,0.584399649430324,0.27937076861808,0.419559791241207,0.267799150637022,0,
0.877044945755123,0.298685363716039,0.340900039824771,0.341275243930111,0.307019735198601,0,
0.389702083692096,0.853812445223488,0.222222222222222,0.462219196732471,0.441668748438671,0,
0.381091785775788,0.624715162138475,0.766825965750697,0.246199228500113,0.258556082937797,0,
0.445496814189771,0.612445223488168,0.491636798088411,0.466530519627865,0.601798651011741,0,
0.319269846736697,0.325854513584575,0.548187972919156,0.737236215112321,0.185360979265551,0,
0.429826071982091,0.622085889570552,0.275985663082437,0.276605400499206,0.688733449912565,0,
0.339073531944205,0.428396143733567,0.89247311827957,0.206489675516224,0.238820884336747,0,
0.321508524194937,0.36441717791411,0.745718837116687,0.582028590878148,0.32075943042718,0,
0.367659721026347,0.681858019281332,0.570888092393469,0.526889040163376,0.32075943042718,0,
0.438952987773377,0.522874671340929,0.455396256471525,0.400953029271613,0.32075943042718,0,
0.337351472360944,0.476073619631902,0.640979689366786,0.240072611754028,0.32075943042718,0,
0.737902531427587,0.315162138475022,0.336519315013939,0.341729067392784,0.350487134649013,0,
0.477871534355089,0.583523225241017,0.478096375945838,0.690265486725664,0.232075943042718,0,
0.848458756672981,0.323926380368098,0.337714058144166,0.340594508736102,0.311016737446915,0,
0.346306182193904,0.478878177037686,0.66547192353644,0.256637168141593,0.257057207094679,0,
0.338901325985879,0.512883435582822,0.504778972520908,0.422282732017245,0.293280039970022,0,
0.317375581195109,0.404206836108677,0.750298685782557,0.219877467665078,0.255558331251561,0,
0.313587050111934,0.350219106047327,0.55236957387495,0.855230315407307,0.32075943042718,0,
0.361115894609953,0.706397896581946,0.24352847471127,0.443158611300204,0.32075943042718,0,
0.317719993111762,0.357931638913234,0.718239745121466,0.538461538461539,0.32075943042718,0,
0.352677802651972,0.315863277826468,0.556750298685783,0.879282958928977,0.0804396702473145,0,
0.383847081109006,0.81034180543383,0.248108323377141,0.560018152938507,0.252810392205846,0,
0.529705527811262,0.490622261174408,0.305256869772999,0.413206262763785,0.277791656257807,0,
0.337179266402618,0.389307624890447,0.904221425726802,0.204447469934196,0.236322757931551,0,
0.446013432064749,0.628396143733567,0.268418956591,0.3238030406172,0.376717461903572,0,
0.330291028069571,0.375635407537248,0.625248904818797,0.838211935557068,0.157132150886835,0,
0.338212502152574,0.444522348816827,0.853643966547192,0.206943498978897,0.244566575068699,0,
0.814017565007749,0.177388255915863,0.395659099960175,0.334014068527343,0.292530602048464,0,
0.518684346478388,0.472918492550394,0.303663878932696,0.32902201043794,0.33974519110667,0,
0.468572412605476,0.631200701139351,0.259458383114297,0.315634218289086,0.290781913564826,0,
0.395557086275185,0.763365468886941,0.278574273197929,0.427274790106649,0.554833874594054,0,
0.304632340278974,0.331113058720421,0.475109518120271,0.466303607896528,0.32075943042718,0,
0.80006888238333,0.505170902716915,0.313819195539626,0.336737009303381,0.304271796152885,0,
0.33080764594455,0.339351446099912,0.489446435682995,0.519854776491945,0.32075943042718,0,
0.339245737902531,0.549167397020158,0.591198725607328,0.457227138643068,0.276542593055209,0,
0.474427415188565,0.440315512708151,0.421346077260056,0.400045382346267,0.285535848113915,0,
0.355260892026864,0.406836108676599,0.850059737156511,0.201724529158157,0.224831376467649,0,
0.418288272774238,0.592813321647678,0.276184786937475,0.317222600408441,0.361978516112915,0,
0.440675047356639,0.498334794040316,0.435085623257666,0.412298615838439,0.274044466650012,0,
0.382125021525745,0.582997370727432,0.848466746316209,0.215339233038348,0.24356732450662,0,
0.579817461684174,0.455565293602103,0.31521306252489,0.405037440435671,0.361478890831876,0,
0.33528500086103,0.437686240140228,0.771405814416567,0.231676877694577,0.463902073444916,0,
0.351300154985362,0.307624890446976,0.702110712863401,0.639210347174949,0.575068698476143,0,
0.272602032030308,0.130411919368975,0.710872162485066,0.0964374858180168,0.32075943042718,0,
0.388324436025486,0.706748466257669,0.515133412982875,0.29975039709553,0.28178865850612,0,
0.373342517651111,0.686765994741455,0.272401433691756,0.304742455184933,0.290532100924307,0,
0.392285173066988,0.570727432077125,0.275985663082437,0.314953483095076,0.32075943042718,0,
0.352333390735319,0.394741454864154,0.84010354440462,0.600181529385069,0.425430926804896,0,
0.313070432236955,0.330937773882559,0.610513739545998,0.860449285228046,0.32075943042718,0,
0.457034613397624,0.689921121822962,0.281362007168459,0.629906966190152,0.226580064951287,0,
0.729636645427932,0.453637160385627,0.56152927120669,0.477422282732017,0.28228828378716,0,
0.332874117444464,0.343382997370727,0.49084030266826,0.523031540730656,0.32075943042718,0,
0.365076631651455,0.290972830850131,0.510951812027081,0.624234172906739,0.584561578815888,0,
0.53383847081109,0.409640666082384,0.421943448825169,0.394826412525528,0.279290532100924,0,
0.838126399173411,0.32532865907099,0.33452807646356,0.397776265032902,0.305021234074444,0,
0.562596865851558,0.384574934268186,0.621863799283154,0.594962559564329,0.460404696477642,0,
0.404339590149819,0.667134092900964,0.574870569494225,0.286816428409349,0.32075943042718,0,
0.327707938694679,0.325854513584575,0.49084030266826,0.567960063535285,0.920309767674244,0,
0.3159979335285,0.334969325153374,0.510553564317005,0.893124574540504,0.32075943042718,0,
0.403134148441536,0.758106923751096,0.25826363998407,0.312457454050374,0.284786410192356,0,
0.350094713277079,0.307449605609115,0.552568697729988,0.847061493079192,0.12190856857357,0,
0.323919407611503,0.316739702015776,0.193349263241736,0.654867256637168,0.185111166625031,0,
0.341140003444119,0.333567046450482,0.48805256869773,0.28023598820059,0.568073944541594,0,
0.509385224728776,0.361787905346188,0.337714058144166,0.379396414794645,0.336997252060954,0,
0.763561219218185,0.319368974583699,0.34189565909996,0.374631268436578,0.33349987509368,0,
0.710521784053728,0.399824715162138,0.336121067303863,0.385069208078058,0.341493879590307,0,
0.357327363526778,0.595092024539877,0.484866587017125,0.429316995688677,0.28853359980015,0,
0.378853108317548,0.541454864154251,0.606531262445241,0.461765373269798,0.365725705720709,0,
0.269674530738764,0.417879053461876,0.836718438868976,0.172226004084411,0.32075943042718,0,
0.314275873945238,0.284312007011393,0.454400637196336,0.499432720671659,0.0809392955283537,0,
0.314448079903565,0.36091148115688,0.658303464755078,0.687996369412299,0.450911816137897,0,
0.397451351816773,0.499035933391762,0.294504181600956,0.329475833900613,0.302273295028728,0,
0.339245737902531,0.448203330411919,0.921943448825169,0.174495121397776,0.222333250062453,0,
0.788186671258825,0.323751095530237,0.33731581043409,0.388245972316769,0.306520109917562,0,
0.35904942311004,0.670289219982471,0.499203504579849,0.479464488314046,0.219335498376218,0,
0.318064405028414,0.37581069237511,0.668458781362007,0.745631949171772,0.32075943042718,0,
0.820561391424143,0.294829097283085,0.340501792114695,0.342182890855457,0.336497626779915,0,
0.332013087652833,0.415600350569676,0.828355236957387,0.208304969366916,0.32075943042718,0,
0.962975718959876,0.190359333917616,0.460175228992433,0.329929657363286,0.304271796152885,0,
0.396418116066816,0.626993865030675,0.254878534448427,0.313592012707057,0.290532100924307,0,
0.929567763044601,0.30920245398773,0.341298287534847,0.340140685273429,0.310267299525356,0,
0.380747373859135,0.588606485539001,0.478096375945838,0.420240526435217,0.287784161878591,0,
0.368176338901326,0.781419807186678,0.259259259259259,0.432266848196052,0.510617037222083,0,
0.363698983984846,0.45749342681858,0.526284348864994,0.455184933061039,0.286535098675993,0,
0.831582572757017,0.287116564417178,0.644763042612505,0.280009076469253,0.28828378715963,0,
0.333390735319442,0.297107800175285,0.443448825169255,0.635579759473565,0.852860354733949,0,
0.381263991734114,0.76546888694128,0.225806451612903,0.293169956886771,0.275043717212091,0,
0.772343723092819,0.33444347063979,0.418558343289526,0.342182890855457,0.340994254309268,0,
0.271224384363699,0.454163014899211,0.652329749103943,0.489221692761516,0.32075943042718,0,
0.42448768727398,0.726029798422436,0.258462763839108,0.542772861356932,0.24981264051961,0,
0.30928190115378,0.324802804557406,0.14058144165671,0.757431359201271,0.32075943042718,0,
0.358705011193387,0.455565293602103,0.619872560732776,0.491490810074881,0.264051961029228,0,
0.54055450318581,0.585626643295355,0.257268020708881,0.320626276378489,0.29502872845366,0,
0.320647494403306,0.434706397896582,0.678016726403823,0.20285908781484,0.32075943042718,0,
0.402100912691579,0.564767747589834,0.265830346475508,0.405037440435671,0.291781164126905,0,
0.313587050111934,0.343908851884312,0.479291119076065,0.706830043113229,0.32075943042718,0,
0.789392112967109,0.413146362839614,0.432497013142174,0.408441116405718,0.261803647264552,0,
0.377131048734286,0.793865030674847,0.238749502190362,0.290447016110733,0.32075943042718,0,
0.517478904770105,0.622611744084137,0.292712066905615,0.312684365781711,0.365725705720709,0,
0.467883588772171,0.614548641542507,0.618677817602549,0.543907420013615,0.263802148388708,0,
0.407783709316342,0.505872042068361,0.30326563122262,0.329702745631949,0.303272545590807,0,
0.780437403134148,0.187905346187555,0.387295898048586,0.385523031540731,0.306270297277042,0,
0.408989151024625,0.593865030674847,0.502588610115492,0.415021556614477,0.290532100924307,0,
0.475460650938522,0.71726555652936,0.271405814416567,0.423644202405264,0.503122658006495,0,
0.548992595143792,0.577914110429448,0.465551573078455,0.628999319264806,0.238571071696228,0,
0.724987084553125,0.194566170026293,0.405416168857029,0.394826412525528,0.297776667499375,0,
0.738074737385913,0.34022787028922,0.400836320191159,0.395507147719537,0.34599050711966,0,
0.564146719476494,0.514460999123576,0.302469135802469,0.331291127751305,0.347739195603298,0,
0.332529705527811,0.541805433829974,0.649342891278375,0.597458588609031,0.19860104921309,0,
0.323230583778199,0.450131463628396,0.627439267224213,0.25164511005219,0.268548588558581,0,
0.429826071982091,0.465907099035933,0.298287534846675,0.335829362378035,0.305271046714964,0,
0.319269846736697,0.37353198948291,0.715452011150936,0.181302473337872,0.32075943042718,0,
0.449974169106251,0.710780017528484,0.284547988849064,0.470388019060585,0.492130901823632,0,
0.396073704150164,0.37125328659071,0.762445240939865,0.525073746312684,0.407694229328004,0,
0.340795591527467,0.388957055214724,0.855635205097571,0.238257317903336,0.244066949787659,0,
0.398656793525056,0.774057843996494,0.283353245718837,0.596097118221012,0.23732200849363,0,
0.344584122610642,0.531288343558282,0.609318996415771,0.786249149081007,0.161129153135149,0,
0.376442224900982,0.855390008764242,0.249502190362405,0.29975039709553,0.281039220584562,0,
0.34647838815223,0.381069237510955,0.475308641975309,0.792375765827093,0.150387209592805,0,
0.442569312898226,0.647852760736196,0.269016328156113,0.313818924438393,0.289033225081189,0,
0.573962459101085,0.433829973707274,0.451413779370769,0.288631722260041,0.639020734449163,0,
0.33528500086103,0.345661700262927,0.521704500199124,0.748808713410483,0.564826380214839,0,
0.318064405028414,0.320595968448729,0.528275587415372,0.440435670524166,0.274793904571571,0,
0.397451351816773,0.718317265556529,0.276184786937475,0.415248468345813,0.253809642767924,0,
0.359221629068366,0.407537248028046,0.864396654719235,0.207851145904243,0.245316012990257,0,
0.62751851214052,0.156529360210342,0.334129828753485,0.340821420467438,0.306769922558081,0,
0.691234716721199,0.469412795793164,0.450219036240542,0.327433628318584,0.250811891081689,0,
0.314448079903565,0.31603856266433,0.609518120270808,0.890401633764466,0.32075943042718,0,
0.481143447563286,0.644522348816827,0.29410593389088,0.400272294077604,0.293779665251062,0,
0.306182193903909,0.294478527607362,0.447431302270012,0.715906512366689,0.107669248063952,0,
0.387463406233856,0.62646801051709,0.511150935882119,0.472884048105287,0.230077441918561,0,
0.668159118305493,0.456091148115688,0.454400637196336,0.455638756523712,0.262303272545591,0,
0.545204064060617,0.394566170026293,0.328753484667463,0.342182890855457,0.33974519110667,0,
0.434475632856897,0.721647677475898,0.280565511748307,0.426594054912639,0.264551586310267,0,
0.322541759944894,0.401226993865031,0.519912385503783,0.597231676877695,0.225830627029728,0,
0.390046495608748,0.818930762489045,0.242333731581043,0.529158157476742,0.253310017486885,0,
0.333907353194421,0.549342681858019,0.637196336121067,0.58384388472884,0.201348988258806,0,
0.799380058550026,0.33444347063979,0.336917562724014,0.378942591331972,0.335748188858356,0,
0.847253314964698,0.337423312883436,0.425925925925926,0.380530973451327,0.30776917312016,0,
0.856380230755984,0.312357581069238,0.460175228992433,0.489448604492852,0.3974519110667,0,
0.593938350266919,0.367747589833479,0.333134209478295,0.385069208078058,0.341743692230827,0,
0.841053900464956,0.317791411042945,0.341497411389884,0.344225096437486,0.311266550087434,0,
0.473221973480282,0.571428571428571,0.296694544006372,0.329929657363286,0.350237322008494,0,
0.319614258653349,0.466432953549518,0.593588211867782,0.484910369866122,0.267299525355983,0,
0.808506974341312,0.476073619631902,0.314814814814815,0.334694803721352,0.303522358231327,0,
0.425176511107284,0.672918492550394,0.280167264038232,0.42001361470388,0.26280289782663,0,
0.443258136731531,0.450131463628396,0.306849860613301,0.398457000226912,0.293779665251062,0,
0.644222490098157,0.391411042944785,0.439665471923536,0.422055820285909,0.439170622033475,0,
0.781815050800758,0.354250657318142,0.441656710473915,0.339006126616746,0.340744441668748,0,
0.919407611503358,0.339176161262051,0.33552369573875,0.337190832766054,0.306769922558081,0,
0.370759428276218,0.48501314636284,0.773994424532059,0.250283639664171,0.414439170622033,0,
0.381608403650766,0.57475898334794,0.602747909199522,0.280462899931926,0.276792405695728,0,
0.368004132943,0.484136722173532,0.462962962962963,0.427501701837985,0.32075943042718,0,
0.341656621319098,0.47467134092901,0.302070888092393,0.325391422736555,0.349737696727454,0,
0.768038574134665,0.281507449605609,0.39984070091597,0.40639891082369,0.302023482388209,0,
0.452557258481143,0.559684487291849,0.567702110712863,0.294758339006127,0.286784911316513,0,
0.388324436025486,0.705170902716915,0.225009956192752,0.293396868618108,0.32075943042718,0,
0.323058377819873,0.309377738825592,0.530665073675826,0.907873837077377,0.10866849862603,0,
0.369037368692957,0.63102541630149,0.714257268020709,0.51690492398457,0.246565076192855,0,
0.476149474771827,0.578790534618756,0.293508562325767,0.407987292943045,0.352235823132651,0,
0.336662648527639,0.348115687992989,0.679808841099164,0.657817109144543,0.495628278790907,0,
0.638367487515068,0.407361963190184,0.333333333333333,0.385069208078058,0.336247814139395,0,
0.449285345272946,0.628921998247152,0.267622461170848,0.314499659632403,0.293529852610542,0,
0.37472016531772,0.626818580192813,0.647749900438072,0.515543453596551,0.266550087434424,0,
0.267263647322197,0.450482033304119,0.759259259259259,0.186975266621284,0.32075943042718,0,
0.416049595315998,0.72410166520596,0.650338510553564,0.259813932380304,0.270547089682738,0,
0.329085586361288,0.351621384750219,0.548586220629231,0.69639210347175,0.32075943042718,0,
0.335629412777682,0.463102541630149,0.596973317403425,0.488540957567506,0.32075943042718,0,
0.371276046151197,0.638387379491674,0.735762644364795,0.518266394372589,0.247564326754934,0,
0.352505596693646,0.317966695880806,0.741138988450816,0.653278874517813,0.49387959030727,0,
0.355605303943516,0.341980718667835,0.738550378335325,0.575675062400726,0.222583062702973,0,
0.83416566213191,0.185626643295355,0.395659099960175,0.385976855003404,0.292280789407944,0,
0.602548648183227,0.610517090271692,0.521306252489048,0.31404583616973,0.370971771171621,0,
0.349405889443775,0.636108676599474,0.276981282357626,0.431813024733379,0.291531351486385,0,
0.507318753228862,0.430499561787905,0.754082039028276,0.487860222373497,0.393454908818386,0,
0.540898915102462,0.402629272567923,0.441855834328953,0.418879056047198,0.279790157381964,0,
0.678835887721715,0.459596844872918,0.50278773397053,0.320399364647152,0.371221583812141,0,
0.36352677802652,0.690271691498685,0.251294305057746,0.437939641479464,0.280289782663003,0,
0.433270191148614,0.763014899211218,0.272600557546794,0.313818924438393,0.287534349238071,0,
0.370759428276218,0.529535495179667,0.659697331740342,0.510097572044475,0.32075943042718,0,
0.364043395901498,0.648729184925504,0.550378335324572,0.474699341955979,0.25630776917312,0,
0.408989151024625,0.381419807186678,0.718438868976503,0.529611980939415,0.41693729702723,0,
0.351300154985362,0.449605609114812,0.584826762246117,0.460857726344452,0.184861353984512,0,
0.378853108317548,0.541454864154251,0.606531262445241,0.461765373269798,0.27579315513365,0,
0.657654554847598,0.419106047326906,0.333731581043409,0.385069208078058,0.305271046714964,0,
0.329946616152919,0.2965819456617,0.436877737953007,0.581347855684139,0.686485136147889,0,
0.88841053900465,0.354425942156003,0.338908801274393,0.340367597004765,0.334499125655758,0,
0.480282417771655,0.482033304119194,0.285941855834329,0.330837304288632,0.343242568073945,0,
0.349233683485449,0.36669588080631,0.777379530067702,0.544361243476288,0.233325006245316,0,
0.376442224900982,0.663453111305872,0.272799681401832,0.312911277513047,0.32075943042718,0,
0.560185982434992,0.492550394390885,0.491636798088411,0.316088041751759,0.291031726205346,0,
0.607026003099707,0.33567046450482,0.392074870569494,0.40571817562968,0.290032475643268,0,
0.311003960737042,0.288343558282209,0.469733174034249,0.314499659632403,0.212090931801149,0,
0.942311003960737,0.386327782646801,0.333134209478295,0.383707737690039,0.370222333250062,0,
0.82607198209058,0.33339176161262,0.408403026682597,0.421148173360563,0.30152385710717,0,
0.745307387635612,0.380718667835232,0.44305057745918,0.426594054912639,0.496377716712466,0,
0.513518167728603,0.35863277826468,0.337514934289128,0.385296119809394,0.349487884086935,0,
0.547787153435509,0.495880806310254,0.467941059338909,0.452461992285001,0.273295028728454,0,
0.358532805235061,0.539702015775635,0.520708880923935,0.442931699568868,0.275043717212091,0,
0.412949888066127,0.754951796669588,0.527479091995221,0.289085545722714,0.281289033225081,0,
0.410366798691235,0.847852760736196,0.251095181202708,0.431132289539369,0.389457906570072,0,
0.302910280695712,0.276599474145486,0.44026284348865,0.480145223508055,0.32075943042718,0,
0.328396762527983,0.372655565293602,0.614695340501792,0.847061493079192,0.160629527854109,0,
0.415705183399346,0.492199824715162,0.291716447630426,0.402768323122305,0.266050462153385,0,
0.446185638023076,0.744609991235758,0.521704500199124,0.480599046970728,0.428678491131651,0,
0.686585155846392,0.191586327782647,0.405814416567105,0.398683911958248,0.299525355983013,0,
0.514895815395213,0.569149868536372,0.29410593389088,0.42001361470388,0.277292030976767,0,
0.585500258308937,0.617002629272568,0.465352449223417,0.409121851599728,0.287784161878591,0,
0.820561391424143,0.186327782646801,0.340700915969733,0.343544361243476,0.308268798401199,0,
0.390563113483726,0.388957055214724,0.701115093588212,0.551168595416383,0.19260554584062,0,
0.39262958498364,0.678001752848379,0.294902429311031,0.321307011572498,0.35898076442668,0,
0.484587566729809,0.633128834355828,0.281561131023497,0.419105967778534,0.571071696227829,0,
0.447563285689685,0.751446099912358,0.268618080446037,0.312684365781711,0.284786410192356,0,
0.41191665231617,0.660999123575811,0.257666268418957,0.313592012707057,0.32075943042718,0,
0.677630446013432,0.402629272567923,0.430904022301872,0.441797140912185,0.474893829627779,0,
0.436369898398485,0.711130587204207,0.273397052966945,0.315634218289086,0.290032475643268,0,
0.327707938694679,0.440315512708151,0.716845878136201,0.222600408441116,0.32075943042718,0,
0.313931462028586,0.359859772129711,0.503783353245719,0.716133424098026,0.32075943042718,0,
0.500086102979163,0.53567046450482,0.307048984468339,0.398457000226912,0.299275543342493,0,
0.348889271568796,0.521121822962314,0.797092791716448,0.22759246653052,0.24981264051961,0,
0.389357671775443,0.777212971078002,0.257268020708881,0.427501701837985,0.431926055458406,0,
0.375925607026003,0.615950920245399,0.662485065710872,0.496255956432948,0.257057207094679,0,
0.6096090924746,0.188080631025416,0.41178813221824,0.393464942137508,0.295528353734699,0,
0.545204064060617,0.510429447852761,0.450617283950617,0.669843430905378,0.211091681239071,0,
0.339245737902531,0.778615249780894,0.257467144563919,0.636260494667574,0.220584561578816,0,
0.378853108317548,0.320420683610868,0.648944643568299,0.810074880871341,0.139895078690982,0,
0.742896504219046,0.301314636283961,0.419553962564715,0.405491263898344,0.256807394454159,0,
0.349750301360427,0.336021034180543,0.870569494225408,0.547991831177672,0.414688983262553,0,
0.764766660926468,0.395092024539877,0.567901234567901,0.296800544588155,0.291531351486385,0,
0.541415532977441,0.466783523225241,0.427917164476304,0.335148627184025,0.350736947289533,0,
0.364215601859824,0.499211218229623,0.906013540422142,0.207624234172907,0.240069947539345,0,
0.647666609264681,0.569500438212095,0.304659498207885,0.398230088495575,0.349238071446415,0,
0.261580850697434,0.346362839614373,0.65989645559538,0.16972997503971,0.21808643517362,0,
0.35095574306871,0.445749342681858,0.771604938271605,0.524166099387338,0.261304021983512,0,
0.354744274151886,0.637686240140228,0.268418956591,0.293169956886771,0.284036972270797,0,
0.283623213363182,0.320595968448729,0.627240143369176,0.74903562514182,0.172370721958531,0,
0.380230755984157,0.583698510078878,0.496415770609319,0.42069434989789,0.379965026230327,0,
0.724814878594799,0.398071866783523,0.443647949024293,0.334467891990016,0.306020484636523,0,
0.84088169450663,0.343558282208589,0.425726802070888,0.469480372135239,0.27554334249313,0,
0.507490959187188,0.637510955302366,0.299084030266826,0.32312230542319,0.381963527354484,0,
0.471844325813673,0.695004382120947,0.243130227001195,0.565917857953256,0.259305520859355,0,
0.372137075942828,0.567922874671341,0.495818399044205,0.41479464488314,0.297027229577817,0,
0.352161184776993,0.680981595092024,0.228195937873357,0.245972316768777,0.660754434174369,0,
0.818322713965903,0.29535495179667,0.596575069693349,0.308373042886317,0.295278541094179,0,
0.471499913897021,0.522874671340929,0.551971326164874,0.442931699568868,0.478641019235573,0,
0.425865334940589,0.609815950920245,0.235762644364795,0.303380984796914,0.366974768923308,0,
0.934045117961081,0.179666958808063,0.337514934289128,0.339913773542092,0.305520859355483,0,
0.66919235405545,0.481682734443471,0.289924332935086,0.331291127751305,0.299525355983013,0,
0.747029447218874,0.317090271691499,0.398645957785743,0.388926707510778,0.30776917312016,0,
0.473049767521956,0.686415425065732,0.273994424532059,0.295892897662809,0.556082937796653,0,
0.48097124160496,0.515162138475022,0.290123456790123,0.478783753120036,0.4484136897327,0,
0.39176855519201,0.589307624890447,0.475706889685384,0.77762650329022,0.196852360729453,0,
0.406750473566385,0.497984224364593,0.728395061728395,0.508736101656456,0.263552335748189,0,
0.397106939900121,0.58737949167397,0.834328952608522,0.219196732471069,0.240319760179865,0,
0.461856380230756,0.702366345311131,0.248705694942254,0.418879056047198,0.362727954034474,0,
0.545204064060617,0.530061349693252,0.45957785742732,0.423190378942591,0.27579315513365,0,
0.462372998105734,0.527782646801052,0.307845479888491,0.325618334467892,0.348988258805896,0,
0.316170139486826,0.361612620508326,0.730784547988849,0.602223734967098,0.214838870846865,0,
0.359738246943344,0.625766871165644,0.285941855834329,0.422282732017245,0.292280789407944,0,
0.305493370070604,0.297984224364592,0.424332935085623,0.454731109598366,0.32075943042718,0,
0.610125710349578,0.411919368974584,0.436479490242931,0.405037440435671,0.286535098675993,0,
0.351644566902015,0.675372480280456,0.509757068896854,0.237803494440663,0.32075943042718,0,
0.322541759944894,0.303768624014023,0.480087614496217,0.223961878829135,0.32075943042718,0,
0.379025314275874,0.700438212094654,0.242931103146157,0.428636260494668,0.284286784911317,0,
0.327019114861374,0.419281332164768,0.495221027479092,0.64692534604039,0.32075943042718,1,
0.342173239194076,0.38737949167397,0.539625647152529,0.549807125028364,0.32075943042718,1,
0.434303426898571,0.415425065731814,0.741537236160892,0.614476968459269,0.664251811141644,1,
0.446185638023076,0.39193689745837,0.570290720828355,0.551168595416383,0.263302523107669,1,
0.322886171861546,0.305170902716915,0.435483870967742,0.663943725890629,0.106669997501874,1,
0.398312381608404,0.419106047326906,0.736758263639984,0.232584524619923,0.245316012990257,1,
0.313414844153608,0.310254163014899,0.427718040621266,0.286589516678012,0.546590057456907,1,
0.311003960737042,0.343908851884312,0.413181999203505,0.461538461538462,0.556582563077692,1,
0.308937489237128,0.301314636283961,0.457984866587017,0.75879282958929,0.32075943042718,1,
0.338212502152574,0.391411042944785,0.803663878932696,0.220558202859088,0.227829128153885,1,
0.320303082486654,0.337598597721297,0.664277180406213,0.561379623326526,0.20534599050712,1,
0.44911313931462,0.38965819456617,0.576463560334528,0.571363739505332,0.263302523107669,1,
0.386946788358877,0.419982471516214,0.563520509757069,0.871341048332199,0.138146390207345,1,
0.500258308937489,0.358983347940403,0.902230187176424,0.22169276151577,0.261803647264552,1,
0.354916480110212,0.35284837861525,0.795698924731183,0.534604039028818,0.503872095928054,1,
0.31152057861202,0.323225241016652,0.535444046196734,0.713864306784661,0.101174119410442,1,
0.394351644566902,0.403155127081507,0.665870171246515,0.649648286816428,0.680739445415938,1,
0.391251937317031,0.665205959684487,0.59836718438869,0.547084184252326,0.228078940794404,1,
0.334423971069399,0.306397896581946,0.313819195539626,0.600635352847742,0.713215088683487,1,
0.402100912691579,0.409815950920245,0.787335722819594,0.62741093714545,0.528603547339495,1,
0.343550886860685,0.37931638913234,0.667064914376742,1,0.116912315763178,1,
0.351816772860341,0.395092024539877,0.718040621266428,0.629226230996142,0.706969772670497,1,
0.345272946443947,0.337598597721297,0.527479091995221,0.794417971409122,0.162128403697227,1,
0.403822972274841,0.339000876424189,0.697729988052569,0.555479918311777,0.597052210841869,1,
0.360943688651627,0.474846625766871,0.706292313819195,0.611527115951895,0.207844116912316,1,
0.39400723265025,0.310078878177038,0.801274392672242,0.643521670070343,0.638021483887085,1,
0.365248837609781,0.494478527607362,0.6342094782955,0.756977535738598,0.32075943042718,1,
0.369381780609609,0.385977212971078,0.656113102349661,0.585659178579533,0.622283287534349,1,
0.352505596693646,0.400876424189308,0.828753484667463,0.18788291354663,0.428928303772171,1,
0.446185638023076,0.469588080631025,0.693548387096774,0.554118447923758,0.534099425430927,1,
0.313242638195282,0.347239263803681,0.414177618478694,0.450419786702973,0.538845865600799,1,
0.42672636473222,0.546538124452235,0.280167264038232,0.421601996823236,0.255058705970522,1,
0.264508351988979,0.292550394390885,0.513938669852648,0.792375765827093,0.0347239570322258,1,
0.375408989151025,0.347589833479404,0.751095181202708,0.698207397322442,0.659755183612291,1,
0.400206647149991,0.417002629272568,0.651732377538829,0.650782845473111,0.653260054958781,1,
0.312553814361977,0.336722173531989,0.600955794504182,0.572498298162015,0.201598800899326,1,
0.346133976235578,0.320595968448729,0.652130625248905,0.698207397322442,0.753934549088184,1,
0.337179266402618,0.440841367221735,0.788132218239745,0.20739732244157,0.214838870846865,1,
0.427070776648872,0.499035933391762,0.570489844683393,0.611754027683231,0.63427429427929,1,
0.381952815567419,0.31148115687993,0.628833134209478,0.657590197413206,0.824131901074194,1,
0.378680902359222,0.294127957931639,0.434289127837515,0.681642840934876,0.663252560579565,1,
0.468572412605476,0.319193689745837,0.707487056949422,0.560018152938507,0.259805146140395,1,
0.545720681935595,0.463628396143734,0.697530864197531,0.252325845246199,0.279040719460405,1,
0.377131048734286,0.359158632778265,0.146754281162883,0.132062627637849,0.124656507619286,1,
0.395901498191837,0.768448729184926,0.548785344484269,0.492625368731563,0.257057207094679,1,
0.343550886860685,0.394040315512708,0.587017124651533,0.58974358974359,0.32075943042718,1,
0.465644911313931,0.324978089395267,0.683193946634807,0.790787383707738,0.50012490632026,1,
0.320647494403306,0.343382997370727,0.511549183592194,0.659859314726571,0.161378965775668,1,
0.33304632340279,0.316739702015776,0.584229390681004,0.143862037667347,0.913564826380215,1,
0.328396762527983,0.38510078878177,0.495221027479092,0.840481052870433,0.124406694978766,1,
0.274840709488548,0.299737072743208,0.274193548387097,0.511459042432494,0.53185111166625,1,
0.353538832443603,0.334794040315513,0.750497809637595,0.571363739505332,0.491131651261554,1,
0.403995178233167,0.2988606485539,0.671047391477499,0.539369185386885,0.500624531601299,1,
0.309970724987085,0.304119193689746,0.51652727996814,0.528931245745405,0.32075943042718,1,
0.319614258653349,0.351446099912358,0.625647152528873,0.566144769684593,0.32075943042718,1,
0.344928534527295,0.466257668711656,0.740342493030665,0.231223054231904,0.32075943042718,1,
0.404167384191493,0.707449605609115,0.248307447232178,0.442477876106195,0.460654509118161,1,
0.319097640778371,0.331288343558282,0.45499800876145,0.518266394372589,0.32075943042718,1,
0.467366970897193,0.318667835232252,0.713659896455595,0.550941683685046,0.261054209342993,1,
0.272946443946961,0.341104294478528,0.542612504978096,0.747674154753801,0.113914564076942,1,
0.406578267608059,0.372480280455741,0.632815611310235,0.539369185386885,0.044216837371971,1,
0.347511623902187,0.401577563540754,0.531859816806053,0.250510551395507,0.32075943042718,1,
0.456517995522645,0.305170902716915,0.757467144563919,0.215112321307012,0.405695728203847,1,
0.410366798691235,0.0429447852760736,0.66726403823178,0.160653505786249,0.234074444166875,1,
0.395040468400207,0.330236634531113,0.819195539625647,0.61311549807125,0.459905071196603,1,
0.332701911486137,0.368624014022787,0.518916766228594,0.732244157022918,0.32075943042718,1,
0.360771482693301,0.324802804557406,0.55694942254082,0.577717267982755,0.32075943042718,1,
0.313414844153608,0.357931638913234,0.448028673835125,0.55071477195371,0.32075943042718,1,
0.338901325985879,0.330411919368975,0.445041816009558,0.680281370546857,0.497876592555583,1,
0.332013087652833,0.35056967572305,0.674233373158104,0.655321080099841,0.32075943042718,1,
0.352161184776993,0.453637160385627,0.705097570688969,0.656455638756524,0.142892830377217,1,
0.326846908903048,0.350043821209465,0.515929908403027,0.271613342409803,0.690482138396203,1,
0.491992422937834,0.627519719544259,0.630227001194743,0.255048786022237,0.281289033225081,1,
0.356638539693473,0.452410166520596,0.673636001592991,0.517131835715906,0.232075943042718,1,
0.36214913035991,0.295179666958808,0.735563520509757,0.615838438847288,0.139895078690982,1,
0.349405889443775,0.606485539000876,0.546993229788929,0.457680962105741,0.239320509617787,1,
0.323058377819873,0.315337423312883,0.746913580246914,0.226457907873837,0.32075943042718,1,
0.326846908903048,0.344609991235758,0.567901234567901,0.511005218969821,0.648513614788908,1,
0.366626485276391,0.448378615249781,0.865392273994425,0.177671885636487,0.476392705470897,1,
0.32633029102807,0.310254163014899,0.513341298287535,0.506240072611754,0.510117411941044,1,
0.378336490442569,0.38159509202454,0.77757865392274,0.590424324937599,0.493130152385711,1,
0.267952471155502,0.133917616126205,0.155714854639586,0.150896301338779,0.32075943042718,1,
0.434992250731875,0.456792287467134,0.756670649143767,0.237803494440663,0.407444416687484,1,
0.191148613742035,0,0.2536837913182,0.2119355570683,0.32075943042718,1,
0.313931462028586,0.303067484662577,0.540621266427718,0.502836396641706,0.32075943042718,1,
0.478388152230067,0.390359333917616,0.864197530864197,0.211481733605627,0.41643767174619,1,
0.330463234027897,0.392462751971954,0.550378335324572,0.233719083276605,0.541343992005995,1,
0.250215257447908,0.324452234881683,0.588012743926722,0.79782164737917,0.0766924806395204,1,
0.409505768899604,0.347414548641542,0.727996814018319,0.752439301111867,0.53210092430677,1,
0.358360599276735,0.47239263803681,0.683193946634807,0.53641933287951,0.170622033474894,1,
0.280351300154985,0.348466257668712,0.588809239346874,0.641479464488314,0.510617037222083,1,
0.322369553986568,0.315512708150745,0.498207885304659,0.725436805082823,0.131901074194354,1,
0.324780437403134,0.367397020157756,0.6047391477499,0.519854776491945,0.268048963277542,1,
0.349061477527122,0.348115687992989,0.515332536837913,0.857272520989335,0.857606794903822,1,
0.412949888066127,0.654513584574934,0.716646754281163,0.528704334014069,0.264801398950787,1,
0.436714310315137,0.708851884312007,0.665870171246515,0.276151577036533,0.277541843617287,1,
0.488376097812984,0.338299737072743,0.702309836718439,0.503063308373043,0.2560579565326,1,
0.38815223006716,0.461875547765118,0.781162883313421,0.583390061266167,0.571071696227829,1,
0.39262958498364,0.32760736196319,0.66726403823178,0.547991831177672,0.440169872595553,1,
0.47511623902187,0.619807186678352,0.555555555555556,0.276832312230542,0.284536597551836,1,
0.342173239194076,0.375284837861525,0.571883711668658,0.604265940549126,0.233574818885836,1,
0.374203547442741,0.420508326029798,0.82078853046595,0.605627410937145,0.548088933300025,1,
0.395384880316859,0.350219106047327,0.677817602548785,0.607215793056501,0.466400199850112,1,
0.470983296022042,0.502191060473269,0.578255675029869,0.234172906739278,0.270297277042218,1,
0.354055450318581,0.387028921998247,0.522899243329351,0.791014295439074,0.12790407194604,1,
0.343206474944033,0.463803680981595,0.713460772600558,0.585659178579533,0.632525605795653,1,
0.363871189943172,0.622261174408414,0.613500597371565,0.520535511685954,0.558331251561329,1,
0.38367487515068,0.525503943908852,0.710075667064914,0.599727705922396,0.261054209342993,1,
0.427242982607198,0.45170902716915,0.520908004778972,0.445654640344906,0.524606545091182,1,
0.36214913035991,0.412445223488168,0.60294703305456,0.769230769230769,0.701723707219585,1,
0.316686757361805,0.334618755477651,0.46594982078853,0.213977762650329,0.32075943042718,1,
0.340623385569141,0.358808063102542,0.451015531660693,0.624687996369412,0.186360229827629,1,
0.324436025486482,0.355652936021034,0.534050179211469,0.780349444066258,0.32075943042718,1,
0.322369553986568,0.367221735319895,0.542015133412983,0.54617653732698,0.259055708218836,1,
0.462028586189082,0.568273444347064,0.721823974512147,0.208531881098253,0.271546340244816,1,
0.386085758567246,0.409815950920245,0.723416965352449,0.539369185386885,0.663002747939046,1,
0.320303082486654,0.406310254163015,0.46415770609319,0.604492852280463,0.572070946789908,1,
0.315481315653522,0.322874671340929,0.49542015133413,0.737236215112321,0.152385710716962,1,
0.594454968141898,0.490271691498685,0.614097968936679,0.259587020648968,0.482638021483887,1,
0.36214913035991,0.3011393514461,0.752090800477897,0.617653732697981,0.150137396952286,1,
0.332185293611159,0.346362839614373,0.537435284747113,0.857499432720672,0.0691981014239321,1,
0.358705011193387,0.357230499561788,0.793508562325767,0.538007714998865,0.479640269797652,1,
0.328913380402962,0.312182296231376,0.46594982078853,0.192874971636034,0.32075943042718,1,
0.306698811778888,0.29079754601227,0.447431302270012,0.200136147038802,0.80114913814639,1,
0.308076459445497,0.32182296231376,0.487654320987654,0.641933287950987,0.201348988258806,1,
0.41639400723265,0.439964943032428,0.719434488251693,0.251418198320853,0.222333250062453,1,
0.344584122610642,0.42296231375986,0.765432098765432,0.570456092579986,0.596802398201349,1,
0.470294472188738,0.334969325153374,0.734567901234568,0.706376219650556,0.153135148638521,1,
0.458240055105907,0.476599474145486,0.604938271604938,0.466757431359201,0.639770172370722,1,
0.25727570173928,0.397020157756354,0.696336121067304,0.181756296800545,0.560579565326005,1,
0.321852936111589,0.324276950043821,0.470330545599363,0.786476060812344,0.32075943042718,1,
0.457895643189254,0.636108676599474,0.601354042214257,0.442477876106195,0.276792405695728,1,
0.346650594110556,0.445398773006135,0.522301871764237,0.603131381892444,0.507619285535848,1,
0.331496469777854,0.401577563540754,0.556551174830745,0.231903789425913,0.542343242568074,1,
0.327363526778026,0.361262050832603,0.539625647152529,0.435897435897436,0.630527104671496,1,
0.44911313931462,0.367922874671341,0.751095181202708,0.773315180394826,0.194853859605296,1,
0.366970897193043,0.351971954425942,0.835722819593787,0.201270705695484,0.49337996502623,1,
0.30928190115378,0.341279579316389,0.590003982477101,0.62287270251872,0.32075943042718,1,
0.332357499569485,0.359509202453988,0.887295898048586,0.638529611980939,0.48063952035973,1,
0.370931634234544,0.406134969325153,0.620270808442851,0.547764919446335,0.832625530851861,1,
0.425865334940589,0.638212094653812,0.653126244524094,0.505332425686408,0.529352985261054,1,
0.571723781642845,0.444522348816827,0.650935882118678,0.521216246879964,0.529852610542093,1,
0.332357499569485,0.302366345311131,0.469135802469136,0.74903562514182,0.745191106669997,1,
0.488892715687963,0.656967572304996,0.599761051373955,0.488540957567506,0.273045216087934,1,
0.385224728775616,0.303593339176161,0.68379131819992,0.513274336283186,0.494129402947789,1,
0.331152057861202,0.319719544259422,0.572879330943847,0.608123439981847,0.32075943042718,1,
0.3903909075254,0.322173531989483,0.565710872162485,0.716587247560699,0.16662503122658,1,
0.377131048734286,0.310078878177038,0.698128235762644,0.601769911504425,0.228078940794404,1,
0.342517651110728,0.418229623137599,0.746913580246914,0.160426594054913,0.680989258056458,1,
0.346822800068882,0.440490797546012,0.680605336519315,0.659859314726571,0.165126155383462,1,
0.281728947821595,0.320070113935145,0.511150935882119,0.717267982754708,0.0729452910317262,1,
0.45806784914758,0.308150744960561,0.620469932297889,0.659632402995235,0.550337247064702,1,
0.353883244360255,0.581069237510955,0.598964555953803,0.474472430224643,0.229328003997002,1,
0.308076459445497,0.289044697633655,0.48068498606133,0.476968459269344,0.246065450911816,1,
0.458756672980885,0.491673970201577,0.610712863401035,0.550487860222374,0.616537596802398,1,
0.388841053900465,0.304469763365469,0.749900438072481,0.245972316768777,0.430676992255808,1,
0.374375753401068,0.360736196319018,0.553564317005177,0.76786929884275,0.162378216337747,1,
0.366109867401412,0.364767747589833,0.754480286738351,0.566371681415929,0.670247314514114,1,
