541,5,2,
0.871189943172034,0.31603856266433,0.581242532855436,0.298842750170184,0.296527604296777,0,
0.267952471155502,0.445398773006135,0.696136997212266,0.238484229634672,0.267299525355983,0,
0.771999311176167,0.28501314636284,0.343488649940263,0.378034944406626,0.305520859355483,0,
0.357327363526778,0.595092024539877,0.484866587017125,0.429316995688677,0.28853359980015,0,
0.305837781987257,0.306748466257669,0.589605734767025,0.781257090991604,0.32075943042718,0,
0.316686757361805,0.292550394390885,0.496017522899243,0.773315180394826,0.32075943042718,0,
0.282762183571552,1,0.26742333731581,0.301338779214885,0.280039970022483,0,
0.708455312553814,0.448378615249781,0.307048984468339,0.388472884048105,0.390207344491631,0,
0.327707938694679,0.325854513584575,0.49084030266826,0.567960063535285,0.920309767674244,0,
0.326502496986396,0.324627519719544,0.4926324173636,0.605400499205809,0.958281289033225,0,
0.820905803340796,0.185276073619632,0.450219036240542,0.40639891082369,0.300274793904572,0,
0.397451351816773,0.728483786152498,0.275985663082437,0.41479464488314,0.267549337996503,0,
0.367831926984674,0.80578439964943,0.260852250099562,0.435443612434763,0.490132400699475,0,
0.5576028930601,0.331113058720421,0.345280764635603,0.377808032675289,0.338496127904072,0,
0.355088686068538,0.656967572304996,0.263639984070092,0.294304515543454,0.272545590806895,0,
0.408989151024625,0.496406660823839,0.62962962962963,0.509643748581802,0.540094928803397,0,
0.451524022731186,0.636108676599474,0.270011947431302,0.41025641025641,0.289033225081189,0,
0.483898742896504,0.360385626643295,0.337116686579052,0.378942591331972,0.344241818636023,0,
0.343034268985707,0.615950920245399,0.772202309836718,0.514408894939868,0.32075943042718,0,
0.326674702944722,0.382997370727432,0.746117084826762,0.678692988427502,0.200849362977767,0,
0.620458067849147,0.455390008764242,0.314416567104739,0.386430678466077,0.345241069198101,0,
0.488892715687963,0.384399649430324,0.410394265232975,0.380530973451327,0.340994254309268,0,
0.55088686068538,0.606134969325153,0.281561131023497,0.432039936464715,0.521358980764427,0,
0.41191665231617,0.439439088518843,0.694743130227001,0.513728159745859,0.264801398950787,0,
0.382125021525745,0.582997370727432,0.848466746316209,0.215339233038348,0.24356732450662,0,
0.324091613569829,0.396143733567046,0.843687773795301,0.577717267982755,0.218336247814139,0,
0.341656621319098,0.482208588957055,0.884109916367981,0.203312911277513,0.24381713714714,0,
0.400206647149991,0.735495179666959,0.530665073675826,0.27115951894713,0.286285286035473,0,
0.837609781298433,0.360210341805434,0.334129828753485,0.38166553210801,0.334249313015239,0,
0.472016531771999,0.576161262050833,0.299681401831939,0.402995234853642,0.218336247814139,0,
0.570346133976236,0.639263803680982,0.286340103544405,0.408668028137055,0.361478890831876,0,
0.381263991734114,0.76546888694128,0.225806451612903,0.293169956886771,0.275043717212091,0,
0.327019114861374,0.328659070990359,0.802668259657507,0.21783526208305,0.401698725955533,0,
0.313242638195282,0.374057843996494,0.620669056152927,0.758565917857953,0.32075943042718,0,
0.339934561735836,0.386853637160386,0.737953006770211,0.667574313592013,0.207594304271796,0,
0.782331668675736,0.293251533742331,0.417363600159299,0.393691853868845,0.300774419185611,0,
0.42087136214913,0.496406660823839,0.544006371963361,0.457907873837077,0.37846615038721,0,
0.624935422765628,0.377738825591586,0.398446833930705,0.395734059450874,0.360479640269798,0,
0.628035130015498,0.406134969325153,0.399044205495818,0.390515089630134,0.354484136897327,0,
0.384708110900637,0.654688869412796,0.268219832735962,0.437031994554118,0.592305770671996,0,
0.338556914069227,0.442944785276074,0.307447232178415,0.326525981393238,0.298526105420934,0,
0.580161873600826,0.622787028921998,0.47152528872959,0.410710233719083,0.286035473394954,0,
0.314620285861891,0.356178790534619,0.68936678614098,0.85568413886998,0.32075943042718,0,
0.339245737902531,0.549167397020158,0.591198725607328,0.457227138643068,0.276542593055209,0,
0.355260892026864,0.406836108676599,0.850059737156511,0.201724529158157,0.224831376467649,0,
0.483554330979852,0.439789658194566,0.432696136997212,0.3380984796914,0.33999500374719,0,
0.499397279145858,0.404206836108677,0.316806053365193,0.388019060585432,0.34599050711966,0,
0.482521095229895,0.719894829097283,0.275786539227399,0.312230542319038,0.287034723957032,0,
0.310659548820389,0.31375985977213,0.572481083233771,0.88359428182437,0.32075943042718,0,
0.412433270191149,0.569675723049956,0.309239346873755,0.329702745631949,0.303272545590807,0,
0.346995006027209,0.598247151621385,0.262445240939865,0.436578171091445,0.286784911316513,0,
0.316342345445152,0.279579316389132,0.444643568299482,0.584751531654186,0.754683987009743,0,
0.529705527811262,0.490622261174408,0.305256869772999,0.413206262763785,0.277791656257807,0,
0.657310142930945,0.521121822962314,0.558542413381123,0.290220104379396,0.28853359980015,0,
0.351816772860341,0.531989482909728,0.482875348466746,0.41547538007715,0.355233574818886,0,
0.504046840020665,0.519018404907975,0.303663878932696,0.400272294077604,0.297526854858856,0,
0.265541587738936,0.470289219982471,0.818797291915571,0.189698207397322,0.32075943042718,0,
0.527294644394696,0.460473269062226,0.459776981282358,0.446108463807579,0.251811141643767,0,
0.358188393318409,0.640666082383874,0.266427718040621,0.423417290673928,0.293030227329503,0,
0.382986051317376,0.692725679228747,0.548387096774194,0.467891990015884,0.272295778166375,0,
0.334940588944377,0.494653812445224,0.670250896057348,0.521670070342637,0.220834374219335,0,
0.51816772860341,0.432602979842244,0.686180804460374,0.243476287724075,0.268048963277542,0,
0.337007060444291,0.332515337423313,0.7536837913182,0.712502836396642,0.457406944791406,0,
0.856380230755984,0.285363716038563,0.595778574273198,0.308146131154981,0.299775168623532,0,
0.406233855691407,0.488694127957932,0.710274790919952,0.509870660313138,0.253809642767924,0,
0.380747373859135,0.588606485539001,0.478096375945838,0.420240526435217,0.287784161878591,0,
0.506113311520579,0.564241893076249,0.479490242931103,0.520989335148627,0.505870597052211,0,
0.3903909075254,0.552322524101665,0.589008363201912,0.437485818016791,0.32075943042718,0,
0.325469261236439,0.405609114811569,0.82536837913182,0.209893351486272,0.251061703722208,0,
0.33976235577751,0.540753724802805,0.52568697729988,0.434082142046744,0.361229078191356,0,
0.724642672636473,0.484312007011393,0.45957785742732,0.394599500794191,0.395453409942543,0,
0.402789736524884,0.738124452234882,0.536439665471923,0.273201724529158,0.285036222832875,0,
0.495264336146031,0.596143733567046,0.296097172441258,0.416383027002496,0.287034723957032,0,
0.323402789736525,0.43453111305872,0.730585424133811,0.250510551395507,0.270547089682738,0,
0.314448079903565,0.36091148115688,0.658303464755078,0.687996369412299,0.450911816137897,0,
0.548820389185466,0.507624890446976,0.682795698924731,0.299296573632857,0.288033974519111,0,
0.425520923023937,0.685714285714286,0.228395061728395,0.455411844792376,0.245815638271297,0,
0.722059583261581,0.289044697633655,0.44305057745918,0.336963921034717,0.303272545590807,0,
0.335973824694334,0.411393514460999,0.781959378733572,0.207170410710234,0.259305520859355,0,
0.33976235577751,0.595968448729185,0.487853444842692,0.42977081915135,0.32075943042718,0,
0.343723092819012,0.588606485539001,0.653126244524094,0.52598139323803,0.241568823382463,0,
0.37472016531772,0.626818580192813,0.647749900438072,0.515543453596551,0.266550087434424,0,
0.548131565352161,0.547765118317266,0.495619275189168,0.567733151803948,0.497376967274544,0,
0.665920440847253,0.287291849255039,0.347670250896057,0.375538915361924,0.29477891581314,0,
0.358705011193387,0.753724802804557,0.257666268418957,0.304061719990924,0.282538096427679,0,
0.661443085930773,0.51375985977213,0.571087216248507,0.292489221692761,0.287284536597552,0,
0.693645600137765,0.346713409290096,0.340700915969733,0.388472884048105,0.308018985760679,0,
0.402789736524884,0.631375985977213,0.709677419354839,0.263898343544361,0.259055708218836,0,
0.346650594110556,0.454864154250657,0.930904022301872,0.167914681189017,0.209592805395953,0,
0.308593077320475,0.334092900964067,0.485862206292314,0.550487860222374,0.32075943042718,0,
0.427931806440503,0.734268185801928,0.530864197530864,0.480825958702065,0.46814888833375,0,
0.716893404511796,0.411218229623138,0.333731581043409,0.384388472884048,0.340744441668748,0,
0.530222145686241,0.535845749342682,0.436678614097969,0.397549353301566,0.302273295028728,0,
0.370759428276218,0.48501314636284,0.773994424532059,0.250283639664171,0.414439170622033,0,
0.77992078525917,0.494127957931639,0.307048984468339,0.435216700703426,0.41044216837372,0,
0.336146030652661,0.592988606485539,0.52110712863401,0.417744497390515,0.362727954034474,0,
0.332013087652833,0.474496056091148,0.621266427718041,0.480145223508055,0.266050462153385,0,
0.783881522300671,0.189307624890447,0.342293906810036,0.344678919900159,0.309268048963278,0,
0.35543309798519,0.561437335670465,0.884508164078057,0.219650555933742,0.254059455408444,0,
0.3903909075254,0.0872918492550394,0.590402230187176,0.230769230769231,0.32075943042718,0,
0.68176338901326,0.499035933391762,0.310434090003982,0.325845246199229,0.300774419185611,0,
0.870673325297055,0.169500438212095,0.336718438868976,0.339459950079419,0.302772920309768,0,
0.354399862235233,0.550219106047327,0.599761051373955,0.458815520762423,0.273544841368973,0,
0.464439469605648,0.564943032427695,0.528076463560335,0.694349897889721,0.220834374219335,0,
0.585500258308937,0.376862401402279,0.281561131023497,0.773995915588836,0.210592055958031,0,
0.485965214396418,0.676424189307625,0.291716447630426,0.322895393691854,0.388708468648514,0,
0.390046495608748,0.818930762489045,0.242333731581043,0.529158157476742,0.253310017486885,0,
0.359738246943344,0.79193689745837,0.263639984070092,0.312457454050374,0.286784911316513,0,
0.55398656793525,0.440490797546012,0.451413779370769,0.415021556614477,0.27579315513365,0,
0.322541759944894,0.401226993865031,0.519912385503783,0.597231676877695,0.225830627029728,0,
0.39262958498364,0.54022787028922,0.579450418160096,0.434535965509417,0.32075943042718,0,
0.400551059066644,0.782296231375986,0.482676224611708,0.558202859087815,0.241818636022983,0,
0.333735147236094,0.312182296231376,0.679410593389088,0.67165872475607,0.49362977766675,0,
0.708799724470467,0.386853637160386,0.335722819593787,0.380077149988654,0.312015988008993,0,
0.573962459101085,0.433829973707274,0.451413779370769,0.288631722260041,0.639020734449163,0,
0.339245737902531,0.349517966695881,0.726802070888092,0.59428182437032,0.206844866350237,0,
0.419321508524195,0.737773882559159,0.564914376742334,0.278193782618561,0.374718960779415,0,
0.36214913035991,0.888694127957932,0.206889685384309,0.276832312230542,0.32075943042718,0,
0.317031169278457,0.281858019281332,0.45400238948626,0.597458588609031,0.73694728953285,0,
0.403650766316514,0.557230499561788,0.262445240939865,0.407079646017699,0.292030976767424,0,
0.835198897881867,0.327256792287467,0.408203902827559,0.407760381211709,0.305520859355483,0,
0.772515929051145,0.185451358457493,0.387694145758662,0.383707737690039,0.336497626779915,0,
0.35095574306871,0.423137598597721,0.918757467144564,0.171772180621738,0.225580814389208,0,
0.367487515068021,0.299386503067485,0.53863002787734,0.582028590878148,0.633275043717212,0,
0.358360599276735,0.591060473269062,0.302070888092393,0.321760835035171,0.298026480139895,0,
0.358705011193387,0.408588957055215,0.808641975308642,0.580213297027456,0.456657506869848,0,
0.473910797313587,0.630850131463628,0.276782158502589,0.316541865214432,0.50662003497377,0,
0.393835026691924,0.667484662576687,0.708084428514536,0.247560698888133,0.267049712715463,0,
0.363698983984846,0.374233128834356,0.779769016328156,0.798275470841842,0.176367724206845,0,
0.448252109522989,0.623312883435583,0.267224213460773,0.314726571363739,0.292280789407944,0,
0.347339417943861,0.463628396143734,0.760454002389486,0.218969820739732,0.438670996752436,0,
0.483382125021526,0.5011393514461,0.295698924731183,0.333106421601997,0.300524606545091,0,
0.328052350611331,0.35056967572305,0.594982078853047,0.6761969593828,0.220834374219335,0,
0.789564318925435,0.183172655565294,0.6342094782955,0.472884048105287,0.266799900074944,0,
0.277423798863441,0.192813321647677,0.265830346475508,0.660993873383254,0.638770921808644,0,
0.657137936972619,0.607361963190184,0.471326164874552,0.488087134104833,0.386959780164876,0,
0.514379197520234,0.590008764241893,0.278375149342891,0.250737463126844,0.626030477142143,0,
0.776132254175994,0.368624014022787,0.421146953405018,0.402087587928296,0.460904321758681,0,
0.543482004477355,0.715512708150745,0.280167264038232,0.428863172226004,0.420184861353984,0,
0.329774410194593,0.328834355828221,0.569494225408204,0.751758565917858,0.32075943042718,0,
0.310142930945411,0.290972830850131,0.466547192353644,0.70024960290447,0.608043967024732,0,
0.352505596693646,0.611568799298861,0.256272401433692,0.454731109598366,0.279790157381964,0,
0.447391079731359,0.711656441717792,0.287136598964556,0.322214658497844,0.294279290532101,0,
0.854830377131049,0.178965819456617,0.336121067303863,0.38166553210801,0.334748938296278,0,
0.400551059066644,0.694829097283085,0.279569892473118,0.418652144315861,0.251561329003248,0,
0.382297227484071,0.551971954425942,0.519115890083632,0.423871114136601,0.388458656007994,0,
0.789392112967109,0.413146362839614,0.432497013142174,0.408441116405718,0.261803647264552,0,
0.589116583433787,0.333917616126205,0.324571883711669,0.329248922169276,0.295778166375219,0,
0.338384708110901,0.526730937773883,0.523496614894464,0.432266848196052,0.360229827629278,0,
0.27208541415533,0.435758106923751,0.635005973715651,0.494440662582255,0.249562827879091,0,
0.33976235577751,0.417879053461876,0.746515332536838,0.751531654186521,0.32075943042718,0,
0.415532977441019,0.703768624014023,0.65531660692951,0.259360108917631,0.271046714963777,0,
0.318064405028414,0.381770376862401,0.661489446435683,0.945314272747901,0.0719460404696478,0,
0.305148958153952,0.279053461875548,0.434488251692553,0.587247560698888,0.32075943042718,0,
0.345617358360599,0.720245398773006,0.277976901632816,0.312003630587701,0.286285286035473,0,
0.45582917168934,0.64364592462752,0.283154121863799,0.44928522804629,0.612290781913565,0,
0.15464095057689,0.387554776511832,0.305455993628037,0.436124347628772,0.207844116912316,0,
0.337007060444291,0.435056967572305,0.826164874551971,0.22237349670978,0.32075943042718,0,
0.350094713277079,0.304119193689746,0.642572680207089,0.690038574994327,0.133150137396952,0,
0.677458240055106,0.328308501314636,0.39705296694544,0.380077149988654,0.337996502623033,0,
0.40967797485793,0.667659947414549,0.249502190362405,0.309280689811663,0.292030976767424,0,
0.375581195109351,0.684837861524978,0.656909597769813,0.537780803267529,0.260804396702473,0,
0.549337007060444,0.484136722173532,0.31342094782955,0.337190832766054,0.343492380714464,0,
0.317031169278457,0.421735319894829,0.623456790123457,0.281370546857273,0.279290532100924,0,
0.571723781642845,0.69535495179667,0.272003185981681,0.496936691626957,0.267549337996503,0,
0.528672292061305,0.590534618755478,0.292114695340502,0.407306557749036,0.37821633774669,0,
0.323402789736525,0.425942156003506,0.67283950617284,0.254821874290901,0.32075943042718,0,
0.480454623729981,0.578439964943032,0.28036638789327,0.401633764465623,0.292780414688983,0,
0.566902014809712,0.520771253286591,0.478693747510952,0.317222600408441,0.293280039970022,0,
0.633201308765283,0.473794916739702,0.302668259657507,0.412298615838439,0.297027229577817,0,
0.522472877561564,0.41840490797546,0.609119872560733,0.610392557295212,0.491131651261554,0,
0.333218529361116,0.297107800175285,0.443448825169255,0.635352847742228,0.852860354733949,0,
0.52040640606165,0.434706397896582,0.443249701314217,0.442931699568868,0.222083437421934,0,
0.360082658859997,0.541454864154251,0.693548387096774,0.257090991604266,0.32075943042718,0,
0.32271396590322,0.312007011393514,0.556152927120669,0.744724302246426,0.170622033474894,0,
0.415705183399346,0.698510078878177,0.270011947431302,0.414567733151804,0.281039220584562,0,
0.433270191148614,0.382471516213848,0.402230187176424,0.377808032675289,0.341993504871347,0,
0.346995006027209,0.496056091148116,0.628036638789327,0.442477876106195,0.279790157381964,0,
0.336146030652661,0.436985100788782,0.990043807248108,0.194009530292716,0.219835123657257,0,
0.397451351816773,0.851533742331288,0.225806451612903,0.42523258452462,0.283037721708718,0,
0.308420871362149,0.295705521472393,0.461967343687774,0.110732924892217,0.32075943042718,0,
0.275185121405201,0.353900087642419,0.678614097968937,0.630360789652825,0.32075943042718,0,
0.486137420354744,0.632427695004382,0.297092791716448,0.423871114136601,0.277292030976767,0,
0.806268296883072,0.293251533742331,0.631819992035046,0.474472430224643,0.262303272545591,0,
0.749612536593766,0.311130587204207,0.410991636798088,0.378942591331972,0.343742193354984,0,
0.459101084897537,0.632778264680105,0.485862206292314,0.689130928068981,0.213090182363228,0,
0.333907353194421,0.38737949167397,0.892074870569494,0.191967324710688,0.456657506869848,0,
0.368692956776304,0.58510078878177,0.531660692951015,0.428636260494668,0.32075943042718,0,
0.771654899259514,0.395968448729185,0.422739944245321,0.398910823689585,0.276542593055209,0,
0.477871534355089,0.583523225241017,0.478096375945838,0.690265486725664,0.232075943042718,0,
0.320130876528328,0.39649430324277,0.798088410991637,0.133877921488541,0.213839620284786,0,
0.416221801274324,0.572129710780018,0.554759060135404,0.300431132289539,0.372970272295778,0,
0.508524194937145,0.652059596844873,0.271206690561529,0.41093714545042,0.360729452910317,0,
0.390218701567074,0.751796669588081,0.238749502190362,0.446789199001588,0.27554334249313,0,
0.827277423798863,0.184049079754601,0.393667861409797,0.386430678466077,0.29502872845366,0,
0.799035646633373,0.319368974583699,0.540621266427718,0.435216700703426,0.280539595303522,0,
0.341656621319098,0.57353198948291,0.734169653524492,0.496936691626957,0.32075943042718,0,
0.33304632340279,0.382296231375986,0.8805256869773,0.194236442024053,0.457906570072446,0,
0.424315481315654,0.675021910604733,0.545201115093588,0.286135693215339,0.276042967774169,0,
0.869295677630446,0.184224364592463,0.340900039824771,0.342863626049467,0.30751936047964,0,
0.408989151024625,0.771779141104295,0.542612504978096,0.439981847061493,0.374968773419935,0,
0.368176338901326,0.664680105170903,0.285941855834329,0.312911277513047,0.272295778166375,0,
0.41415532977441,0.547414548641542,0.577658303464755,0.293850692080781,0.374469148138896,0,
0.33166867573618,0.455565293602103,0.686379928315412,0.254141139096891,0.32075943042718,0,
0.335801618736008,0.41262050832603,0.887495021903624,0.16383027002496,0.473394953784662,0,
0.339073531944205,0.499386503067485,0.590800477897252,0.252325845246199,0.405196102922808,0,
0.82607198209058,0.33339176161262,0.408403026682597,0.421148173360563,0.30127404446665,0,
0.533149646977785,0.616476774758983,0.268418956591,0.498751985477649,0.565575818136398,0,
0.341828827277424,0.489745836985101,0.27299880525687,0.413886997957794,0.294279290532101,0,
0.367659721026347,0.681858019281332,0.570888092393469,0.526889040163376,0.32075943042718,0,
0.384191493025659,0.601577563540754,0.283950617283951,0.313138189244384,0.29502872845366,0,
0.33080764594455,0.476599474145486,0.728195937873357,0.219196732471069,0.254309268048963,0,
0.363871189943172,0.552322524101665,0.582039028275587,0.457227138643068,0.255308518611042,0,
0.319958670570002,0.377212971078002,0.7463162086818,0.156342182890855,0.220834374219335,0,
0.497330807645945,0.710254163014899,0.269414575866189,0.316541865214432,0.418186360229828,0,
0.489237127604615,0.745836985100789,0.272401433691756,0.311776718856365,0.286285286035473,0,
0.350783537110384,0.702716914986854,0.502588610115492,0.430678466076696,0.369223082687984,0,
0.50111933872912,0.437160385626643,0.817801672640382,0.255048786022237,0.274544091931052,0,
0.325985879111417,0.433654688869413,0.699123855037833,0.240072611754028,0.273794654009493,0,
0.556569657310143,0.479929886064855,0.45400238948626,0.422282732017245,0.28203847114664,0,
0.316858963320131,0.381069237510955,0.811230585424134,0.199228500113456,0.180364726455159,0,
0.578267608059239,0.472217353198948,0.322779769016328,0.390515089630134,0.353984511616288,0,
0.334940588944377,0.526555652936021,0.663878932696137,0.47401860676197,0.32075943042718,0,
0.672119855346995,0.167046450482033,0.337514934289128,0.337871567960064,0.304521608793405,0,
0.31152057861202,0.299386503067485,0.493628036638789,0.29906966190152,0.201348988258806,0,
0.406406061649733,0.529710780017528,0.560135404221426,0.418652144315861,0.358231326505121,0,
0.448940933356294,0.501840490797546,0.28952608522501,0.33287950987066,0.32075943042718,0,
0.425693128982263,0.757581069237511,0.551174830744723,0.285908781484003,0.37172120909318,0,
0.648011021181333,0.296231375985977,0.344882516925528,0.379169503063308,0.30776917312016,0,
0.349061477527122,0.541805433829974,0.477499004380725,0.421601996823236,0.296777416937297,0,
0.428792836232134,0.616827344434706,0.276184786937475,0.418652144315861,0.279290532100924,0,
0.385052522817289,0.371954425942156,0.831740342493031,0.599273882459723,0.234074444166875,0,
0.304115722403995,0.284312007011393,0.431700517722023,0.21783526208305,0.32075943042718,0,
0.661443085930773,0.369325153374233,0.334328952608522,0.377808032675289,0.342742942792905,0,
0.305321164112278,0.295179666958808,0.427518916766229,0.466984343090538,0.32075943042718,0,
0.543137592560703,0.447502191060473,0.310234966148945,0.381438620376673,0.307269547839121,0,
0.900637162045807,0.18510078878177,0.399044205495818,0.341048332198775,0.338496127904072,0,
0.361804718443258,0.545311130587204,0.605336519315014,0.462673020195144,0.24981264051961,0,
0.482348889271569,0.358282208588957,0.342891278375149,0.374177444973905,0.303772170871846,0,
0.693645600137765,0.334618755477651,0.341696535244922,0.376219650555934,0.311266550087434,0,
0.429481660065438,0.553023663453111,0.518717642373556,0.313138189244384,0.350736947289533,0,
0.381091785775788,0.803330411919369,0.276184786937475,0.297935103244838,0.401199100674494,0,
0.932667470294472,0.329009640666082,0.41636798088411,0.461765373269798,0.290282288283787,0,
0.365248837609781,0.511130587204207,0.478096375945838,0.307465395960971,0.292530602048464,0,
0.329257792319614,0.510780017528484,0.214257268020709,0.281824370319946,0.278790906819885,0,
0.697089719304288,0.282033304119194,0.391477499004381,0.39596097118221,0.304521608793405,0,
1,0.339000876424189,0.341696535244922,0.348082595870207,0.312515613290032,0,
0.80816256242466,0.300087642418931,0.611509358821187,0.290447016110733,0.291281538845866,0,
0.345789564318925,0.430148992112182,0.929311031461569,0.180848649875199,0.226580064951287,0,
0.375236783192698,0.621560035056968,0.776383910792513,0.239845700022691,0.259055708218836,0,
0.35991045290167,0.45170902716915,0.684189565909996,0.51622418879056,0.207094678990757,0,
0.323747201653177,0.322173531989483,0.612704101951414,0.684592693442251,0.0691981014239321,0,
0.489237127604615,0.716739702015776,0.539227399442453,0.44020875879283,0.32075943042718,0,
0.329085586361288,0.465205959684487,0.809637594583831,0.2119355570683,0.246565076192855,0,
0.323574995694851,0.339526730937774,0.505376344086021,0.779441797140912,0.12840369722708,0,
0.387463406233856,0.653111305872042,0.674432497013142,0.24574540503744,0.32075943042718,0,
0.393318408816945,0.63558282208589,0.479689366786141,0.436805082822782,0.284786410192356,0,
0.504907869812295,0.42068361086766,0.320589406610912,0.340594508736102,0.306769922558081,0,
0.457895643189254,0.715863277826468,0.279171644763043,0.475153165418652,0.528103922058456,0,
0.364043395901498,0.601928133216477,0.610513739545998,0.514408894939868,0.32075943042718,0,
0.325641467194765,0.323575810692375,0.507168458781362,0.847969140004538,0.131401448913315,0,
0.365248837609781,0.417528483786152,0.821983273596177,0.234626730201951,0.406694978765926,0,
0.588944377475461,0.533917616126205,0.439466348068499,0.442704787837531,0.53210092430677,0,
0.328396762527983,0.360385626643295,0.57447232178415,0.687315634218289,0.203597302023482,0,
0.33752367831927,0.345661700262927,0.516129032258065,0.626730201951441,0.32075943042718,0,
0.602032030308249,0.382997370727432,0.425328554360812,0.401633764465623,0.288033974519111,0,
0.382986051317376,0.610867659947415,0.749303066507368,0.516451100521897,0.483887084686485,0,
0.389013259858791,0.738650306748466,0.228195937873357,0.469253460403903,0.556082937796653,0,
0.323919407611503,0.42524101665206,0.524293110314616,0.631722260040844,0.32075943042718,0,
0.467194764938867,0.543207712532866,0.298486658701712,0.405491263898344,0.354983762178366,0,
0.396934733941794,0.662401402278703,0.256670649143767,0.427728613569322,0.32075943042718,0,
0.847425520923024,0.32182296231376,0.332935085623258,0.395053324256864,0.305770671996003,0,
0.351472360943689,0.499561787905346,0.259657506969335,0.443385523031541,0.28828378715963,0,
0.362321336318237,0.392638036809816,0.875746714456392,0.547311095983662,0.247064701473895,0,
0.615980712932667,0.619106047326906,0.266626841895659,0.402087587928296,0.291781164126905,0,
0.350094713277079,0.487291849255039,0.823576264436479,0.213750850918992,0.32075943042718,0,
0.7472016531772,0.48851884312007,0.312624452409399,0.51168595416383,0.258306270297277,0,
0.39262958498364,0.75407537248028,0.237355635205098,0.300884955752212,0.278541094179365,0,
0.743929739969003,0.422261174408414,0.648745519713262,0.304515543453597,0.294029477891581,0,
0.650077492681247,0.60806310254163,0.470330545599363,0.462446108463808,0.395953035223582,0,
0.380747373859135,0.720420683610868,0.258861011549184,0.437031994554118,0.28178865850612,0,
0.397623557775099,0.541980718667835,0.601553166069295,0.564102564102564,0.631776167874094,0,
0.333907353194421,0.328483786152498,0.44205495818399,0.563875652371228,0.586560079940045,0,
0.550198036852075,0.634881682734443,0.481083233771406,0.409802586793737,0.354234324256807,0,
0.388841053900465,0.788255915863278,0.221425726802071,0.294985250737463,0.369972520609543,0,
0.311864990528672,0.330411919368975,0.633612106730386,0.82051282051282,0.155383462403198,0,
0.303082486654038,0.272042068361087,0.386698526483473,0.418652144315861,0.548588558581064,0,
0.341656621319098,0.433829973707274,0.778176025487853,0.750397095529839,0.32075943042718,0,
0.320647494403306,0.356178790534619,0.574074074074074,0.843203993646471,0.170372220834374,0,
0.917685551920096,0.411042944785276,0.334328952608522,0.34785568413887,0.310267299525356,0,
0.453762700189426,0.700788781770377,0.242532855436081,0.315407306557749,0.518860854359231,0,
0.311348372653694,0.313935144609991,0.62226204699323,0.603812117086453,0.233574818885836,0,
0.65352161184777,0.384925503943909,0.336320191158901,0.381892443839347,0.346490132400699,0,
0.487170656104701,0.448028045574058,0.318399044205496,0.338552303154073,0.306769922558081,0,
0.732908558636129,0.358457493426819,0.436678614097969,0.339459950079419,0.305021234074444,0,
0.83864301704839,0.32532865907099,0.33452807646356,0.397776265032902,0.304771421433925,0,
0.530049939727915,0.423312883435583,0.459378733572282,0.330156569094622,0.37796652510617,0,
0.426037540898915,0.401577563540754,0.312027080844285,0.330837304288632,0.32075943042718,0,
0.643361460306527,0.464855390008764,0.465153325368379,0.443385523031541,0.287034723957032,0,
0.324608231444808,0.425065731814198,0.857825567502987,0.200363058770138,0.223332500624532,0,
0.618908214224212,0.31375985977213,0.448626045400239,0.417063762196506,0.393704721458906,0,
0.759083864301705,0.394741454864154,0.318598168060534,0.341729067392784,0.308268798401199,0,
0.408816945066299,0.6045574057844,0.537634408602151,0.302246426140231,0.289283037721709,0,
0.596865851558464,0.487992988606485,0.464356829948228,0.42001361470388,0.519860104921309,0,
0.261580850697434,0.346362839614373,0.65989645559538,0.16972997503971,0.21808643517362,0,
0.35991045290167,0.485889570552147,0.950219036240542,0.193555706830043,0.242568073944542,0,
0.788531083175478,0.30692375109553,0.341696535244922,0.376900385749943,0.307019735198601,0,
0.643189254348201,0.535144609991236,0.505774591796097,0.321307011572498,0.35898076442668,0,
0.320130876528328,0.355477651183173,0.570888092393469,0.828227819378262,0.165126155383462,0,
0.838987428965042,0.368273444347064,0.321784149741139,0.337871567960064,0.306769922558081,0,
0.887549509213019,0.342156003505697,0.557745917960972,0.305423190378943,0.298276292780415,0,
0.39176855519201,0.589307624890447,0.475706889685384,0.77762650329022,0.196852360729453,0,
0.692267952471155,0.451533742331288,0.428514536041418,0.395280235988201,0.302023482388209,0,
0.317547787153435,0.388255915863278,0.669056152927121,0.732244157022918,0.170622033474894,0,
0.681074565179955,0.346187554776512,0.340900039824771,0.383934649421375,0.308518611041719,0,
0.464267263647322,0.45749342681858,0.425726802070888,0.334240980258679,0.340244816387709,0,
0.710866195970381,0.349167397020158,0.338510553564317,0.342182890855457,0.332250811891082,0,
0.321164112278285,0.399824715162138,0.705097570688969,0.813251645110052,0.32075943042718,0,
0.62975718959876,0.465381244522349,0.526284348864994,0.460857726344452,0.25630776917312,0,
0.441536077148269,0.702541630148992,0.266626841895659,0.317676423871114,0.290781913564826,0,
0.479938005855003,0.567046450482033,0.288729589804859,0.41547538007715,0.27579315513365,0,
0.50335801618736,0.646801051709027,0.296097172441258,0.324029952348536,0.379465400949288,0,
0.384191493025659,0.712883435582822,0.595977698128236,0.287043340140685,0.32075943042718,0,
0.602548648183227,0.610517090271692,0.521306252489048,0.31404583616973,0.370971771171621,0,
0.392112967108662,0.819456617002629,0.239346873755476,0.303154073065577,0.32075943042718,0,
0.350783537110384,0.544609991235758,0.830545599362803,0.213750850918992,0.249313015238571,0,
0.310315136903737,0.329184925503944,0.466746316208682,0.21715452688904,1,0,
0.432409161356983,0.594390885188431,0.272600557546794,0.281143635125936,0.678241319010742,0,
0.325297055278113,0.462927256792287,0.593189964157706,0.252325845246199,0.32075943042718,0,
0.357327363526778,0.68045574057844,0.269414575866189,0.417744497390515,0.32075943042718,0,
0.733252970552781,0.330937773882559,0.477100756670649,0.466530519627865,0.405945540844367,0,
0.338384708110901,0.485363716038563,0.498606133014735,0.428182437031995,0.349487884086935,0,
0.371276046151197,0.497808939526731,0.802270011947431,0.235080553664624,0.32075943042718,0,
0.340623385569141,0.659070990359334,0.583233771405814,0.490356251418198,0.388458656007994,0,
0.346995006027209,0.446801051709027,0.800278773397053,0.221465849784434,0.21159130652011,0,
0.459273290855864,0.622611744084137,0.305057745917961,0.325845246199229,0.294029477891581,0,
0.353022214568624,0.449780893952673,0.833134209478295,0.210800998411618,0.462153384961279,0,
0.34200103323575,0.338124452234882,0.794703305455994,0.6333106421602,0.458905820634524,0,
0.506629929395557,0.542681858019281,0.307048984468339,0.276605400499206,0.643017736697477,0,
0.372137075942828,0.672918492550394,0.265033851055356,0.681189017472203,0.21808643517362,0,
0.707077664887205,0.461349693251534,0.494424532058941,0.543226684819605,0.260554584061954,0,
0.316514551403479,0.295880806310254,0.467741935483871,0.801452235080554,0.154634024481639,0,
0.383847081109006,0.81034180543383,0.248108323377141,0.560018152938507,0.252810392205846,0,
0.418288272774238,0.626292725679229,0.29410593389088,0.318810982527797,0.292530602048464,0,
0.433270191148614,0.487817703768624,0.463958582238152,0.315861130020422,0.32075943042718,0,
0.831754778715344,0.327256792287467,0.403026682596575,0.343544361243476,0.311266550087434,0,
0.33304632340279,0.547063978965819,0.783751493428913,0.188790560471976,0.249562827879091,0,
0.340278973652488,0.32760736196319,0.756670649143767,0.563421828908555,0.207844116912316,0,
0.349233683485449,0.36669588080631,0.777379530067702,0.544361243476288,0.233325006245316,0,
0.574823488892716,0.53444347063979,0.663480684986061,0.282051282051282,0.280789407944042,0,
0.339245737902531,0.718667835232252,0.273795300677021,0.41479464488314,0.359730202348239,0,
0.540898915102462,0.402629272567923,0.441855834328953,0.418879056047198,0.280039970022483,0,
0.470466678147064,0.668361086765995,0.265232974910394,0.422282732017245,0.472395703222583,0,
0.413983123816084,0.401928133216477,0.310832337714058,0.391876560018153,0.296527604296777,0,
0.710177372137076,0.188606485539001,0.465153325368379,0.639891082368958,0.240819385460904,0,
0.424143275357327,0.526555652936021,0.287136598964556,0.326979804855911,0.347239570322258,0,
0.335801618736008,0.416827344434706,0.932297889287137,0.194463353755389,0.32075943042718,0,
0.338384708110901,0.58965819456617,0.560533651931501,0.500567279328341,0.32075943042718,0,
0.809368004132943,0.309377738825592,0.390083632019116,0.384161561152712,0.348738446165376,0,
0.327535732736353,0.495880806310254,0.769215452011151,0.562287270251872,0.32075943042718,0,
0.426381952815567,0.620858895705521,0.24910394265233,0.312230542319038,0.359730202348239,0,
0.523678319269847,0.438387379491674,0.306650736758264,0.336510097572044,0.33999500374719,0,
0.353883244360255,0.550920245398773,0.875149342891278,0.21783526208305,0.252810392205846,0,
0.488031685896332,0.517966695880806,0.575069693349263,0.449512139777627,0.470896827379465,0,
0.328052350611331,0.342857142857143,0.543010752688172,0.733832539142274,0.203847114664002,0,
0,0.00841367221735321,0.452807646356033,0.404583616972998,0.32075943042718,0,
0.602032030308249,0.337773882559159,0.389884508164078,0.406625822555026,0.284786410192356,0,
0.350266919235405,0.493602103418054,0.827956989247312,0.207851145904243,0.32075943042718,0,
0.375925607026003,0.615950920245399,0.662485065710872,0.496255956432948,0.257057207094679,0,
0.33752367831927,0.700262927256792,0.495021903624054,0.519400953029272,0.32075943042718,0,
0.602893060099879,0.382120946538124,0.632417363600159,0.551622418879056,0.451911066699975,0,
0.414671947649389,0.308851884312007,0.54320987654321,0.297481279782165,0.296277791656258,0,
0.313242638195282,0.338475021910605,0.52847471127041,0.916269571136828,0.111916062952785,0,
0.690545892887894,0.289570552147239,0.438669852648347,0.339459950079419,0.338496127904072,0,
0.773721370759428,0.282559158632778,0.618478693747511,0.287497163603358,0.394703972020984,0,
0.415532977441019,0.589132340052585,0.562126642771804,0.631495348309508,0.226080439670247,0,
0.818322713965903,0.326555652936021,0.410792512943051,0.321307011572498,0.440669497876593,0,
0.320991906319959,0.35635407537248,0.58641975308642,0.798048559110506,0.167374469148139,0,
0.312553814361977,0.342681858019281,0.467144563918757,0.521896982073973,0.503372470647015,0,
0.362321336318237,0.412971078001753,0.906610911987256,0.177444973905151,0.236322757931551,0,
0.403306354399862,0.724276950043821,0.598566308243728,0.503970955298389,0.265800649512865,0,
0.525744790769761,0.772129710780017,0.536638789326961,0.437712729748128,0.32075943042718,0,
0.322541759944894,0.296056091148116,0.500995619275189,0.673474018606762,0.119910067449413,1,
0.32271396590322,0.397020157756354,0.465153325368379,0.607669616519174,0.542093429927554,1,
0.457034613397624,0.485714285714286,0.683193946634807,0.521216246879964,0.492880339745191,1,
0.367143103151369,0.401051709027169,0.611111111111111,0.555026094849104,0.849362977766675,1,
0.313242638195282,0.347239263803681,0.414177618478694,0.450419786702973,0.538845865600799,1,
0.398656793525056,0.405258545135846,0.721425726802071,0.230996142500567,0.420934299275543,1,
0.340278973652488,0.454338299737073,0.830744723217842,0.211027910142954,0.32075943042718,1,
0.361976924401584,0.348115687992989,0.668857029072083,0.760154299977309,0.14763927054709,1,
0.319614258653349,0.313935144609991,0.469135802469136,0.540503744043567,0.215088683487384,1,
0.556741863268469,0.500613496932515,0.280167264038232,0.447469934195598,0.176367724206845,1,
0.323919407611503,0.358983347940403,0.467941059338909,0.538234626730202,0.32075943042718,1,
0.391251937317031,0.738825591586328,0.258064516129032,0.548445654640345,0.229577816637522,1,
0.332529705527811,0.327432077125329,0.501592990840303,0.717041071023372,0.32075943042718,1,
0.421387980024109,0.336546888694128,0.637992831541219,0.798048559110506,0.62178366225331,1,
0.327535732736353,0.361086765994741,0.540223018717642,0.436578171091445,0.637022233325006,1,
0.318408816945066,0.322524101665206,0.486857825567503,0.660993873383254,0.533349987509368,1,
0.316342345445152,0.357756354075372,0.631819992035046,0.57930565010211,0.163377466899825,1,
0.34647838815223,0.326906222611744,0.614097968936679,0.535057862491491,0.32075943042718,1,
0.314620285861891,0.306573181419807,0.55057745917961,0.802132970274563,0.122158381214089,1,
0.347683829860513,0.448378615249781,0.514536041417762,0.673247106875425,0.137147139645266,1,
0.444463578439814,0.458545135845749,0.706690561529271,0.607896528250511,0.529103172620535,1,
0.314964697778543,0.402453987730061,0.503783353245719,0.740639891082369,0.0686984761428929,1,
0.268813500947133,0.320070113935145,0.498008761449622,0.721125482187429,0.0637022233325007,1,
0.33304632340279,0.316739702015776,0.584229390681004,0.143862037667347,0.913564826380215,1,
0.44687446185638,0.330587204206836,0.626045400238949,0.681189017472203,0.699475393454909,1,
0.355949715860169,0.305521472392638,0.735563520509757,0.602223734967098,0.509867599300525,1,
0.467366970897193,0.318667835232252,0.713659896455595,0.550941683685046,0.261054209342993,1,
0.306698811778888,0.329360210341805,0.415770609318996,0.494894486044929,0.32075943042718,1,
0.274840709488548,0.155828220858896,0.200517722023098,0.157703653278875,0.32075943042718,1,
0.445841226106423,0.421209465381245,0.818797291915571,0.537100068073519,0.226080439670247,1,
0.358877217151713,0.381945661700263,0.514336917562724,0.641252552756978,0.32075943042718,1,
0.333907353194421,0.335845749342682,0.853046594982079,0.562741093714545,0.32075943042718,1,
0.3271913208197,0.321297107800175,0.528872958980486,0.548672566371681,0.32075943042718,1,
0.345272946443947,0.416301489921122,0.600358422939068,0.660086226457908,0.0786909817636773,1,
0.398140175650077,0.784574934268186,0.214257268020709,0.551622418879056,0.223582313265051,1,
0.471672119855347,0.630674846625767,0.70131421744325,0.27501701837985,0.278790906819885,1,
0.34423971069399,0.347940403155127,0.68936678614098,0.551849330610393,0.497127154634024,1,
0.371792664026175,0.403155127081507,0.651334129828753,0.512593601089176,0.233075193604796,1,
0.311348372653694,0.303067484662577,0.415571485463959,0.306557749035625,0.32075943042718,1,
0.332701911486137,0.367572304995618,0.687375547590601,0.558656682550488,0.220834374219335,1,
0.325813673153091,0.342857142857143,0.565909996017523,0.518493306103926,0.620534599050712,1,
0.318408816945066,0.348466257668712,0.452011150935882,0.425913319718629,0.560079940044966,1,
0.386085758567246,0.415600350569676,0.578653922739944,0.182890855457227,0.0597052210841869,1,
0.521267435853281,0.483786152497809,0.779569892473118,0.264579078738371,0.278790906819885,1,
0.482693301188221,0.343558282208589,0.92831541218638,0.216700703426367,0.258556082937797,1,
0.328052350611331,0.350219106047327,0.658502588610115,0.644202405264352,0.74993754683987,1,
0.355949715860169,0.453111305872042,0.680007964954201,0.71454504197867,0.32075943042718,1,
0.500774926812468,0.528483786152498,0.260055754679411,0.300658044020876,0.276292780414689,1,
0.275873945238505,0.350043821209465,0.678016726403823,0.170183798502383,0.22408193854609,1,
0.32047528844498,0.263628396143734,0.329749103942652,0.520762423417291,0.0866849862603048,1,
0.445324608231445,0.505170902716915,0.823178016726404,0.231676877694577,0.263802148388708,1,
0.382813845359049,0.408764241893076,0.658900836320191,0.561152711595189,0.233075193604796,1,
0.504735663853969,0.548115687992989,0.537634408602151,0.711141366008623,0.227329502872845,1,
0.314620285861891,0.338650306748466,0.529669454400637,0.556841388699796,0.133150137396952,1,
0.312381608403651,0.340403155127081,0.230784547988849,0.829362378034944,0.110666999750187,1,
0.329602204236267,0.33794916739702,0.816606929510155,0.183798502382573,0.0949288033974519,1,
0.246598932323058,0.375109553023663,0.131222620469932,0.735874744724302,0.32075943042718,1,
0.340967797485793,0.352673093777388,0.786340103544405,0.20285908781484,0.439920059955034,1,
0.349233683485449,0.368273444347064,0.516726403823178,0.680281370546857,0.32075943042718,1,
0.316514551403479,0.346538124452235,0.603146156909598,0.70546857272521,0.32075943042718,1,
0.346133976235578,0.44487291849255,0.546794105933891,0.870206489675516,0.178616037971521,1,
0.373514723609437,0.328659070990359,0.700318598168061,0.658044020875879,0.717212090931801,1,
0.378336490442569,0.2988606485539,0.736559139784946,0.917631041524847,0.146390207344492,1,
0.437403134148442,0.623488168273444,0.677021107128634,0.283185840707965,0.281538845865601,1,
0.314275873945238,0.33216476774759,0.538829151732378,0.560018152938507,0.32075943042718,1,
0.468572412605476,0.319193689745837,0.707487056949422,0.560018152938507,0.259805146140395,1,
0.397279145858447,0.335319894829097,0.694942254082039,0.60335829362378,0.222083437421934,1,
0.360943688651627,0.474846625766871,0.706292313819195,0.611527115951895,0.207844116912316,1,
0.312726020320303,0.35863277826468,0.606133014735165,0.358747447243022,0.32075943042718,1,
0.340967797485793,0.329360210341805,0.5073675826364,0.795779441797141,0.125156132900325,1,
0.379025314275874,0.313584574934268,0.67184388689765,0.713183571590651,0.746440169872596,1,
0.388668847942139,0.337072743207713,0.681800079649542,0.631949171772181,0.491381463902073,1,
0.352505596693646,0.400876424189308,0.828753484667463,0.18788291354663,0.428928303772171,1,
0.327019114861374,0.334969325153374,0.648944643568299,0.499659632402995,0.649263052710467,1,
0.478215946271741,0.291323400525854,0.15252887295898,0.698207397322442,0.630776917312016,1,
0.38815223006716,0.270990359333918,0.67921146953405,0.556841388699796,0.170372220834374,1,
0.315825727570174,0.302541630148992,0.467343687773795,0.677331518039483,0.32075943042718,1,
0.345445152402273,0.336546888694128,0.597371565113501,0.541411390968913,0.571821134149388,1,
0.344756328568968,0.346538124452235,0.621465551573078,0.788291354663036,0.196102922807894,1,
0.352677802651972,0.338124452234882,0.8584229390681,0.189017472203313,0.499125655758181,1,
0.532633029102807,0.593865030674847,0.636200716845878,0.489675516224189,0.280789407944042,1,
0.32633029102807,0.312182296231376,0.515929908403027,0.520535511685954,0.500624531601299,1,
0.405717237816428,0.81034180543383,0.252688172043011,0.522577717267983,0.415188608543592,1,
0.323919407611503,0.312357581069238,0.473118279569892,0.547311095983662,0.221333999500375,1,
0.389357671775443,0.437686240140228,0.654520111509359,0.588382119355571,0.648263802148389,1,
0.312898226278629,0.32182296231376,0.527877339705297,0.528704334014069,0.32075943042718,1,
0.339245737902531,0.378439964943032,0.884309040223019,0.647832992965736,0.53859605296028,1,
0.439469605648355,0.522699386503067,0.820589406610912,0.238938053097345,0.266050462153385,1,
0.568968486309626,0.406310254163015,0.68478693747511,0.55593374177445,0.511866100424682,1,
0.309798519028758,0.348466257668712,0.435284747112704,0.506013160880417,0.483137646764926,1,
0.368865162734631,0.363540753724803,0.449820788530466,0.603812117086453,0.569572820384711,1,
0.348544859652144,0.357405784399649,0.510553564317005,0.792148854095757,0.0939295528353735,1,
0.346995006027209,0.445223488168273,0.516129032258065,0.596550941683685,0.517112165875593,1,
0.437058722231789,0.277826468010517,0.725408203902827,0.533242568640799,0.427679240569573,1,
0.365076631651455,0.342857142857143,0.825169255276782,0.195597912412072,0.549837621783662,1,
0.402273118649905,0.350920245398773,0.744324970131422,0.706149307919219,0.501873594803897,1,
0.389874289650422,0.313234005258545,0.792512943050577,0.564329475833901,0.445915563327504,1,
0.357155157568452,0.357405784399649,0.619076065312624,0.54617653732698,0.456407694229328,1,
0.311692784570346,0.320595968448729,0.53584229390681,0.554799183117767,0.32075943042718,1,
0.352161184776993,0.395793163891323,0.619275189167662,0.596097118221012,0.415938046465151,1,
0.335629412777682,0.332340052585451,0.548785344484269,0.850011345586567,0.0624531601299026,1,
0.325469261236439,0.380893952673094,0.516129032258065,0.653505786249149,0.539845116162878,1,
0.412605476149475,0.370727432077125,0.701911589008363,0.850238257317903,0.32075943042718,1,
0.319097640778371,0.329009640666082,0.584428514536041,0.81143635125936,0.108168873344991,1,
0.378336490442569,0.368098159509202,0.774392672242134,0.223508055366462,0.32075943042718,1,
0.431720337523678,0.61262050832603,0.505177220230984,0.549353301565691,0.465650761928554,1,
0.322369553986568,0.344434706397897,0.690362405416169,0.551622418879056,0.207344491631277,1,
0.342173239194076,0.514285714285714,0.692751891676623,0.653051962786476,0.199850112415688,1,
0.413983123816084,0.36546888694128,0.664874551971326,0.791014295439074,0.108418685985511,1,
0.353538832443603,0.377563540753725,0.625448028673835,0.582482414340821,0.202598051461404,1,
0.331496469777854,0.400525854513585,0.84647550776583,0.17426820966644,0.624281788658506,1,
0.356466333735147,0.323225241016652,0.725607327757865,0.919219423644202,0.129402947789158,1,
0.333562941277768,0.370902716914987,0.566706491437674,0.836623553437713,0.106669997501874,1,
0.386085758567246,0.409815950920245,0.723416965352449,0.539369185386885,0.663002747939046,1,
0.516617874978474,0.474496056091148,0.723616089207487,0.240299523485364,0.273544841368973,1,
0.369381780609609,0.374408413672217,0.766626841895659,0.68595416383027,0.32075943042718,1,
0.374203547442741,0.420508326029798,0.82078853046595,0.605627410937145,0.548088933300025,1,
0.356982951610126,0.460297984224365,0.750298685782557,0.553891536192421,0.651761179115663,1,
0.365421043568107,0.491673970201577,0.701911589008363,0.620830496936692,0.194604046964776,1,
0.409161356982952,0.623663453111306,0.634607726005575,0.61833446789199,0.244066949787659,1,
0.404856208024798,0.70692375109553,0.541019514137794,0.563648740639891,0.240819385460904,1,
0.464095057688996,0.556178790534619,0.5221027479092,0.705922396187883,0.20534599050712,1,
0.328741174444636,0.31375985977213,0.493229788928714,0.615157703653279,0.32075943042718,1,
0.316858963320131,0.287291849255039,0.42552767821585,0.438393464942137,0.55108668498626,1,
0.42534871706561,0.636459246275197,0.568498606133015,0.532108009984116,0.559830127404447,1,
0.313414844153608,0.368098159509202,0.461170848267622,0.636033582936238,0.151136647514364,1,
0.350783537110384,0.352147239263804,0.5221027479092,0.848649875198548,0.787159630277292,1,
0.39262958498364,0.44715162138475,0.74352847471127,0.76401179941003,0.191856107919061,1,
0.412949888066127,0.654513584574934,0.716646754281163,0.528704334014069,0.264801398950787,1,
0.284139831238161,0.306222611744084,0.546794105933891,0.277739959155888,0.231576317761679,1,
0.322541759944894,0.343032427695004,0.688769414575866,0.566825504878602,0.214589058206345,1,
0.413983123816084,0.40578439964943,0.699123855037833,0.694576809621057,0.0409692730452161,1,
0.330463234027897,0.392462751971954,0.550378335324572,0.233719083276605,0.541343992005995,1,
0.345617358360599,0.320070113935145,0.631819992035046,0.712049012933969,0.765176117911566,1,
0.386430170483899,0.354951796669588,0.776782158502589,0.249149081007488,0.491881089183113,1,
0.444463578439814,0.458720420683611,0.706690561529271,0.607896528250511,0.529103172620535,1,
0.314275873945238,0.350920245398773,0.443647949024293,0.187429090083957,0.32075943042718,1,
0.527983468228001,0.500262927256792,0.72978892871366,0.263898343544361,0.283287534349238,1,
0.346133976235578,0.399649430324277,0.669653524492234,0.600635352847742,0.480389707719211,1,
0.353366626485276,0.42874671340929,0.690362405416169,0.214885409575675,0.239820134898826,1,
0.366626485276391,0.448378615249781,0.865392273994425,0.177671885636487,0.476392705470897,1,
0.446530049939728,0.337773882559159,0.639784946236559,0.6761969593828,0.668498626030477,1,
0.419149302565869,0.34601226993865,0.639187574671446,0.484910369866122,0.433424931301524,1,
0.325641467194765,0.370552147239264,0.620868180007965,0.750850918992512,0.166125405945541,1,
0.330463234027897,0.317440841367222,0.248904818797292,0.109825277966871,0.163627279540345,1,
0.374547959359394,0.410692375109553,0.642373556352051,0.537553891536192,0.795903072695478,1,
0.360771482693301,0.324802804557406,0.55694942254082,0.577717267982755,0.32075943042718,1,
0.329774410194593,0.298510078878177,0.48984468339307,0.781030179260268,0.632025980514614,1,
0.315653521611848,0.317966695880806,0.558144165671047,0.23213070115725,0.481388958281289,1,
0.310487342862063,0.337248028045574,0.55794504181601,0.875652371227592,0.101174119410442,1,
0.349405889443775,0.606485539000876,0.546993229788929,0.457680962105741,0.239320509617787,1,
0.380402961942483,0.566345311130587,0.59557945041816,0.288631722260041,0.252560579565326,1,
0.382297227484071,0.405258545135846,0.609119872560733,0.601996823235761,0.766175368473645,1,
0.419493714482521,0.364066608238387,0.727399442453206,0.853641933287951,0.182862852860355,1,
0.330979851902876,0.350394390885188,0.236160892074871,0.90832766054005,0.0582063452410692,1,
0.352850008610298,0.371779141104295,0.824372759856631,0.565917857953256,0.67324506620035,1,
0.343895298777338,0.348466257668712,0.844086021505376,0.179714091218516,0.575568323757182,1,
0.347856035818839,0.376687116564417,0.532058940661091,0.54163830270025,0.526605046215339,1,
0.267435853280523,0.180543382997371,0.269812823576264,0.632176083503517,0.32075943042718,1,
