541,5,2,
0.765627690718099,0.329710780017528,0.588610115491836,0.295665985931473,0.284536597551836,0,
0.358016187360083,0.392287467134093,0.866387893269614,0.226230996142501,0.450162378216338,0,
0.375064577234372,0.784224364592463,0.242532855436081,0.28999319264806,0.238071446415189,0,
0.354916480110212,0.653637160385627,0.567502986857826,0.210347174948945,0.647764176867349,0,
0.260892026864129,0.117616126205083,0.203305455993628,0.213523939187656,0.240819385460904,0,
0.313587050111934,0.358457493426819,0.441855834328953,0.521216246879964,0.32075943042718,0,
0.379025314275874,0.809815950920245,0.253484667463162,0.429543907420014,0.414439170622033,0,
0.741691062510763,0.295530236634531,0.386897650338511,0.379850238257318,0.342493130152386,0,
0.123643878078181,0.5056967572305,0.297889287136599,0.327887451781257,0.299275543342493,0,
0.368865162734631,0.68273444347064,0.532457188371167,0.465169049239846,0.252060954284287,0,
0.471327707938695,0.544609991235758,0.312027080844285,0.334467891990016,0.344991256557582,0,
0.407267091441364,0.753374233128834,0.275786539227399,0.417063762196506,0.289532850362228,0,
0.361804718443258,0.378264680105171,0.747311827956989,0.0846380757885183,0.212340744441669,0,
0.329257792319614,0.462226117440841,0.869374751095181,0.175856591785795,0.32075943042718,0,
0.377819872567591,0.541630148992112,0.610911987256073,0.461765373269798,0.273794654009493,0,
0.40296194248321,0.674496056091148,0.576662684189566,0.446562287270252,0.267049712715463,0,
0.26760805923885,0.593689745836985,0.562126642771804,0.458815520762423,0.32075943042718,0,
0.358705011193387,0.455565293602103,0.619872560732776,0.491490810074881,0.264051961029228,0,
0.336490442569313,0.468711656441718,0.309637594583831,0.286589516678012,0.430177366974769,0,
0.321164112278285,0.442594215600351,0.613102349661489,0.465169049239846,0.271296527604297,0,
0.322886171861546,0.316389132340053,0.496216646754281,0.186975266621284,0.777916562578066,0,
0.342345445152402,0.451183172655565,0.932696136997212,0.151350124801452,0.229328003997002,0,
0.343550886860685,0.436634531113059,0.926125049780964,0.208531881098253,0.32075943042718,0,
0.595315997933528,0.402979842243646,0.535444046196734,0.717041071023372,0.208593554833875,0,
0.431375925607026,0.477651183172656,0.478096375945838,0.409121851599728,0.372220834374219,0,
0.368176338901326,0.811568799298861,0.281162883313421,0.316541865214432,0.279290532100924,0,
0.838298605131738,0.359158632778265,0.41816009557945,0.312230542319038,0.46789907569323,0,
0.883416566213191,0.328659070990359,0.410593389088013,0.395280235988201,0.392205845615788,0,
0.602204236266575,0.628921998247152,0.262445240939865,0.41093714545042,0.373220084936298,0,
0.442569312898226,0.832077125328659,0.231381919553963,0.303154073065577,0.286035473394954,0,
0.726881350094713,0.31603856266433,0.401234567901235,0.392103471749489,0.308268798401199,0,
0.38367487515068,0.773707274320771,0.230784547988849,0.292943045155435,0.274294279290532,0,
0.437575340106768,0.535144609991236,0.463361210673039,0.428182437031995,0.24356732450662,0,
0.626140864473911,0.381244522348817,0.403424930306651,0.393691853868845,0.348738446165376,0,
0.574479076976063,0.612269938650307,0.58084428514536,0.493533015656909,0.277791656257807,0,
0.86912347167212,0.317090271691499,0.410195141377937,0.509870660313138,0.27579315513365,0,
0.913208197003616,0.326906222611744,0.44942254082039,0.336737009303381,0.306520109917562,0,
0.273463061821939,0.412269938650307,0.319992035045798,0.497844338552303,0.272045965525856,0,
0.644911313931462,0.325679228746713,0.776981282357626,0.257771726798275,0.280539595303522,0,
0.321164112278285,0.413321647677476,0.750696933492632,0.235307465395961,0.263802148388708,0,
0.329946616152919,0.414373356704645,0.812823576264436,0.211254821874291,0.32075943042718,0,
0.404856208024798,0.697984224364593,0.560334528076464,0.489221692761516,0.263802148388708,0,
0.361115894609953,0.392112182296231,0.644165671047391,0.218969820739732,0.32075943042718,0,
0.321336318236611,0.295179666958808,0.469334926324174,0.286135693215339,0.32075943042718,0,
0.317719993111762,0.29079754601227,0.455993628036639,0.178579532561833,0.32075943042718,0,
0.469089030480455,0.653812445223488,0.262445240939865,0.417290673927842,0.42917811641269,0,
0.518684346478388,0.472918492550394,0.303663878932696,0.32902201043794,0.33974519110667,0,
0.438608575856725,0.533567046450482,0.465750696933493,0.429543907420014,0.240319760179865,0,
0.447563285689685,0.566345311130587,0.281162883313421,0.442024052643522,0.618036472645516,0,
0.304287928362321,0.28273444347064,0.448227797690163,0.255729521216247,0.32075943042718,0,
0.304632340278974,0.331113058720421,0.475109518120271,0.466303607896528,0.32075943042718,0,
0.317892199070088,0.303067484662577,0.461569095977698,0.205128205128205,0.764176867349488,0,
0.464956087480627,0.547239263803681,0.432696136997212,0.413660086226458,0.279790157381964,0,
0.753056655760289,0.378264680105171,0.593986459577857,0.288858633991377,0.289782663002748,0,
0.361632512484932,0.832778264680105,0.25089605734767,0.299977308826866,0.282787909068199,0,
0.464783881522301,0.64364592462752,0.269215452011151,0.67687769457681,0.223082687984012,0,
0.30928190115378,0.289745836985101,0.452409398645958,0.68073519400953,0.606794903822133,0,
0.346133976235578,0.420858895705521,0.855635205097571,0.617199909235307,0.204096927304522,0,
0.691751334596177,0.282033304119194,0.699123855037833,0.268663489902428,0.387959030726955,0,
0.337868090235922,0.502541630148992,0.767025089605735,0.186294531427275,0.483137646764926,0,
0.314792491820217,0.300788781770377,0.465750696933493,0.596777853415022,0.32075943042718,0,
0.446013432064749,0.774583698510079,0.255874153723616,0.453369639210347,0.404946290282288,0,
0.363698983984846,0.45749342681858,0.526284348864994,0.455184933061039,0.286535098675993,0,
0.407267091441364,0.590008764241893,0.265033851055356,0.316088041751759,0.290032475643268,0,
0.733597382469433,0.484837861524978,0.433890880127439,0.447469934195598,0.401698725955533,0,
0.929567763044601,0.30920245398773,0.341298287534847,0.340140685273429,0.310267299525356,0,
0.367659721026347,0.818229623137599,0.259856630824373,0.292035398230088,0.476892330751936,0,
0.502669192354055,0.585801928133217,0.279968140183194,0.316314953483095,0.359730202348239,0,
0.306698811778888,0.299386503067485,0.473118279569892,0.569775357385977,0.32075943042718,0,
0.569485104184605,0.637686240140228,0.287136598964556,0.409121851599728,0.361478890831876,0,
0.32495264336146,0.468536371603856,0.71963361210673,0.512820512820513,0.32075943042718,0,
0.358532805235061,0.403505696757231,0.766626841895659,0.590651236668936,0.452410691981014,0,
0.340795591527467,0.477125328659071,0.957387495021904,0.188109825277967,0.32075943042718,0,
0.837437575340107,0.18615249780894,0.384309040223019,0.380530973451327,0.299275543342493,0,
0.330635439986223,0.458895705521472,0.892871365989646,0.213750850918992,0.217087184611541,0,
0.353538832443603,0.724627519719544,0.255276782158503,0.427501701837985,0.285785660754434,0,
0.568279662476322,0.324452234881683,0.389884508164078,0.388019060585432,0.270796902323258,0,
0.628896159807129,0.56319018404908,0.440063719633612,0.432039936464715,0.4229328003997,0,
0.309970724987085,0.303593339176161,0.478494623655914,0.551395507147719,0.555333499875094,0,
0.508179783020492,0.398071866783523,0.327160493827161,0.379850238257318,0.32075943042718,0,
0.336490442569313,0.787028921998247,0.263440860215054,0.642160199682324,0.226829877591806,0,
0.722059583261581,0.339526730937774,0.400637196336121,0.395734059450874,0.34624031976018,0,
0.403306354399862,0.560560911481157,0.299880525686977,0.326752893124575,0.32075943042718,0,
0.305837781987257,0.277475898334794,0.409199522102748,0.447016110732925,0.235323507369473,0,
0.370070604442914,0.566170026292726,0.30147351652728,0.409348763331064,0.298276292780415,0,
0.400551059066644,0.643295354951797,0.273596176821983,0.310642160199682,0.290781913564826,0,
0.270535560530394,0.424364592462752,0.874551971326165,0.167233945995008,0.216837371971022,0,
0.321508524194937,0.296406660823839,0.473715651135006,0.432266848196052,0.521608793404946,0,
0.410194592732909,0.579666958808063,0.609318996415771,0.260494667574314,0.191606295278541,0,
0.423798863440675,0.522699386503067,0.280764635603345,0.319037894259133,0.30127404446665,0,
0.541587738935767,0.472217353198948,0.306252489048188,0.331064216019968,0.347489382962778,0,
0.894782159462717,0.360210341805434,0.417761847869375,0.294985250737463,0.261054209342993,0,
0.659721026347512,0.450832602979842,0.45221027479092,0.460857726344452,0.484636522608044,0,
0.377819872567591,0.541630148992112,0.610911987256073,0.461765373269798,0.367724206844866,0,
0.444807990356466,0.327782646801052,0.616885702907208,0.859995461765373,0.49337996502623,0,
0.345789564318925,0.552497808939527,0.271804062126643,0.438166553210801,0.290282288283787,0,
0.572068193559497,0.466608238387379,0.322779769016328,0.388245972316769,0.358481139145641,0,
0.394696056483554,0.66327782646801,0.292712066905615,0.319491717721806,0.360229827629278,0,
0.33166867573618,0.356003505696757,0.506172839506173,0.753800771499887,0.32075943042718,0,
0.405889443774755,0.607361963190184,0.486260454002389,0.425005672793283,0.283537346989758,0,
0.395729292233511,0.651358457493427,0.521704500199124,0.427955525300658,0.368223832125906,0,
0.352161184776993,0.61034180543383,0.26742333731581,0.430905377808033,0.293529852610542,0,
0.458928878939211,0.571779141104295,0.529669454400637,0.65736328568187,0.219835123657257,0,
0.313242638195282,0.31726555652936,0.488251692552768,0.842523258452462,0.156132900324756,0,
0.411055622524539,0.642769500438212,0.490641178813222,0.450419786702973,0.219335498376218,0,
0.319614258653349,0.431551270815074,0.669852648347272,0.257090991604266,0.267299525355983,0,
0.486998450146375,0.37353198948291,0.331939466348068,0.383480825958702,0.32075943042718,0,
0.783881522300671,0.301489921121823,0.34010354440462,0.383707737690039,0.345490881838621,0,
0.339245737902531,0.431375985977213,0.754082039028276,0.24120717041071,0.262053459905071,0,
0.540726709144136,0.606310254163015,0.286340103544405,0.415248468345813,0.372970272295778,0,
0.672119855346995,0.452059596844873,0.454798884906412,0.458134785568414,0.262303272545591,0,
0.665403822972275,0.547589833479404,0.290521704500199,0.591105060131609,0.252310766924806,0,
0.732736352677803,0.190184049079755,0.40442054958184,0.401406852734286,0.297027229577817,0,
0.306182193903909,0.294478527607362,0.447431302270012,0.715906512366689,0.107669248063952,0,
0.357499569485104,0.577563540753725,0.493827160493827,0.296346721125482,0.272045965525856,0,
0.430170483898743,0.782471516213848,0.242931103146157,0.48241434082142,0.382962777916563,0,
0.829171689340451,0.332690622261174,0.409796893667861,0.341955979124121,0.310017486884836,0,
0.332874117444464,0.545311130587204,0.675228992433293,0.507601542999773,0.244066949787659,0,
0.56431892543482,0.517616126205083,0.518319394663481,0.44928522804629,0.419185610791906,0,
0.39262958498364,0.787554776511832,0.240143369175627,0.446335375538915,0.277541843617287,0,
0.552436714310315,0.513935144609991,0.493827160493827,0.540503744043567,0.556082937796653,0,
0.359221629068366,0.407537248028046,0.864396654719235,0.207851145904243,0.245316012990257,0,
0.475977268813501,0.0553900087642419,0.254281162883313,0.721579305650102,0.175118661004247,0,
0.492509040812812,0.449255039439088,0.315611310234966,0.337644656228727,0.306270297277042,0,
0.309970724987085,0.281682734443471,0.462763839107925,0.316541865214432,0.452910317262054,0,
0.500086102979163,0.369149868536372,0.412783751493429,0.334921715452689,0.351236572570572,0,
0.353366626485276,0.433654688869413,0.687574671445639,0.505559337417744,0.191356482638021,0,
0.386085758567246,0.780543382997371,0.252090800477897,0.586566825504879,0.253310017486885,0,
0.337007060444291,0.456441717791411,0.73436877737953,0.221465849784434,0.32075943042718,0,
0.652488376097813,0.35056967572305,0.39247311827957,0.402768323122305,0.286285286035473,0,
0.334251765111073,0.322173531989483,0.49542015133413,0.874290900839573,0.106170372220834,0,
0.258481143447563,0.534618755477651,0.162485065710872,0.213297027456319,0.242068448663502,0,
0.340795591527467,0.388957055214724,0.855635205097571,0.238257317903336,0.244066949787659,0,
0.475460650938522,0.71726555652936,0.271405814416567,0.423644202405264,0.503122658006495,0,
0.570518339934562,0.707624890446976,0.294305057745918,0.316768776945768,0.379715213589808,0,
0.314792491820217,0.291849255039439,0.426722421346077,0.535057862491491,0.773919560329753,0,
0.401067676941622,0.7011393514461,0.563719633612107,0.450192874971636,0.276542593055209,0,
0.337351472360944,0.480280455740578,0.55973715651135,0.279782164737917,0.382213339995004,0,
0.395729292233511,0.603856266432954,0.563122262046993,0.248241434082142,0.709218086435174,0,
0.552608920268641,0.569500438212095,0.470330545599363,0.654413433174495,0.237571821134149,0,
0.449801963147925,0.511305872042068,0.307248108323377,0.331291127751305,0.304021983512366,0,
0.345100740485621,0.815775635407537,0.2389486260454,0.298388926707511,0.279790157381964,0,
0.31823661098674,0.434706397896582,0.601752289924333,0.281597458588609,0.278541094179365,0,
0.497847425520923,0.590359333917616,0.289924332935086,0.412525527569775,0.374718960779415,0,
0.555536421560186,0.571078001752848,0.288530465949821,0.298615838438847,0.537346989757682,0,
0.308420871362149,0.282208588957055,0.43010752688172,0.462219196732471,0.32075943042718,0,
0.87583950404684,0.179842243645925,0.390083632019116,0.341048332198775,0.307019735198601,0,
0.628551747890477,0.512708150744961,0.461569095977698,0.415929203539823,0.446415188608544,0,
0.271052178405373,0.442944785276074,0.663281561131023,0.235080553664624,0.32075943042718,0,
0.342345445152402,0.511130587204207,0.952608522500995,0.162922623099614,0.32075943042718,0,
0.583261580850697,0.568098159509203,0.300278773397053,0.325164511005219,0.295528353734699,0,
0.408300327191321,0.62068361086766,0.264635603345281,0.309053778080327,0.32075943042718,0,
0.30032719132082,0.285363716038563,0.425328554360812,0.462899931926481,0.213339995003747,0,
0.369898398484588,0.598071866783523,0.282755874153724,0.320399364647152,0.298276292780415,0,
0.348372653693818,0.463102541630149,0.971923536439665,0.169503063308373,0.210841868598551,0,
0.447391079731359,0.478878177037686,0.294504181600956,0.333106421601997,0.32075943042718,0,
0.375753401067677,0.449255039439088,0.870171246515333,0.198774676650783,0.249063202598051,0,
0.311176166695368,0.283085013146363,0.451214655515731,0.757658270932607,0.635523357481889,0,
0.392112967108662,0.72410166520596,0.276383910792513,0.630360789652825,0.233574818885836,0,
0.64680557947305,0.435056967572305,0.422939068100358,0.41025641025641,0.304521608793405,0,
0.34423971069399,0.577563540753725,0.570290720828355,0.554345359655094,0.214339245565826,0,
0.491992422937834,0.685714285714286,0.278176025487853,0.517812570909916,0.458656007994005,0,
0.460134320647494,0.496406660823839,0.316806053365193,0.335829362378035,0.34599050711966,0,
0.713104873428621,0.423663453111306,0.310035842293907,0.405037440435671,0.366225331001749,0,
0.421732391940761,0.679228746713409,0.471127041019514,0.665759019741321,0.238071446415189,0,
0.433270191148614,0.625591586327783,0.297092791716448,0.320172452915816,0.290781913564826,0,
0.328052350611331,0.328834355828221,0.518717642373556,0.761061946902655,0.187359480389708,0,
0.45135181677286,0.385451358457493,0.327558741537236,0.340140685273429,0.302023482388209,0,
0.811434475632857,0.479404031551271,0.430904022301872,0.330837304288632,0.302523107669248,0,
0.338729120027553,0.528308501314636,0.771405814416567,0.215793056501021,0.32075943042718,0,
0.34647838815223,0.607011393514461,0.296296296296296,0.316995688677105,0.293779665251062,0,
0.842431548131565,0.350920245398773,0.524890481879729,0.312911277513047,0.300024981264052,0,
0.811951093507835,0.291673970201578,0.339705296694544,0.341048332198775,0.30776917312016,0,
0.42896504219046,0.605083260297984,0.279769016328156,0.422055820285909,0.273794654009493,0,
0.450835198897882,0.36546888694128,0.330943847072879,0.375765827093261,0.309767674244317,0,
0.570173928017909,0.61384750219106,0.584826762246117,0.48309507601543,0.282538096427679,0,
0.356294127776821,0.534618755477651,0.640979689366786,0.244837758112094,0.25031226580065,0,
0.460823144480799,0.703943908851884,0.511748307447232,0.552303154073066,0.255058705970522,0,
0.384191493025659,0.834706397896582,0.245121465551573,0.304515543453597,0.279540344741444,0,
0.4423971069399,0.533041191936897,0.463162086818001,0.428636260494668,0.246814888833375,0,
0.905975546753918,0.184049079754601,0.398645957785743,0.341275243930111,0.337247064701474,0,
0.448424315481316,0.340753724802805,0.695539625647152,0.554799183117767,0.466899825131152,0,
0.618219390390907,0.409465381244522,0.458582238152131,0.441797140912185,0.276042967774169,0,
0.342517651110728,0.449079754601227,0.867980884109916,0.208758792829589,0.231326505121159,0,
0.352333390735319,0.3977212971078,0.704101951413779,0.562287270251872,0.458656007994005,0,
0.389874289650422,0.818755477651183,0.242333731581043,0.529158157476742,0.253310017486885,0,
0.273118649905287,0.19649430324277,0.287534846674632,0.236895847515317,0.32075943042718,0,
0.345789564318925,0.445398773006135,0.471724412584628,0.428409348763331,0.32075943042718,0,
0.470294472188738,0.58159509202454,0.301075268817204,0.402768323122305,0.217586809892581,0,
0.348028241777165,0.517966695880806,0.789326961369972,0.23144996596324,0.252060954284287,0,
0.375064577234372,0.603155127081507,0.271804062126643,0.315407306557749,0.291781164126905,0,
0.335801618736008,0.410692375109553,0.991238550378335,0.189698207397322,0.230077441918561,0,
0.35543309798519,0.615775635407537,0.25647152528873,0.407533469480372,0.357981513864602,0,
0.346306182193904,0.478878177037686,0.66547192353644,0.256637168141593,0.257057207094679,0,
0.595315997933528,0.402979842243646,0.535444046196734,0.717041071023372,0.208343742193355,0,
0.364560013776477,0.495530236634531,0.281959378733572,0.324029952348536,0.29502872845366,0,
0.411744446357844,0.688869412795793,0.265432098765432,0.279101429543907,0.613040219835124,0,
0.473910797313587,0.681156879929886,0.293508562325767,0.325391422736555,0.363977017237072,0,
0.327707938694679,0.443821209465381,0.763042612504978,0.234853641933288,0.32075943042718,0,
0.355088686068538,0.731814198071867,0.243329350856233,0.468345813478557,0.494129402947789,0,
0.414844153607715,0.540929009640666,0.519514137793708,0.266848196051736,0.724956282787909,0,
0.341140003444119,0.530411919368975,0.495021903624054,0.419105967778534,0.292030976767424,0,
0.445152402273119,0.73567046450482,0.280565511748307,0.319491717721806,0.291531351486385,0,
0.31823661098674,0.412971078001753,0.854241338112306,0.206262763784888,0.32075943042718,0,
0.322197348028242,0.400525854513585,0.770011947431302,0.185840707964602,0.171871096677492,0,
0.314275873945238,0.310780017528484,0.450816407805655,0.614476968459269,0.32075943042718,0,
0.586533494058894,0.623488168273444,0.293906810035842,0.48763331064216,0.446665001249063,0,
0.35095574306871,0.30920245398773,0.70310633213859,0.647832992965736,0.566575068698476,0,
0.352161184776993,0.47239263803681,0.898247710075667,0.201724529158157,0.244816387709218,0,
0.279490270363355,0.202103418054338,0.448825169255277,0.252098933514863,0.32075943042718,0,
0.378508696400895,0.807537248028046,0.241935483870968,0.303834808259587,0.32075943042718,0,
0.707077664887205,0.193865030674847,0.406013540422143,0.403675970047651,0.304021983512366,0,
0.589288789392113,0.323225241016652,0.821983273596177,0.225777172679828,0.266300274793905,0,
0.335801618736008,0.292900964066608,0.50457984866587,0.848422963467211,0.32075943042718,0,
0.85879111417255,0.308326029798422,0.464755077658303,0.517585659178579,0.259555333499875,0,
0.531427587394524,0.460122699386503,0.317204301075269,0.383480825958702,0.344491631276543,0,
0.471844325813673,0.370026292725679,0.332337714058144,0.373950533242569,0.32075943042718,0,
0.340795591527467,0.520595968448729,0.535244922341696,0.433855230315407,0.291281538845866,0,
0.416738419149303,0.54601226993865,0.268418956591,0.307238484229635,0.396452660504622,0,
0.958842775960048,0.174583698510079,0.339307048984468,0.343771272974813,0.309767674244317,0,
0.315825727570174,0.291148115687993,0.448227797690163,0.628545495802133,0.32075943042718,0,
0.405889443774755,0.318492550394391,0.524691358024691,0.814386203766735,0.180614539095678,0,
0.521439641811607,0.575284837861525,0.26563122262047,0.404129793510324,0.3847114664002,0,
0.490098157396246,0.674145486415425,0.277379530067702,0.317903335602451,0.351986010492131,0,
0.712416049595316,0.411042944785276,0.307048984468339,0.400045382346267,0.370721958531102,0,
0.35904942311004,0.602629272567923,0.280565511748307,0.407306557749036,0.28878341244067,0,
0.684518684346478,0.353549517966696,0.385702907208284,0.382119355570683,0.338745940544592,0,
0.464956087480627,0.537423312883436,0.540223018717642,0.442477876106195,0.171121658755933,0,
0.317719993111762,0.290622261174408,0.454201513341298,0.190605854322668,0.32075943042718,0,
0.346822800068882,0.628045574057844,0.569095977698128,0.486725663716814,0.388708468648514,0,
0.334423971069399,0.383172655565294,0.812823576264436,0.202632176083504,0.32075943042718,0,
0.450662992939556,0.624890446976337,0.274193548387097,0.41479464488314,0.287034723957032,0,
0.327880144653005,0.331989482909728,0.8731581043409,0.211481733605627,0.420184861353984,0,
0.334079559152747,0.409640666082384,0.441855834328953,0.460630814613115,0.460904321758681,0,
0.331152057861202,0.301840490797546,0.442453205894066,0.632856818697527,0.666999750187359,0,
0.555708627518512,0.470990359333918,0.302668259657507,0.327660540049921,0.297776667499375,0,
0.337351472360944,0.299386503067485,0.546196734368777,0.894712956659859,0.112665500874344,0,
0.339417943860858,0.667484662576687,0.266427718040621,0.429543907420014,0.285785660754434,0,
0.355605303943516,0.514285714285714,0.632616487455197,0.253914227365555,0.32075943042718,0,
0.353538832443603,0.624539877300613,0.2536837913182,0.428863172226004,0.251061703722208,0,
0.53383847081109,0.453461875547765,0.421146953405018,0.394372589062855,0.279040719460405,0,
0.468744618563802,0.61489921121823,0.468538430904022,0.308146131154981,0.32075943042718,0,
0.419665920440847,0.78965819456617,0.215452011150936,0.457907873837077,0.367224581563827,0,
0.368865162734631,0.403680981595092,0.783751493428913,0.238030406171999,0.22408193854609,0,
0.336662648527639,0.482909728308501,0.656511350059737,0.47787610619469,0.270047464401699,0,
0.494575512312726,0.575635407537248,0.299283154121864,0.325618334467892,0.35273544841369,0,
0.537799207852592,0.658369851007888,0.561927518916766,0.484229634672113,0.281538845865601,0,
0.366798691234717,0.68624014022787,0.634010354440462,0.274336283185841,0.272045965525856,0,
0.336834854485965,0.602629272567923,0.596575069693349,0.238030406171999,0.259805146140395,0,
0.498536249354228,0.0858895705521472,0.310035842293907,0.39142273655548,0.299275543342493,0,
0.793697261925263,0.36319018404908,0.329549980087614,0.418879056047198,0.297776667499375,0,
0.527294644394696,0.460648553900088,0.459776981282358,0.446108463807579,0.251561329003248,0,
0.333562941277768,0.326555652936021,0.513341298287535,0.852734286362605,0.128653509867599,0,
0.377475460650939,0.544960560911481,0.609916367980884,0.460403902881779,0.272795403447414,0,
0.315825727570174,0.319193689745837,0.259060135404221,0.212843203993646,0.517112165875593,0,
0.699845014637506,0.363540753724803,0.426921545201115,0.341048332198775,0.337746689982513,0,
0.365076631651455,0.775284837861525,0.242731979291119,0.453142727479011,0.26305271046715,0,
0.468744618563802,0.55407537248028,0.312624452409399,0.334694803721352,0.345740694479141,0,
0.344756328568968,0.604206836108677,0.295898048586221,0.316995688677105,0.293280039970022,0,
0.323058377819873,0.403856266432954,0.855436081242533,0.199909235307465,0.32075943042718,0,
0.402100912691579,0.771603856266433,0.232178414974114,0.469707283866576,0.273295028728454,0,
0.648011021181333,0.298685363716039,0.391477499004381,0.383253914227366,0.345740694479141,0,
0.378680902359222,0.610517090271692,0.69852648347272,0.225323349217155,0.32075943042718,0,
0.376442224900982,0.510254163014899,0.70131421744325,0.249829816201498,0.26255308518611,0,
0.445324608231445,0.567922874671341,0.297889287136599,0.402995234853642,0.289283037721709,0,
0.407955915274668,0.591411042944785,0.539625647152529,0.302473337871568,0.289782663002748,0,
0.627174100223868,0.339000876424189,0.390282755874154,0.404810528704334,0.286035473394954,0,
0.311692784570346,0.370552147239264,0.711270410195141,0.190605854322668,0.42917811641269,0,
0.348028241777165,0.647677475898335,0.252090800477897,0.291354663036079,0.254808893330003,0,
0.714654727053556,0.445048203330412,0.330744723217841,0.340367597004765,0.341244066949788,0,
0.854141553297744,0.308150744960561,0.402429311031462,0.38688450192875,0.419185610791906,0,
0.452040640606165,0.636283961437336,0.281760254878534,0.326072157930565,0.299775168623532,0,
0.491992422937834,0.382471516213848,0.749502190362405,0.207170410710234,0.255558331251561,0,
0.33752367831927,0.390885188431201,0.907606531262445,0.181529385069208,0.32075943042718,0,
0.635095574306871,0.402629272567923,0.399641577060932,0.39074200136147,0.35273544841369,0,
0.622352333390735,0.683435582822086,0.280764635603345,0.443385523031541,0.279290532100924,0,
0.266058205613914,0.520595968448729,0.630824372759857,0.499432720671659,0.413689732700475,0,
0.820905803340796,0.306047326906223,0.339705296694544,0.377808032675289,0.307269547839121,0,
0.317375581195109,0.32760736196319,0.624452409398646,0.699341955979124,0.104921309018236,0,
0.524711555019804,0.687817703768624,0.272799681401832,0.31336510097572,0.292530602048464,0,
0.262786292405717,0.518141980718668,0.651732377538829,0.505786249149081,0.417436922308269,0,
0.322886171861546,0.38965819456617,0.814018319394663,0.569321533923304,0.32075943042718,0,
0.457723437230928,0.517791411042945,0.302867383512545,0.402541411390969,0.298526105420934,0,
0.598587911141725,0.429447852760736,0.327757865392274,0.34263671431813,0.338995753185111,0,
0.328224556569657,0.429097283085013,0.621067303863003,0.471749489448604,0.259305520859355,0,
0.359393835026692,0.390709903593339,0.822381521306252,0.211708645336964,0.235323507369473,0,
0.610125710349578,0.411919368974584,0.436479490242931,0.405037440435671,0.286535098675993,0,
0.635267780265197,0.674320771253287,0.291517323775388,0.327660540049921,0.298276292780415,0,
0.87136214913036,0.345311130587204,0.43110314615691,0.51690492398457,0.276292780414689,0,
0.642672636473222,0.324452234881683,0.386499402628435,0.393238030406172,0.273045216087934,0,
0.876183915963492,0.174057843996494,0.398048586220629,0.384161561152712,0.305770671996003,0,
0.324780437403134,0.427519719544259,0.542214257268021,0.655774903562514,0.197102173369973,0,
0.329774410194593,0.33567046450482,0.482875348466746,0.513047424551849,0.32075943042718,0,
0.545376270018943,0.365819456617003,0.335125448028674,0.383027002496029,0.340744441668748,0,
0.264680557947305,0.176336546888694,0.217244125846276,0.641025641025641,0.149887584311766,0,
0.316514551403479,0.292199824715162,0.452807646356033,0.655547991831178,0.32075943042718,0,
0.611503358016187,0.276248904469763,0.348665870171246,0.380757885182664,0.302273295028728,0,
0.388324436025486,0.617703768624014,0.295898048586221,0.403902881778988,0.284286784911317,0,
0.386774582400551,0.618755477651183,0.779968140183194,0.223281143635126,0.247064701473895,0,
0.317719993111762,0.301314636283961,0.457984866587017,0.855457227138643,0.0931801149138146,0,
0.310487342862063,0.308501314636284,0.471326164874552,0.815293850692081,0.32075943042718,0,
0.477182710521784,0.397020157756354,0.516129032258065,0.437258906285455,0.375718211341494,0,
0.335629412777682,0.414723926380368,1,0.174948944860449,0.227829128153885,0,
0.5055966936456,0.572655565293602,0.292114695340502,0.31858407079646,0.294029477891581,0,
0.3568107456518,0.553198948290973,0.594583831142971,0.258906285454958,0.32075943042718,0,
0.348028241777165,0.499561787905346,0.768418956591,0.227819378261856,0.221333999500375,0,
0.720854141553298,0.325854513584575,0.409597769812824,0.378488767869299,0.338496127904072,0,
0.389702083692096,0.577388255915863,0.824372759856631,0.225096437485818,0.245815638271297,0,
0.61270879972447,0.609290096406661,0.301672640382318,0.42001361470388,0.505121159130652,0,
0.527294644394696,0.480280455740578,0.479888490641179,0.744270478783753,0.212340744441669,0,
0.688651627346306,0.404382120946538,0.518916766228594,0.309507601543,0.375968023982014,0,
0.392112967108662,0.848729184925504,0.232377538829152,0.43430905377808,0.279790157381964,0,
0.513862579645256,0.532340052585451,0.299084030266826,0.415248468345813,0.27554334249313,0,
0.473049767521956,0.686415425065732,0.273994424532059,0.295892897662809,0.556082937796653,0,
0.39848458756673,0.667659947414549,0.608721624850657,0.484229634672113,0.274793904571571,0,
0.364043395901498,0.510254163014899,0.641776184786937,0.48831404583617,0.206345241069198,0,
0.319786464611676,0.351446099912358,0.674830744723218,0.615384615384615,0.32075943042718,0,
0.307387635612192,0.295004382120946,0.451214655515731,0.722713864306785,0.122907819135648,0,
0.379025314275874,0.700438212094654,0.242931103146157,0.428636260494668,0.284286784911317,0,
0.351644566902015,0.675372480280456,0.509757068896854,0.237803494440663,0.32075943042718,0,
0.274496297571896,0.330061349693252,0.554360812425329,0.728159745858861,0.105171121658756,0,
0.314792491820217,0.341454864154251,0.648347272003186,0.824370319945541,0.32075943042718,0,
0.402617530566558,0.670464504820333,0.285941855834329,0.413886997957794,0.245565825630777,0,
0.83416566213191,0.185626643295355,0.395659099960175,0.385976855003404,0.292280789407944,0,
0.401928706733253,0.767221735319895,0.245519713261649,0.557522123893805,0.238571071696228,0,
0.626657482348889,0.480806310254163,0.315611310234966,0.390288177898797,0.30152385710717,0,
0.358532805235061,0.539702015775635,0.520708880923935,0.442931699568868,0.275043717212091,0,
0.485793008438092,0.358808063102542,0.334727200318598,0.378715679600635,0.343492380714464,0,
0.409850180816256,0.627695004382121,0.257068896853843,0.309961425005673,0.32075943042718,0,
0.459273290855864,0.703943908851884,0.280764635603345,0.282278193782619,0.523857107169623,0,
0.384363698983985,0.576687116564417,0.29231381919554,0.402087587928296,0.290282288283787,0,
0.325297055278113,0.32532865907099,0.889884508164078,0.199001588382119,0.416187859105671,0,
0.712932667470294,0.431726555652936,0.314615690959777,0.341955979124121,0.32075943042718,0,
0.421732391940761,0.590885188431201,0.549780963759458,0.639891082368958,0.226829877591806,0,
0.407267091441364,0.753549517966696,0.275786539227399,0.416836850465169,0.289283037721709,0,
0.343723092819012,0.361437335670464,0.702309836718439,0.612661674608577,0.489882588058956,0,
0.576028930600999,0.332690622261174,0.816009557945042,0.227138643067847,0.265550836872346,0,
0.333562941277768,0.41034180543383,0.825169255276782,0.166099387338325,0.32075943042718,0,
0.352505596693646,0.654688869412796,0.487256073277579,0.437485818016791,0.243067699225581,0,
0.36576545548476,0.648904469763365,0.562923138191955,0.477422282732017,0.518611041718711,0,
0.334251765111073,0.555302366345311,0.27757865392274,0.44474699341956,0.285535848113915,0,
0.359738246943344,0.713058720420684,0.513341298287535,0.495348309507602,0.613789657756682,0,
0.370759428276218,0.529535495179667,0.659697331740342,0.510097572044475,0.32075943042718,0,
0.433270191148614,0.763014899211218,0.272600557546794,0.313818924438393,0.287534349238071,0,
0.35767177544343,0.32410166520596,0.724810832337714,0.674154753800772,0.225830627029728,0,
0.70415016359566,0.463628396143734,0.500597371565113,0.56569094622192,0.260804396702473,0,
0.429137248148786,0.603680981595092,0.298884906411788,0.411844792375766,0.360979265550837,0,
0.318753228861719,0.409114811568799,0.563719633612107,0.427728613569322,0.32075943042718,0,
0.424143275357327,0.788606485539001,0.275189167662286,0.314726571363739,0.287034723957032,0,
0.262097468572413,0.563891323400526,0.758861011549184,0.211254821874291,0.260054958780914,0,
0.366798691234717,0.678001752848379,0.578653922739944,0.249375992738825,0.32075943042718,0,
0.777509901842604,0.360385626643295,0.333731581043409,0.408668028137055,0.298775918061454,0,
0.345789564318925,0.44364592462752,0.661688570290721,0.487860222373497,0.240819385460904,0,
0.383158257275702,0.403330411919369,0.72520908004779,0.225777172679828,0.411191606295279,0,
0.3159979335285,0.317440841367222,0.487654320987654,0.814159292035398,0.32075943042718,0,
0.424143275357327,0.570727432077125,0.455794504181601,0.416609938733833,0.262303272545591,0,
0.807645944549681,0.286765994741455,0.332337714058144,0.319945541184479,0.28828378715963,0,
0.417255037024281,0.359333917616126,0.813620071684588,0.20739732244157,0.420934299275543,0,
0.387118994317203,0.68501314636284,0.553564317005177,0.467438166553211,0.270547089682738,0,
0.467883588772171,0.416652059596845,0.413978494623656,0.404583616972998,0.298526105420934,0,
0.456001377647667,0.653286590709904,0.283950617283951,0.454050374404357,0.602048463652261,0,
0.572757017392802,0.583172655565294,0.286340103544405,0.424098025867937,0.523107669248064,0,
0.315309109695195,0.340753724802805,0.47152528872959,0.562287270251872,0.32075943042718,0,
0.258136731530911,0.42296231375986,0.526881720430108,0.267302019514409,0.370971771171621,0,
0.336318236610987,0.561612620508326,0.280963759458383,0.418198320853188,0.294279290532101,0,
0.347339417943861,0.37353198948291,0.751692552767822,0.157930565010211,0.226330252310767,0,
0.339245737902531,0.778615249780894,0.257467144563919,0.636260494667574,0.220584561578816,0,
0.45582917168934,0.427870289219982,0.429311031461569,0.335829362378035,0.338745940544592,0,
0.443774754606509,0.375109553023663,0.326363998407009,0.343998184706149,0.337496877341994,0,
0.333735147236094,0.312182296231376,0.679410593389088,0.671885636487406,0.49362977766675,0,
0.318064405028414,0.370902716914987,0.441855834328953,0.511232130701157,0.0874344241818636,0,
0.534182882727742,0.707624890446976,0.522899243329351,0.309961425005673,0.287284536597552,0,
0.514895815395213,0.569149868536372,0.29410593389088,0.42001361470388,0.277292030976767,0,
0.820561391424143,0.186327782646801,0.340700915969733,0.343544361243476,0.308268798401199,0,
0.726364732219735,0.3954425942156,0.452608522500996,0.570002269117313,0.430427179615289,0,
0.499052867229206,0.635758106923751,0.271007566706491,0.320172452915816,0.294279290532101,0,
0.154813156535216,0.387554776511832,0.305455993628037,0.436124347628772,0.207844116912316,0,
0.325641467194765,0.339351446099912,0.722620469932298,0.542545949625596,0.598051461403947,0,
0.324436025486482,0.375109553023663,0.714257268020709,0.610392557295212,0.32075943042718,0,
0.462372998105734,0.426117440841367,0.717443249701314,0.512820512820513,0.251561329003248,0,
0.755295333218529,0.176511831726556,0.340501792114695,0.340367597004765,0.341244066949788,0,
0.327880144653005,0.543207712532866,0.496814018319395,0.43498978897209,0.32075943042718,0,
0.391251937317031,0.46205083260298,0.654520111509359,0.798048559110506,0.195603297526855,1,
0.346133976235578,0.320595968448729,0.652130625248905,0.698207397322442,0.753934549088184,1,
0.412261064232822,0.34250657318142,0.505575467941059,0.830496936691627,0.179865101174119,1,
0.264508351988979,0.292550394390885,0.513938669852648,0.792375765827093,0.0347239570322258,1,
0.334768382986051,0.331113058720421,0.779171644763043,0.549126389834354,0.470647014738946,1,
0.347167211985535,0.350043821209465,0.769016328156113,0.580667120490129,0.779165625780664,1,
0.435336662648528,0.655039439088519,0.614097968936679,0.468572725209893,0.28203847114664,1,
0.491648011021181,0.621384750219106,0.695937873357228,0.287724075334695,0.279290532100924,1,
0.327019114861374,0.344084136722174,0.512943050577459,0.644202405264352,0.32075943042718,1,
0.333390735319442,0.367922874671341,0.797889287136599,0.220785114590424,0.411941044216837,1,
0.360943688651627,0.342857142857143,0.666666666666667,0.809167233945995,0.32075943042718,1,
0.329085586361288,0.288694127957932,0.481481481481482,0.722033129112775,0.617536847364477,1,
0.432925779231961,0.291148115687993,0.812624452409399,0.211027910142954,0.222333250062453,1,
0.545720681935595,0.463628396143734,0.697530864197531,0.252325845246199,0.279040719460405,1,
0.330635439986223,0.356879929886065,0.57168458781362,0.653732697980486,0.140644516612541,1,
0.377131048734286,0.359158632778265,0.146754281162883,0.132062627637849,0.124656507619286,1,
0.315825727570174,0.313584574934268,0.537634408602151,0.641933287950987,0.646015488383712,1,
0.336318236610987,0.283786152497809,0.481282357626444,0.6476060812344,0.568823382463153,1,
0.313587050111934,0.362313759859772,0.431700517722023,0.635352847742228,0.32075943042718,1,
0.347339417943861,0.42874671340929,0.762046993229789,0.162695711368278,0.32075943042718,1,
0.377992078525917,0.665381244522349,0.222023098367184,0.295665985931473,0.283787159630277,1,
0.320303082486654,0.298159509202454,0.416567104739148,0.46811890174722,0.32075943042718,1,
0.317375581195109,0.301665205959684,0.508562325766627,0.827547084184252,0.32075943042718,1,
0.335973824694334,0.401577563540754,0.692751891676623,0.18788291354663,0.646764926305271,1,
0.413810917857758,0.38387379491674,0.680605336519315,0.566371681415929,0.694479140644517,1,
0.33166867573618,0.380192813321648,0.565909996017523,0.817562968005446,0.136397701723707,1,
0.332185293611159,0.373181419807187,0.658701712465153,0.179260267755843,0.710217336997252,1,
0.46840020664715,0.338650306748466,0.735165272799681,0.678466076696165,0.509367974019485,1,
0.272946443946961,0.354776511831727,0.626045400238949,0.747447243022464,0.32075943042718,1,
0.408472533149647,0.337072743207713,0.492433293508562,0.840254141139097,0.182613040219835,1,
0.38952987773377,0.452234881682734,0.828554360812425,0.207170410710234,0.250811891081689,1,
0.429653866023764,0.383523225241017,0.740541616885703,0.747901066485137,0.32075943042718,1,
0.280179094196659,0.188781770376862,0.274392672242135,0.707964601769911,0.0249812640519611,1,
0.461339762355777,0.5034180543383,0.659697331740342,0.489448604492852,0.606545091181614,1,
0.351988978818667,0.448729184925504,0.818598168060534,0.572498298162015,0.595553334998751,1,
0.321852936111589,0.360385626643295,0.59378733572282,0.802132970274563,0.129902573070197,1,
0.38952987773377,0.684487291849255,0.243926722421346,0.457000226911731,0.443417436922308,1,
0.328396762527983,0.347940403155127,0.573277578653923,0.498525073746313,0.68598551086685,1,
0.367831926984674,0.333216476774759,0.573476702508961,0.883821193555707,0.32075943042718,1,
0.314103667986912,0.342857142857143,0.440661091198726,0.510551395507148,0.629028228828379,1,
0.317719993111762,0.414022787028922,0.488450816407806,0.651236668935784,0.32075943042718,1,
0.388496641983813,0.588431200701139,0.530465949820788,0.298842750170184,0.25655758181364,1,
0.320303082486654,0.331814198071867,0.104141776184787,0.189017472203313,0.232325755683238,1,
0.331324263819528,0.330411919368975,0.490043807248108,0.712502836396642,0.32075943042718,1,
0.328741174444636,0.327782646801052,0.449024293110315,0.798048559110506,0.135898076442668,1,
0.373686929567763,0.331814198071867,0.773795300677021,0.631268436578171,0.496627529352985,1,
0.326158085069743,0.346888694127958,0.563520509757069,0.633991377354209,0.21134149387959,1,
0.46168417427243,0.507624890446976,0.659099960175229,0.624687996369412,0.171621284036972,1,
0.33080764594455,0.397195442594216,0.535244922341696,0.729975039709553,0.32075943042718,1,
0.38591355260892,0.608588957055215,0.251095181202708,0.307011572498298,0.285535848113915,1,
0.398312381608404,0.72410166520596,0.496415770609319,0.569094622191967,0.460654509118161,1,
0.431031513690374,0.302015775635407,0.768219832735962,0.236215112321307,0.445665750686985,1,
0.306526605820561,0.278702892199825,0.53584229390681,0.466757431359201,0.201099175618286,1,
0.366970897193043,0.342681858019281,0.620469932297889,0.611980939414568,0.849362977766675,1,
0.371792664026175,0.356879929886065,0.789924332935086,0.745858860903109,0.175868098925806,1,
0.53159979335285,0.374934268185802,0.853245718837117,0.230769230769231,0.260054958780914,1,
0.33304632340279,0.438737949167397,0.539824771007567,0.520762423417291,0.32075943042718,1,
0.312209402445325,0.31498685363716,0.533452807646356,0.494213750850919,0.123657257057207,1,
0.399690029275013,0.308501314636284,0.673038630027877,0.521896982073973,0.500374718960779,1,
0.314275873945238,0.407887817703769,0.492433293508562,0.682777399591559,0.32075943042718,1,
0.325813673153091,0.344434706397897,0.462166467542812,0.524393011118675,0.625281039220585,1,
0.316170139486826,0.366871165644172,0.246714456391876,0.869071931018834,0.32075943042718,1,
0.378680902359222,0.390534618755478,0.231780167264038,0.213977762650329,0.398950786909818,1,
0.37695884277596,0.748641542506573,0.492831541218638,0.5357385976855,0.509617786660005,1,
0.457895643189254,0.636108676599474,0.601354042214257,0.442477876106195,0.276792405695728,1,
0.331496469777854,0.401577563540754,0.556551174830745,0.231903789425913,0.542343242568074,1,
0.446185638023076,0.39193689745837,0.570290720828355,0.551168595416383,0.263302523107669,1,
0.345100740485621,0.408764241893076,0.516925527678216,0.783299296573633,0.653260054958781,1,
0.333735147236094,0.374408413672217,0.782357626443648,0.22169276151577,0.143142643017737,1,
0.3159979335285,0.351796669588081,0.596575069693349,0.710914454277286,0.32075943042718,1,
0.384363698983985,0.698334794040316,0.261449621664675,0.460630814613115,0.495128653509868,1,
0.36214913035991,0.42418930762489,0.838908801274393,0.20285908781484,0.32075943042718,1,
0.345100740485621,0.330937773882559,0.604938271604938,0.531654186521443,0.32075943042718,1,
0.394351644566902,0.403155127081507,0.665870171246515,0.649648286816428,0.680739445415938,1,
0.329774410194593,0.324276950043821,0.46594982078853,0.684365781710914,0.0874344241818636,1,
0.312037196486998,0.322699386503067,0.186379928315412,0.723848422963467,0.122408193854609,1,
0.386946788358877,0.419982471516214,0.563520509757069,0.871341048332199,0.138146390207345,1,
0.372825899776132,0.719719544259422,0.624850657108722,0.496029044701611,0.273295028728454,1,
0.342173239194076,0.395793163891323,0.79231381919554,0.563421828908555,0.633774668998251,1,
0.449629757189599,0.414022787028922,0.485065710872162,0.542092126162923,0.527354484136897,1,
0.351816772860341,0.395092024539877,0.718040621266428,0.629226230996142,0.706969772670497,1,
0.343550886860685,0.37931638913234,0.667064914376742,1,0.116912315763178,1,
0.314792491820217,0.337423312883436,0.441457586618877,0.495348309507602,0.649263052710467,1,
0.372653693817806,0.653286590709904,0.796495420151334,0.270932607215793,0.26904821383962,1,
0.378680902359222,0.294127957931639,0.434289127837515,0.681642840934876,0.663252560579565,1,
0.273118649905287,0.145486415425066,0.193548387096774,0.173133651009757,0.206095428428678,1,
0.327363526778026,0.388957055214724,0.544006371963361,0.587474472430225,0.201848613539845,1,
0.32942999827794,0.289570552147239,0.502389486260454,0.799183117767189,0.641518860854359,1,
0.338556914069227,0.316389132340053,0.755675029868578,0.585659178579533,0.471146640019985,1,
0.541243327019115,0.574934268185802,0.502389486260454,0.485591105060132,0.32075943042718,1,
0.350266919235405,0.334268185801928,0.557745917960972,0.834581347855684,0.644766425181114,1,
0.474944033063544,0.474320771253287,0.693548387096774,0.649875198547765,0.209842618036473,1,
0.319442052695023,0.290096406660824,0.469334926324174,0.735874744724302,0.0986759930052461,1,
0.331152057861202,0.339351446099912,0.664874551971326,0.498978897208986,0.32075943042718,1,
0.318753228861719,0.32182296231376,0.463560334528076,0.287950987066031,0.556582563077692,1,
0.412777682107801,0.415425065731814,0.749701314217443,0.549353301565691,0.69223082687984,1,
0.322886171861546,0.305170902716915,0.435483870967742,0.663943725890629,0.106669997501874,1,
0.344584122610642,0.452760736196319,0.699123855037833,0.892216927615158,0.143392455658256,1,
0.373686929567763,0.473269062226117,0.787335722819594,0.645563875652371,0.1668748438671,1,
0.388668847942139,0.451183172655565,0.848068498606133,0.217381438620377,0.250562078441169,1,
0.322541759944894,0.319719544259422,0.485663082437276,0.793737236215112,0.136397701723707,1,
0.329085586361288,0.370201577563541,0.482477100756671,0.849330610392557,0.087184611541344,1,
0.38815223006716,0.341980718667835,0.662485065710872,0.619922850011346,0.477391956032975,1,
0.345272946443947,0.394040315512708,0.596375945838311,0.884728840481053,0.117411941044217,1,
0.442569312898226,0.630499561787905,0.691756272401434,0.503063308373043,0.272795403447414,1,
0.338212502152574,0.396669588080631,0.708283552369574,0.585205355116859,0.607544341743692,1,
0.306354399862235,0.28396143733567,0.538829151732378,0.283412752439301,0.216087934049463,1,
0.335801618736008,0.361437335670464,0.550975706889685,0.877240753346948,0.32075943042718,1,
0.312726020320303,0.316389132340053,0.5147351652728,0.358747447243022,0.32075943042718,1,
0.49216462889616,0.65170902716915,0.623257666268419,0.302473337871568,0.28853359980015,1,
0.360599276734975,0.640841367221735,0.556551174830745,0.517585659178579,0.539345490881839,1,
0.346133976235578,0.31954425942156,0.641975308641975,0.743589743589744,0.761928553584811,1,
0.323574995694851,0.386503067484663,0.501991238550378,0.706149307919219,0.32075943042718,1,
0.493542276562769,0.474846625766871,0.742731979291119,0.518947129566599,0.414439170622033,1,
0.366454279318064,0.320245398773006,0.768817204301075,0.525073746312684,0.432925306020485,1,
0.409333562941278,0.310254163014899,0.678414974113899,0.237122759246653,0.431426430177367,1,
0.34423971069399,0.381419807186678,0.697331740342493,0.220558202859088,0.447414439170622,1,
0.339590149819184,0.35863277826468,0.445240939864596,0.59950079419106,0.191356482638021,1,
0.306009987945583,0.217177914110429,0.402230187176424,0.28477422282732,0.32075943042718,1,
0.396590322025142,0.329184925503944,0.665272799681402,0.566144769684593,0.449912565575818,1,
0.348028241777165,0.350744960560911,0.511350059737157,0.869752666212843,0.842118411191606,1,
0.443085930773205,0.529535495179667,0.669653524492234,0.240753346948037,0.26904821383962,1,
0.52040640606165,0.626643295354952,0.580446037435285,0.512820512820513,0.274044466650012,1,
0.27656276907181,0.172830850131464,0.500597371565113,0.217381438620377,0.32075943042718,1,
0.311003960737042,0.314636283961437,0.543409000398248,0.545949625595643,0.181363977017237,1,
0.347511623902187,0.37475898334794,0.525886101154918,0.545041978670297,0.535598301274045,1,
0.350266919235405,0.385276073619632,0.54320987654321,0.559337417744497,0.516862353235074,1,
0.374375753401068,0.456441717791411,0.851652727996814,0.186067619695938,0.518361229078191,1,
0.334079559152747,0.329184925503944,0.491835921943449,0.631949171772181,0.676992255808144,1,
0.350783537110384,0.464855390008764,0.667861409796894,0.517812570909916,0.206595053709718,1,
0.318925434820045,0.323751095530237,0.546196734368777,0.733605627410937,0.133649762677992,1,
0.394523850525228,0.448203330411919,0.65810434090004,0.54163830270025,0.702473145141144,1,
0.36214913035991,0.119018404907975,0.776583034647551,0.201497617426821,0.528603547339495,1,
0.539865679352506,0.67239263803681,0.579450418160096,0.310642160199682,0.293030227329503,1,
0.325813673153091,0.283786152497809,0.472720031859817,0.666893578398003,0.565076192855358,1,
0.375753401067677,0.393339176161262,0.648745519713262,0.169276151577037,0.130402198351237,1,
0.191148613742035,0,0.2536837913182,0.2119355570683,0.32075943042718,1,
0.533149646977785,0.434005258545136,0.558343289526085,0.508963013387792,0.695228578566076,1,
0.349405889443775,0.372830850131464,0.520708880923935,0.575901974132063,0.538845865600799,1,
0.364560013776477,0.331989482909728,0.54320987654321,0.629680054458815,0.32075943042718,1,
0.469605648355433,0.376511831726556,0.577459179609717,0.600181529385069,0.437921558830877,1,
0.395729292233511,0.512182296231376,0.788530465949821,0.518720217835262,0.25655758181364,1,
0.342173239194076,0.375635407537248,0.588610115491836,0.594962559564329,0.409193105171122,1,
0.268296883072154,0.340052585451358,0.480286738351254,0.631722260040844,0.10891831126655,1,
0.470122266230412,0.478352322524102,0.642373556352051,0.26594054912639,0.599550337247065,1,
0.397279145858447,0.517966695880806,0.777777777777778,0.51622418879056,0.259055708218836,1,
0.528844498019631,0.401752848378615,0.512544802867383,0.503517131835716,0.401948538596053,1,
0.431720337523678,0.521297107800175,0.656909597769813,0.621965055593374,0.21808643517362,1,
0.495608748062683,0.342156003505697,0.68837116686579,0.498978897208986,0.388958281289033,1,
0.373686929567763,0.308851884312007,0.71326164874552,0.527342863626049,0.426180364726455,1,
0.324091613569829,0.322874671340929,0.510155316606929,0.761061946902655,0.32075943042718,1,
0.368004132943,0.483260297984224,0.856232576662684,0.228727025187202,0.417686734948788,1,
0.279145858446702,0.174934268185802,0.489247311827957,0.223281143635126,0.32075943042718,1,
0.381780609609092,0.497808939526731,0.679012345679012,0.692534604039029,0.208093929552835,1,
0.491992422937834,0.627519719544259,0.630227001194743,0.255048786022237,0.281289033225081,1,
0.309798519028758,0.326205083260298,0.53305455993628,0.257998638529612,0.32075943042718,1,
0.42087136214913,0.388431200701139,0.736957387495022,0.722033129112775,0.128903322508119,1,
0.380402961942483,0.566345311130587,0.59557945041816,0.288631722260041,0.252560579565326,1,
0.458240055105907,0.526730937773883,0.658900836320191,0.57022918084865,0.502123407444417,1,
