540,5,2,
0.481315653521612,0.458895705521472,0.304460374352847,0.328795098706603,0.32075943042718,0,
0.82383330463234,0.369675723049956,0.32994822779769,0.33877921488541,0.305520859355483,0,
0.378853108317548,0.541454864154251,0.606531262445241,0.461765373269798,0.365725705720709,0,
0.384880316858963,0.612445223488168,0.50278773397053,0.452688904016338,0.229827629278041,0,
0.323919407611503,0.316739702015776,0.193349263241736,0.654867256637168,0.185111166625031,0,
0.478560358188393,0.591586327782647,0.275587415372362,0.693442250964375,0.207094678990757,0,
0.30704322369554,0.283610867659947,0.420350457984867,0.481279782164738,0.32075943042718,0,
0.389185465817117,0.0275197195442594,0.694344882516926,0.222827320172453,0.242068448663502,0,
0.509729636645428,0.354425942156003,0.338709677419355,0.384161561152712,0.347989008243817,0,
0.722059583261581,0.279053461875548,0.344086021505376,0.37712729748128,0.309018236322758,0,
0.647322197348028,0.468185801928133,0.320589406610912,0.335375538915362,0.305520859355483,0,
0.624418804890649,0.37475898334794,0.401433691756272,0.395507147719537,0.363477391956033,0,
0.330291028069571,0.49307624890447,0.510752688172043,0.508736101656456,0.264801398950787,0,
0.805235061133115,0.485363716038563,0.428514536041418,0.327206716587248,0.300024981264052,0,
0.32633029102807,0.44364592462752,0.661091198725607,0.26072157930565,0.32075943042718,0,
0.317031169278457,0.29307624890447,0.434687375547591,0.578624914908101,0.784161878591057,0,
0.392973996900293,0.802629272567923,0.261250497809638,0.518039482641253,0.258306270297277,0,
0.323919407611503,0.32182296231376,0.512345679012346,0.805763557975947,0.32075943042718,0,
0.377647666609265,0.419456617002629,0.750696933492632,0.258225550260948,0.255058705970522,0,
0.578095402100913,0.629272567922875,0.288530465949821,0.410029498525074,0.360979265550837,0,
0.392973996900293,0.802453987730061,0.261250497809638,0.518039482641253,0.258306270297277,0,
0.593421732391941,0.514460999123576,0.311827956989247,0.330837304288632,0.303022732950287,0,
0.316858963320131,0.335845749342682,0.626443647949024,0.804175175856592,0.165625780664502,0,
0.338556914069227,0.41489921121823,0.912783751493429,0.16972997503971,0.483387459405446,0,
0.415188565524367,0.707975460122699,0.644763042612505,0.258906285454958,0.270796902323258,0,
0.282589977613225,0.29307624890447,0.478693747510952,0.211708645336964,0.0094928803397452,0,
0.848286550714655,0.195092024539877,0.392871365989646,0.341729067392784,0.338995753185111,0,
0.877561563630102,0.323225241016652,0.339307048984468,0.343998184706149,0.308768423682238,0,
0.436369898398485,0.715863277826468,0.293906810035842,0.321760835035171,0.290781913564826,0,
0.547959359393835,0.508326029798422,0.521306252489048,0.437939641479464,0.400199850112416,0,
0.330463234027897,0.41262050832603,0.840700915969733,0.204447469934196,0.32075943042718,0,
0.729636645427932,0.453637160385627,0.56152927120669,0.477422282732017,0.28228828378716,0,
0.525055966936456,0.686415425065732,0.275388291517324,0.415702291808486,0.430926804896328,0,
0.457034613397624,0.689921121822962,0.281362007168459,0.629906966190152,0.226580064951287,0,
0.354227656276907,0.506047326906223,0.835324571883712,0.209439528023599,0.32075943042718,0,
0.33528500086103,0.504995617879053,0.499800876144962,0.421148173360563,0.361478890831876,0,
0.319786464611676,0.405258545135846,0.85941855834329,0.189244383934649,0.32075943042718,0,
0.430342689857069,0.689921121822962,0.276383910792513,0.299296573632857,0.259305520859355,0,
0.3568107456518,0.316739702015776,0.742134607726005,0.65282505105514,0.522857856607544,0,
0.470811090063716,0.414723926380368,0.414177618478694,0.403675970047651,0.298276292780415,0,
0.456517995522645,0.656266432953549,0.28494623655914,0.458134785568414,0.5515863102673,0,
0.247976579989668,0.0879929886064855,0.0362405416168857,0.0197413206262764,0.32075943042718,0,
0.400378853108318,0.732515337423313,0.25089605734767,0.293169956886771,0.276792405695728,0,
0.418288272774238,0.592813321647678,0.276184786937475,0.317222600408441,0.361978516112915,0,
0.360427070776649,0.569500438212095,0.726602947033055,0.234853641933288,0.250562078441169,0,
0.364904425693129,0.460999123575811,0.532457188371167,0.463807578851827,0.283787159630277,0,
0.327535732736353,0.350394390885188,0.518916766228594,0.810301792602678,0.143642268298776,0,
0.359221629068366,0.508851884312007,0.731979291119076,0.23734967097799,0.254808893330003,0,
0.322025142069916,0.31375985977213,0.479490242931103,0.166326299069662,0.32075943042718,0,
0.325813673153091,0.512007011393514,0.823775388291517,0.201270705695484,0.32075943042718,0,
0.353022214568624,0.694829097283085,0.256869772998805,0.29975039709553,0.286784911316513,0,
0.448940933356294,0.526380368098159,0.485862206292314,0.403449058316315,0.28828378715963,0,
0.32047528844498,0.328659070990359,0.555356431700518,0.73859768550034,0.190856857356982,0,
0.320819700361632,0.327957931638913,0.463759458383114,0.181302473337872,0.848363727204597,0,
0.383330463234028,0.612971078001753,0.252090800477897,0.437712729748128,0.32075943042718,0,
0.475460650938522,0.590184049079755,0.251493428912784,0.295892897662809,0.273045216087934,0,
0.556569657310143,0.479929886064855,0.45400238948626,0.422282732017245,0.28203847114664,0,
0.347511623902187,0.534092900964067,0.636399840700916,0.270251872021783,0.261304021983512,0,
0.419493714482521,0.669588080631025,0.290720828355237,0.406625822555026,0.356982263302523,0,
0.306354399862235,0.294829097283085,0.489446435682995,0.476514635806671,0.223332500624532,0,
0.314448079903565,0.36091148115688,0.795101553166069,0.556614476968459,0.234324256807394,0,
0.417255037024281,0.655915863277826,0.664078056551175,0.275924665305196,0.278291281538846,0,
0.314792491820217,0.308676599474145,0.464356829948228,0.82187429090084,0.32075943042718,0,
0.313414844153608,0.287116564417178,0.447829549980088,0.771272974812798,0.620784411691232,0,
0.324263819528156,0.34478527607362,0.505774591796097,0.790560471976401,0.136397701723707,0,
0.323919407611503,0.46327782646801,0.526483472720032,0.512139777626503,0.32075943042718,0,
0.778715343550887,0.287992988606486,0.343687773795301,0.379396414794645,0.305271046714964,0,
0.251592905114517,0.7954425942156,0.226802070888092,0.288177898797368,0.278541094179365,0,
0.856208024797658,0.357581069237511,0.336917562724014,0.339459950079419,0.30776917312016,0,
0.338556914069227,0.785626643295355,0.26742333731581,0.457227138643068,0.576067949038221,0,
0.341484415360771,0.826117440841367,0.259259259259259,0.446562287270252,0.481139145640769,0,
0.239538488031686,0.391586327782647,0.753484667463162,0.209212616292262,0.228078940794404,0,
0.799724470466678,0.427344434706398,0.436678614097969,0.417290673927842,0.39770172370722,0,
0.33752367831927,0.332340052585451,0.493827160493827,0.633083730428863,0.32075943042718,0,
0.322369553986568,0.3011393514461,0.490442054958184,0.743135920127071,0.32075943042718,0,
0.411227828482865,0.691323400525855,0.606929510155317,0.468345813478557,0.440669497876593,0,
0.620974685724126,0.171779141104294,0.393667861409797,0.338325391422737,0.338496127904072,0,
0.350266919235405,0.54478527607362,0.501991238550378,0.423190378942591,0.289782663002748,0,
0.711382813845359,0.281332164767748,0.38331342094783,0.377581120943953,0.342243317511866,0,
0.490614775271224,0.427169149868536,0.328355236957388,0.340594508736102,0.309018236322758,0,
0.965903220251421,0.334969325153374,0.337116686579052,0.339006126616746,0.334998750936797,0,
0.360599276734975,0.4022787028922,0.823178016726404,0.612434762877241,0.465650761928554,0,
0.341484415360771,0.599474145486415,0.586220629231382,0.488087134104833,0.208843367474394,0,
0.463406233855691,0.756003505696757,0.528872958980486,0.505786249149081,0.399200599550337,0,
0.510590666437059,0.620333041191937,0.295300677021107,0.320853188109825,0.404946290282288,0,
0.394868262441881,0.658895705521472,0.269215452011151,0.41547538007715,0.374219335498376,0,
0.311692784570346,0.306397896581946,0.509358821186778,0.298615838438847,0.32075943042718,0,
0.900120544170828,0.172830850131464,0.340700915969733,0.344905831631495,0.337247064701474,0,
0.330635439986223,0.465205959684487,0.617283950617284,0.273428636260495,0.261803647264552,0,
0.730842087136215,0.297808939526731,0.422739944245321,0.340367597004765,0.307269547839121,0,
0.34423971069399,0.388781770376862,0.735563520509757,0.243022464261402,0.32075943042718,0,
0.517306698811779,0.709027169149869,0.278972520908005,0.417063762196506,0.406195353484886,0,
0.568279662476322,0.334092900964067,0.344882516925528,0.377354209212616,0.338995753185111,0,
0.307559841570518,0.313935144609991,0.424532058940661,0.471068754254595,0.550836872345741,0,
0.781815050800758,0.354250657318142,0.441656710473915,0.339006126616746,0.340744441668748,0,
0.352850008610298,0.451358457493427,0.80605336519315,0.199909235307465,0.443167624281789,0,
0.435336662648528,0.606310254163015,0.266029470330546,0.312230542319038,0.284036972270797,0,
0.318581022903392,0.396143733567046,0.833532457188371,0.190378942591332,0.16662503122658,0,
0.889788186671259,0.176687116564417,0.444245320589407,0.450646698434309,0.293030227329503,0,
0.448079903564663,0.580368098159509,0.283751493428913,0.314726571363739,0.291281538845866,0,
0.358360599276735,0.406836108676599,0.753285543608124,0.627184025414114,0.482638021483887,0,
0.66695367659721,0.451007887817704,0.326164874551971,0.402314499659632,0.303022732950287,0,
0.345445152402273,0.408588957055215,0.949820788530466,0.148173360562741,0.32075943042718,0,
0.808506974341312,0.476073619631902,0.314814814814815,0.334694803721352,0.303522358231327,0,
0.344584122610642,0.651358457493427,0.492035045798487,0.303154073065577,0.380214838870847,0,
0.311003960737042,0.339176161262051,0.527678215850259,0.93691853868845,0.0459655258556083,0,
0.393318408816945,0.736371603856267,0.199522102747909,0.476968459269344,0.269547839120659,0,
0.7992078525917,0.347765118317266,0.660294703305456,0.283639664170638,0.290032475643268,0,
0.313242638195282,0.344609991235758,0.46873755475906,0.483321987746766,0.885585810642018,0,
0.358877217151713,0.530762489044698,0.814615690959777,0.213297027456319,0.32075943042718,0,
0.332529705527811,0.315162138475022,0.60015929908403,0.781257090991604,0.545340994254309,0,
0.668159118305493,0.456091148115688,0.454400637196336,0.455638756523712,0.262303272545591,0,
0.31823661098674,0.308851884312007,0.546993229788929,0.862945314272748,0.140394703972021,0,
0.373686929567763,0.511831726555653,0.709478295499801,0.234853641933288,0.264051961029228,0,
0.725159290511452,0.435056967572305,0.315013938669853,0.339006126616746,0.32075943042718,0,
0.320130876528328,0.451358457493427,0.589008363201912,0.278647606081234,0.32075943042718,0,
0.853797141381092,0.327432077125329,0.404221425726802,0.320172452915816,0.482638021483887,0,
0.343550886860685,0.562664329535495,0.589804858622063,0.549353301565691,0.212340744441669,0,
0.376614430859308,0.511656441717791,0.71226602947033,0.514862718402541,0.218336247814139,0,
0.623385569140692,0.45521472392638,0.313819195539626,0.384388472884048,0.304521608793405,0,
0.348889271568796,0.60578439964943,0.256073277578654,0.438847288404811,0.32075943042718,0,
0.690029275012915,0.582296231375986,0.307447232178415,0.326072157930565,0.299025730701974,0,
0.318925434820045,0.291498685363716,0.452608522500996,0.220785114590424,0.765425930552086,0,
0.397451351816773,0.718317265556529,0.276184786937475,0.415248468345813,0.253809642767924,0,
0.403306354399862,0.596143733567046,0.279569892473118,0.317676423871114,0.29477891581314,0,
0.35457206819356,0.417879053461876,0.835125448028674,0.181529385069208,0.222583062702973,0,
0.25951437919752,0.65398773006135,0.55057745917961,0.470161107329249,0.32075943042718,0,
0.432925779231961,0.669588080631025,0.525487853444843,0.427047878375312,0.281039220584562,0,
0.449974169106251,0.710780017528484,0.284547988849064,0.470388019060585,0.492130901823632,0,
0.315481315653522,0.33339176161262,0.527279968140183,0.475380077149989,0.32075943042718,0,
0.331840881694507,0.405609114811569,0.861409796893668,0.167687769457681,0.47464401698726,0,
0.26175305665576,0.581419807186678,0.516726403823178,0.469707283866576,0.268798401199101,0,
0.49216462889616,0.692199824715162,0.290919952210275,0.322668481960517,0.37821633774669,0,
0.38143619769244,0.57475898334794,0.602747909199522,0.280462899931926,0.277042218336248,0,
0.404339590149819,0.317440841367222,0.517522899243329,0.792829589289766,0.171121658755933,0,
0.397279145858447,0.718667835232252,0.293707686180804,0.320626276378489,0.356982263302523,0,
0.389185465817117,0.467659947414549,0.745121465551573,0.247787610619469,0.26929802648014,0,
0.577578784225934,0.498685363716039,0.498407009159697,0.521216246879964,0.527104671496378,0,
0.333907353194421,0.340929009640666,0.86399840700916,0.571363739505332,0.425181114164377,0,
0.407783709316342,0.505872042068361,0.30326563122262,0.329702745631949,0.303272545590807,0,
0.728431203719649,0.195617879053462,0.405416168857029,0.393238030406172,0.306270297277042,0,
0.353022214568624,0.432427695004382,0.612305854241338,0.53188109825278,0.268048963277542,0,
0.343723092819012,0.432077125328659,0.864396654719235,0.137735420921262,0.32075943042718,0,
0.490098157396246,0.748466257668712,0.273197929111908,0.465849784433855,0.267549337996503,0,
0.243154813156535,0.150394390885188,0.120071684587814,0.0916723394599501,0.504121908568574,0,
0.322886171861546,0.401577563540754,0.772202309836718,0.187202178352621,0.164626530102423,0,
0.646633373514724,0.437510955302366,0.422939068100358,0.412071704107102,0.304271796152885,0,
0.343895298777338,0.307624890446976,0.699123855037833,0.597912412071704,0.600549587809143,0,
0.417427242982607,0.829973707274321,0.273596176821983,0.309961425005673,0.362977766674994,0,
0.545892887893921,0.566170026292726,0.300876144962166,0.32834127524393,0.302273295028728,0,
0.560530394351645,0.593163891323401,0.27937076861808,0.423644202405264,0.532600549587809,0,
0.336834854485965,0.290446976336547,0.486459577857427,0.878375312003631,0.136897327004746,0,
0.496469777854314,0.558106923751096,0.310434090003982,0.33287950987066,0.344491631276543,0,
0.33166867573618,0.374057843996494,0.790521704500199,0.199228500113456,0.419435423432426,0,
0.432581367315309,0.366170026292726,0.809438470728793,0.179033356024506,0.421933549837622,0,
0.336146030652661,0.432252410166521,0.982477100756671,0.169956886771046,0.32075943042718,0,
0.431892543482004,0.528834355828221,0.289127837514934,0.324483775811209,0.29502872845366,0,
0.395557086275185,0.829447852760736,0.242134607726006,0.505559337417744,0.272795403447414,0,
0.666092646805579,0.303067484662577,0.338709677419355,0.339913773542092,0.308018985760679,0,
0.859996555880833,0.308851884312007,0.338510553564317,0.378942591331972,0.30751936047964,0,
0.329602204236267,0.462226117440841,0.719832735961768,0.223281143635126,0.259805146140395,0,
0.70415016359566,0.344609991235758,0.341696535244922,0.388245972316769,0.30751936047964,0,
0.603065266058206,0.450482033304119,0.317005177220231,0.39074200136147,0.344741443917062,0,
0.781815050800758,0.469412795793164,0.434687375547591,0.512820512820513,0.280789407944042,0,
0.377475460650939,0.544960560911481,0.609916367980884,0.460403902881779,0.368723457406945,0,
0.793180644050284,0.368448729184925,0.417164476304261,0.398683911958248,0.383212590557082,0,
0.363871189943172,0.398247151621385,0.935284747112704,0.585205355116859,0.228578566075443,0,
0.824349922507319,0.17931638913234,0.392871365989646,0.342409802586794,0.334998750936797,0,
0.358188393318409,0.745661700262927,0.263042612504978,0.442024052643522,0.469148138895828,0,
0.550370242810401,0.606134969325153,0.292114695340502,0.291354663036079,0.507119660254809,0,
0.630618219390391,0.480806310254163,0.41636798088411,0.391195824824143,0.30102423182613,0,
0.389874289650422,0.77475898334794,0.604141776184787,0.501701837985024,0.261553834624032,0,
0.399173411400034,0.410692375109553,0.796694544006372,0.267755842977082,0.453909567824132,0,
0.31823661098674,0.319368974583699,0.587017124651533,0.564556387565237,0.52560579565326,0,
0.5167900809368,0.686765994741455,0.28036638789327,0.302927161334241,0.249313015238571,0,
0.32856896848631,0.461524978089395,0.732178414974114,0.180848649875199,0.186610042468149,0,
0.40743929739969,0.558282208588957,0.62863401035444,0.26072157930565,0.195353484886335,0,
0.368520750817978,0.556178790534619,0.511748307447232,0.414113909689131,0.351736197851611,0,
0.324263819528156,0.48045574057844,0.855037833532457,0.193555706830043,0.32075943042718,0,
0.818667125882555,0.17581069237511,0.417761847869375,0.451100521896982,0.261304021983512,0,
0.500602720854141,0.418229623137599,0.321585025886101,0.339913773542092,0.307019735198601,0,
0.768899603926296,0.410517090271691,0.464356829948228,0.482641252552757,0.41693729702723,0,
0.439641811606682,0.370376862401402,0.324173636001593,0.343998184706149,0.336247814139395,0,
0.317719993111762,0.299912357581069,0.460772600557547,0.844338552303154,0.112415688233825,0,
0.438952987773377,0.522874671340929,0.455396256471525,0.400953029271613,0.32075943042718,0,
0.732736352677803,0.190184049079755,0.404619673436878,0.401406852734286,0.297027229577817,0,
0.61494747718271,0.370727432077125,0.394862604540024,0.388926707510778,0.281039220584562,0,
0.407267091441364,0.757405784399649,0.537236160892075,0.288631722260041,0.498875843117662,0,
0.649560874806268,0.279579316389132,0.341099163679809,0.37712729748128,0.300274793904572,0,
0.309109695195454,0.341980718667835,0.205694942254082,0.951667801225323,0.32075943042718,0,
0.607026003099707,0.653637160385627,0.296694544006372,0.326299069661902,0.296527604296777,0,
0.573618047184433,0.472567922874671,0.308243727598566,0.408214204674382,0.360979265550837,0,
0.382469433442397,0.749167397020158,0.559936280366388,0.459723167687769,0.32075943042718,0,
0.351472360943689,0.409114811568799,0.94205495818399,0.183571590651237,0.418436172870347,0,
0.321164112278285,0.452936021034181,0.815810434090004,0.172679827547084,0.233325006245316,0,
0.319442052695023,0.372655565293602,0.664675428116288,0.720898570456093,0.32075943042718,0,
0.608920268641295,0.394741454864154,0.430505774591796,0.402995234853642,0.286535098675993,0,
0.580161873600826,0.551971954425942,0.296495420151334,0.332425686407987,0.297277042218336,0,
0.33166867573618,0.400525854513585,0.796296296296296,0.595416383027002,0.232825380964277,0,
0.399517823316687,0.529710780017528,0.247710075667065,0.306103925572952,0.280039970022483,0,
0.333390735319442,0.313234005258545,0.769812823576264,0.56501021102791,0.482138396202848,0,
0.768555192009644,0.341980718667835,0.39426523297491,0.382800090764693,0.305770671996003,0,
0.416738419149303,0.716739702015776,0.519912385503783,0.308599954617654,0.291781164126905,0,
0.4535904942311,0.603330411919369,0.716845878136201,0.263217608350352,0.457406944791406,0,
0.835371103840193,0.327256792287467,0.408203902827559,0.407760381211709,0.305520859355483,0,
0.672119855346995,0.452059596844873,0.45499800876145,0.457907873837077,0.262053459905071,0,
0.363698983984846,0.425416301489921,0.757068896853843,0.237803494440663,0.260554584061954,0,
0.324436025486482,0.451007887817704,0.711668657905217,0.245518493306104,0.268298775918061,0,
0.365937661443086,0.76441717791411,0.278773397052967,0.317449512139778,0.36522608043967,0,
0.306698811778888,0.286765994741455,0.451612903225806,0.200589970501475,0.776417686734949,0,
0.862235233339073,0.320771253286591,0.328952608522501,0.323349217154527,0.470147389457907,0,
0.394523850525228,0.65977212971078,0.566109119872561,0.270932607215793,0.277292030976767,0,
0.902703633545721,0.331113058720421,0.445240939864596,0.336963921034717,0.307019735198601,0,
0.61270879972447,0.563014899211218,0.280167264038232,0.398230088495575,0.265550836872346,0,
0.338384708110901,0.376161262050833,0.864794902429311,0.216473791695031,0.235823132650512,0,
0.61856380230756,0.501665205959684,0.287534846674632,0.400953029271613,0.289283037721709,0,
0.401067676941622,0.692900964066608,0.242333731581043,0.303154073065577,0.281289033225081,0,
0.344756328568968,0.781069237510955,0.251294305057746,0.424324937599274,0.369722707969023,0,
0.332874117444464,0.490096406660824,0.773596176821983,0.588382119355571,0.599050711966026,0,
0.314448079903565,0.309027169149869,0.470728793309438,0.625822555026095,0.633025231076692,0,
0.456862407439297,0.362489044697634,0.740342493030665,0.575675062400726,0.227829128153885,0,
0.32047528844498,0.387554776511832,0.526483472720032,0.799863852961198,0.151886085435923,0,
0.363698983984846,0.691849255039439,0.508363201911589,0.484910369866122,0.32075943042718,0,
0.363698983984846,0.550744960560911,0.595977698128236,0.474245518493306,0.32075943042718,0,
0.621663509557431,0.31954425942156,0.400438072481083,0.392784206943499,0.283537346989758,0,
0.711727225762011,0.340753724802805,0.412982875348467,0.594962559564329,0.24356732450662,0,
0.448940933356294,0.501840490797546,0.436479490242931,0.384615384615385,0.32075943042718,0,
0.408816945066299,0.704995617879054,0.545599362803664,0.428863172226004,0.366724956282788,0,
0.412088858274496,0.581419807186678,0.301274392672242,0.399364647152258,0.292280789407944,0,
0.338556914069227,0.336546888694128,0.529271206690561,0.229634672112548,0.809392955283537,0,
0.307732047528844,0.335144609991236,0.229589804858622,0.898797367823917,0.32075943042718,0,
0.361460306526606,0.789482909728308,0.261648745519713,0.310642160199682,0.285535848113915,0,
0.311348372653694,0.2988606485539,0.448227797690163,0.616065350578625,0.644766425181114,0,
0.406750473566385,0.622261174408414,0.726403823178017,0.264125255275698,0.261054209342993,0,
0.889615980712933,0.316914986853637,0.336320191158901,0.383480825958702,0.33999500374719,0,
0.78887549509213,0.38965819456617,0.461569095977698,0.466530519627865,0.292530602048464,0,
0.311348372653694,0.319018404907975,0.467343687773795,0.786476060812344,0.747189607794154,0,
0.329257792319614,0.41612620508326,0.754082039028276,0.235988200589971,0.32075943042718,0,
0.306354399862235,0.300788781770377,0.427518916766229,0.455638756523712,0.32075943042718,0,
0.387980024108834,0.609465381244522,0.551772202309837,0.447243022464261,0.368723457406945,0,
0.314792491820217,0.310078878177038,0.466547192353644,0.822781937826186,0.32075943042718,0,
0.381780609609092,0.688694127957932,0.577658303464755,0.479918311776719,0.276542593055209,0,
0.350783537110384,0.439439088518843,0.68478693747511,0.526889040163376,0.221833624781414,0,
0.369381780609609,0.655565293602103,0.244922341696535,0.307011572498298,0.287534349238071,0,
0.565352161184777,0.648378615249781,0.267821585025886,0.311322895393692,0.293529852610542,0,
0.569829516101257,0.612094653812445,0.265033851055356,0.234626730201951,0.32075943042718,0,
0.674530738763561,0.560560911481157,0.285941855834329,0.534830950760154,0.265051211591307,0,
0.326674702944722,0.480806310254163,0.773397052966945,0.166326299069662,0.246065450911816,0,
0.648355433097985,0.323575810692375,0.34010354440462,0.390515089630134,0.301773669747689,0,
0.798691234716721,0.295179666958808,0.635603345280765,0.293623780349444,0.288033974519111,0,
0.516962286895126,0.651358457493427,0.292114695340502,0.322668481960517,0.376967274544092,0,
0.309970724987085,0.278352322524102,0.427319792911191,0.673020195144089,0.777666749937547,0,
0.361976924401584,0.591411042944785,0.298088410991637,0.319037894259133,0.297776667499375,0,
0.367831926984674,0.681507449605609,0.581441656710474,0.540730655774904,0.32075943042718,0,
0.465644911313931,0.58737949167397,0.483671843886898,0.632176083503517,0.221583812140894,0,
0.45582917168934,0.719193689745837,0.511350059737157,0.552303154073066,0.264801398950787,0,
0.88703289133804,0.180718667835232,0.498805256869773,0.405037440435671,0.303022732950287,0,
0.334079559152747,0.411919368974584,0.631023496614894,0.232357612888586,0.187359480389708,0,
0.33304632340279,0.488343558282209,0.770808442851454,0.589289766280917,0.616287784161879,0,
0.625452040640606,0.388255915863278,0.298486658701712,0.45836169729975,0.238571071696228,0,
0.462717410022387,0.579141104294479,0.276782158502589,0.716814159292035,0.200349737696727,0,
0.382641639400723,0.43680981595092,0.780167264038232,0.230542319037894,0.260804396702473,0,
0.317203375236783,0.333041191936897,0.662485065710872,0.742909008395734,0.32075943042718,0,
0.395212674358533,0.522348816827344,0.294305057745918,0.405264352167007,0.299775168623532,0,
0.758222834510074,0.191235758106924,0.400637196336121,0.385749943272067,0.285036222832875,0,
0.334940588944377,0.407887817703769,0.982078853046595,0.184706149307919,0.23082687984012,0,
0.322541759944894,0.298334794040315,0.467941059338909,0.285228046289993,0.32075943042718,0,
0.388324436025486,0.722173531989483,0.270410195141378,0.317449512139778,0.289532850362228,0,
0.355777509901843,0.535319894829097,0.527877339705297,0.446335375538915,0.270297277042218,0,
0.351300154985362,0.611218229623138,0.265830346475508,0.440662582255503,0.32075943042718,0,
0.80144653004994,0.308851884312007,0.341099163679809,0.378261856137962,0.305520859355483,0,
0.430859307732047,0.762313759859772,0.234169653524492,0.49217154526889,0.392455658256308,0,
0.791802996383675,0.315687992988606,0.570688968538431,0.305650102110279,0.296027979015738,0,
0.759944894093336,0.349342681858019,0.574671445639188,0.296800544588155,0.294279290532101,0,
0.309798519028758,0.314285714285714,0.579649542015133,0.781030179260268,0.32075943042718,0,
0.47063888410539,0.668711656441718,0.265232974910394,0.422282732017245,0.472395703222583,0,
0.400895470983296,0.508676599474145,0.306252489048188,0.392330383480826,0.304271796152885,0,
0.376786636817634,0.822436459246275,0.274392672242135,0.440435670524166,0.492880339745191,0,
0.511623902187016,0.637686240140228,0.295898048586221,0.324256864079873,0.370971771171621,0,
0.390046495608748,0.575109553023663,0.564715252887296,0.240753346948037,0.790657007244567,0,
0.323747201653177,0.379141104294479,0.766029470330546,0.598366235534377,0.32075943042718,0,
0.757189598760117,0.193865030674847,0.394663480684986,0.379396414794645,0.340244816387709,0,
0.669020148097124,0.344259421560035,0.339705296694544,0.38234626730202,0.336497626779915,0,
0.627690718098846,0.446625766871166,0.599761051373955,0.601769911504425,0.249562827879091,0,
0.341828827277424,0.419807186678352,0.769613699721227,0.675062400726118,0.209093180114914,0,
0.419321508524195,0.663978965819457,0.669454400637196,0.26525981393238,0.268798401199101,0,
0.84088169450663,0.186503067484663,0.343289526085225,0.343998184706149,0.334998750936797,0,
0.412777682107801,0.496406660823839,0.562923138191955,0.26140231449966,0.724956282787909,0,
0.338384708110901,0.524627519719544,0.512943050577459,0.442704787837531,0.32075943042718,0,
0.332185293611159,0.311831726555653,0.467144563918757,0.692307692307692,0.582063452410692,0,
0.471844325813673,0.695004382120947,0.243130227001195,0.565917857953256,0.259305520859355,0,
0.507490959187188,0.637510955302366,0.299084030266826,0.32312230542319,0.381963527354484,0,
0.441019459273291,0.550043821209465,0.305057745917961,0.406852734286363,0.256807394454159,0,
0.639572929223351,0.328133216476775,0.341696535244922,0.345132743362832,0.311266550087434,0,
0.666437058722232,0.152322524101665,0.417562724014337,0.418652144315861,0.289782663002748,0,
0.392457379025314,0.804382120946538,0.221823974512147,0.294077603812117,0.268048963277542,0,
0.387463406233856,0.537598597721297,0.53305455993628,0.443385523031541,0.368223832125906,0,
0.366798691234717,0.337248028045574,0.566109119872561,0.908781484002723,0.13439920059955,0,
0.34871706561047,0.373882559158633,0.853046594982079,0.645110052189698,0.206345241069198,0,
0.740657826760806,0.306573181419807,0.334328952608522,0.340594508736102,0.350487134649013,0,
0.264163940072326,0.0958808063102542,0.141975308641975,0.246879963694123,0.32075943042718,0,
0.33976235577751,0.517090271691499,0.276383910792513,0.410029498525074,0.297526854858856,0,
0.355949715860169,0.500087642418931,0.675627240143369,0.587928295892898,0.58306270297277,0,
0.360427070776649,0.548466257668712,0.308243727598566,0.330837304288632,0.30102423182613,0,
0.473738591355261,0.59421560035057,0.277976901632816,0.411164057181756,0.287784161878591,0,
0.394179438608576,0.388606485539001,0.708880923934687,0.570002269117313,0.181613789657757,0,
0.817289478215946,0.403856266432954,0.31800079649542,0.390968913092807,0.382213339995004,0,
0.348889271568796,0.523225241016652,0.805057745917961,0.230088495575221,0.32075943042718,0,
0.462372998105734,0.527782646801052,0.307845479888491,0.325618334467892,0.348988258805896,0,
0.780609609092475,0.334618755477651,0.336917562724014,0.399137735420921,0.346989757681739,0,
0.762011365593249,0.284662576687117,0.401234567901235,0.409121851599728,0.299775168623532,0,
0.824005510590666,0.192462751971954,0.342293906810036,0.374858180167915,0.336997252060954,0,
0.307387635612192,0.284487291849255,0.421744324970131,0.484002722940776,0.32075943042718,0,
0.43568107456518,0.765644171779141,0.249701314217443,0.482868164284094,0.392705470896827,0,
0.335112794902704,0.316213847502191,0.728594185583433,0.568867710460631,0.440669497876593,0,
0.353711038401929,0.542681858019281,0.472919155714855,0.305196278647606,0.292030976767424,0,
0.328913380402962,0.381069237510955,0.753882915173238,0.145450419786703,0.137896577566825,0,
0.357155157568452,0.454513584574934,0.899044205495818,0.603131381892444,0.226829877591806,0,
0.367143103151369,0.603155127081507,0.278176025487853,0.409575675062401,0.355733200099925,0,
0.74048562080248,0.345486415425066,0.407009159697332,0.388926707510778,0.291781164126905,0,
0.943172033752368,0.336371603856266,0.335921943448825,0.335375538915362,0.306769922558081,0,
0.325985879111417,0.370727432077125,0.52110712863401,0.669616519174041,0.32075943042718,0,
0.311864990528672,0.336021034180543,0.501194743130227,0.936010891763104,0.32075943042718,0,
0.373342517651111,0.595617879053462,0.260254878534448,0.313818924438393,0.293779665251062,0,
0.325297055278113,0.326029798422436,0.484866587017125,0.802132970274563,0.567324506620035,0,
0.311348372653694,0.294829097283085,0.446236559139785,0.493079192194236,0.833624781413939,0,
0.382297227484071,0.620508326029798,0.603544404619673,0.453369639210347,0.272045965525856,0,
0.41415532977441,0.548115687992989,0.286140979689367,0.324256864079873,0.299275543342493,0,
0.426381952815567,0.621735319894829,0.2536837913182,0.314726571363739,0.356982263302523,0,
0.420182538315826,0.835407537248028,0.266228594185583,0.296119809394146,0.391706220334749,0,
0.336662648527639,0.78387379491674,0.262046993229789,0.647832992965736,0.22458156382713,0,
0.274496297571896,0.328659070990359,0.641178813221824,0.358747447243022,0.32075943042718,0,
0.541759944894093,0.47817703768624,0.307248108323377,0.331744951213978,0.350736947289533,0,
0.608920268641295,0.364241893076249,0.393269613699721,0.389153619242115,0.281289033225081,0,
0.405545031858102,0.588606485539001,0.684986061330147,0.270251872021783,0.273295028728454,0,
0.388496641983813,0.837510955302366,0.244125846276384,0.303154073065577,0.282538096427679,0,
0.567074220768039,0.333742331288344,0.397650338510554,0.393464942137508,0.33949537846615,0,
0.544343034268986,0.505170902716915,0.439466348068499,0.420240526435217,0.357981513864602,0,
0.479765799896676,0.415950920245399,0.41358024691358,0.404583616972998,0.298526105420934,0,
0.338901325985879,0.586503067484663,0.604340900039825,0.501474926253687,0.32075943042718,0,
0.318064405028414,0.332340052585451,0.508761449621665,0.863399137735421,0.161129153135149,0,
0.345961770277252,0.627870289219982,0.5073675826364,0.426594054912639,0.263552335748189,0,
0.645083519889788,0.325854513584575,0.776981282357626,0.257771726798275,0.280539595303522,0,
0.343550886860685,0.456441717791411,0.817005177220231,0.228500113455866,0.32075943042718,0,
0.442913724814879,0.612269938650307,0.481879729191557,0.302473337871568,0.663502373220085,0,
0.33304632340279,0.571428571428571,0.740939864595779,0.201497617426821,0.253310017486885,0,
0.657654554847598,0.419106047326906,0.333731581043409,0.385069208078058,0.305271046714964,0,
0.333390735319442,0.43680981595092,0.782556750298686,0.15021556614477,0.1923557332001,0,
0.418460478732564,0.473269062226117,0.312425328554361,0.334014068527343,0.306270297277042,0,
0.745307387635612,0.380718667835232,0.44305057745918,0.426594054912639,0.496377716712466,0,
0.441536077148269,0.646976336546889,0.591397849462366,0.294304515543454,0.282787909068199,0,
0.353883244360255,0.527782646801052,0.61768219832736,0.466984343090538,0.26305271046715,0,
0.311003960737042,0.288343558282209,0.469733174034249,0.314499659632403,0.212090931801149,0,
0.348889271568796,0.521121822962314,0.797092791716448,0.22759246653052,0.24981264051961,0,
0.341312209402445,0.537423312883436,0.527279968140183,0.433401406852734,0.360979265550837,0,
0.462200792147408,0.665907099035933,0.305455993628037,0.324937599273882,0.29502872845366,0,
0.678663681763389,0.369325153374233,0.430904022301872,0.337871567960064,0.30751936047964,0,
0.547442741518857,0.386678352322524,0.423934687375548,0.405945087361017,0.297277042218336,0,
0.446185638023076,0.744609991235758,0.521704500199124,0.480599046970728,0.428678491131651,0,
0.512140520061994,0.54022787028922,0.312425328554361,0.33356024506467,0.346490132400699,0,
0.365076631651455,0.67589833479404,0.283552369573875,0.412525527569775,0.280289782663003,0,
0.70552781126227,0.305521472392638,0.412783751493429,0.341048332198775,0.33949537846615,0,
0.704494575512313,0.344609991235758,0.341696535244922,0.388245972316769,0.30751936047964,0,
0.356121921818495,0.617703768624014,0.580645161290323,0.50260948491037,0.245815638271297,0,
0.764766660926468,0.395092024539877,0.567901234567901,0.296800544588155,0.291531351486385,0,
0.545204064060617,0.510429447852761,0.450617283950617,0.669843430905378,0.211091681239071,0,
0.439814017565008,0.608764241893076,0.290720828355237,0.429543907420014,0.271046714963777,0,
0.496125365937661,0.461349693251534,0.502190362405416,0.769230769230769,0.196102922807894,0,
0.318925434820045,0.457318141980719,0.521505376344086,0.434762877240753,0.32075943042718,0,
0.338729120027553,0.46205083260298,0.730585424133811,0.526889040163376,0.235323507369473,0,
0.379714138109179,0.700438212094654,0.261449621664675,0.291581574767415,0.32075943042718,0,
0.47063888410539,0.426292725679229,0.312425328554361,0.335829362378035,0.32075943042718,0,
0.492853452729464,0.367397020157756,0.338908801274393,0.380077149988654,0.308018985760679,0,
0.532460823144481,0.518667835232252,0.311429709279172,0.335602450646698,0.343242568073945,0,
0.334940588944377,0.332340052585451,0.453803265631223,0.579078738370774,0.585061204096927,0,
0.574995694851042,0.665731814198072,0.27021107128634,0.31336510097572,0.293280039970022,0,
0.412949888066127,0.754951796669588,0.527479091995221,0.289085545722714,0.281289033225081,0,
0.794213879800241,0.295530236634531,0.419753086419753,0.392557295212162,0.300524606545091,0,
0.415705183399346,0.492199824715162,0.291716447630426,0.402768323122305,0.266050462153385,0,
0.61270879972447,0.36546888694128,0.389884508164078,0.390288177898797,0.276542593055209,0,
0.367659721026347,0.662751971954426,0.567702110712863,0.473791695030633,0.247064701473895,0,
0.336662648527639,0.407887817703769,0.782357626443648,0.141139096891309,0.229577816637522,0,
0.353711038401929,0.408764241893076,0.682994822779769,0.548218742909008,0.236322757931551,1,
0.356294127776821,0.462751971954426,0.642771804062127,0.228500113455866,0.242568073944542,1,
0.309454107112106,0.308676599474145,0.511549183592194,0.358747447243022,0.32075943042718,1,
0.369037368692957,0.468361086765995,0.696535244922342,0.533242568640799,0.497626779915064,1,
0.390563113483726,0.680806310254163,0.524492234169654,0.586339913773542,0.21808643517362,1,
0.370931634234544,0.369149868536372,0.656113102349661,0.62355343771273,0.221583812140894,1,
0.406750473566385,0.383698510078878,0.634010354440462,0.546403449058316,0.12190856857357,1,
0.457895643189254,0.364943032427695,0.68379131819992,0.572498298162015,0.695228578566076,1,
0.468572412605476,0.319193689745837,0.707487056949422,0.560018152938507,0.259805146140395,1,
0.384019287067333,0.31148115687993,0.796694544006372,0.584297708191514,0.470647014738946,1,
0.360771482693301,0.345486415425066,0.96136997212266,0.235761288858634,0.450662003497377,1,
0.427070776648872,0.499035933391762,0.570489844683393,0.611754027683231,0.63427429427929,1,
0.378680902359222,0.294127957931639,0.434289127837515,0.681642840934876,0.663252560579565,1,
0.36352677802652,0.370201577563541,0.701513341298287,0.588382119355571,0.32075943042718,1,
0.369209574651283,0.505346187554777,0.802668259657507,0.239391876560018,0.232075943042718,1,
0.347167211985535,0.341279579316389,0.609119872560733,0.24120717041071,0.32075943042718,1,
0.474771827105218,0.571779141104295,0.6268418956591,0.251418198320853,0.275043717212091,1,
0.329946616152919,0.372129710780018,0.520708880923935,0.756296800544588,0.32075943042718,1,
0.352677802651972,0.421735319894829,0.63878932696137,0.610392557295212,0.492630527104671,1,
0.426898570690546,0.525503943908852,0.612504978096376,0.505786249149081,0.467399450412191,1,
0.387635612192182,0.305872042068361,0.787136598964556,0.565237122759247,0.441918561079191,1,
0.341656621319098,0.394390885188431,0.496814018319395,0.510324483775811,0.539095678241319,1,
0.322541759944894,0.35056967572305,0.513341298287535,0.671204901293397,0.503622283287534,1,
0.399173411400034,0.331989482909728,0.760454002389486,0.641706376219651,0.630776917312016,1,
0.310487342862063,0.307449605609115,0.491039426523298,0.670524166099387,0.566575068698476,1,
0.308765283278801,0.310254163014899,0.512743926722421,0.926026775584298,0.32075943042718,1,
0.416221801274324,0.439964943032428,0.719434488251693,0.251418198320853,0.222333250062453,1,
0.354055450318581,0.430674846625767,0.861608920748706,0.204901293396869,0.234823882088434,1,
0.392973996900293,0.31954425942156,0.524293110314616,0.71000680735194,0.1541343992006,1,
0.335801618736008,0.365293602103418,0.586818000796495,0.590424324937599,0.176117911566325,1,
0.336662648527639,0.414373356704645,0.471923536439665,0.533923303834808,0.32075943042718,1,
0.565696573101429,0.453286590709904,0.764834727200319,0.226004084411164,0.253809642767924,1,
0.340967797485793,0.329535495179667,0.5073675826364,0.796006353528477,0.125156132900325,1,
0.311348372653694,0.302191060473269,0.452608522500996,0.454277286135693,0.23082687984012,1,
0.33166867573618,0.339351446099912,0.478494623655914,0.664397549353302,0.32075943042718,1,
0.354744274151886,0.460648553900088,0.548387096774194,0.78738370773769,0.167124656507619,1,
0.478560358188393,0.597546012269939,0.717642373556352,0.267755842977082,0.277791656257807,1,
0.428104012398829,0.328308501314636,0.671246515332537,0.752893124574541,0.131651261553835,1,
0.396590322025142,0.359158632778265,0.675627240143369,0.26979804855911,0.40994254309268,1,
0.309626313070432,0.353900087642419,0.423337315810434,0.520308599954618,0.32075943042718,1,
0.501808162562425,0.549342681858019,0.757268020708881,0.268436578171091,0.280789407944042,1,
0.340623385569141,0.431375985977213,0.788331342094783,0.548899478103018,0.571821134149388,1,
0.354399862235233,0.315162138475022,0.764635603345281,0.564556387565237,0.418186360229828,1,
0.423626657482349,0.412971078001753,0.678016726403823,0.560698888132516,0.152635523357482,1,
0.51816772860341,0.367221735319895,0.717642373556352,0.73474018606762,0.217336997252061,1,
0.384019287067333,0.277651183172656,0.68657905217045,0.564102564102564,0.19260554584062,1,
0.309626313070432,0.311656441717791,0.515730784547989,0.929203539823009,0.32075943042718,1,
0.419838126399173,0.332515337423313,0.768618080446037,0.224642614023145,0.418186360229828,1,
0.395557086275185,0.431200701139351,0.740541616885703,0.22237349670978,0.26305271046715,1,
0.322886171861546,0.323049956178791,0.534647550776583,0.794417971409122,0.127154634024482,1,
0.35319442052695,0.370201577563541,0.568100358422939,0.765373269798049,0.32075943042718,1,
0.382469433442397,0.465907099035933,0.832138590203106,0.560018152938507,0.245815638271297,1,
0.389874289650422,0.702366345311131,0.551573078454799,0.53188109825278,0.501124156882338,1,
0.393146202858619,0.336722173531989,0.630027877339705,0.512139777626503,0.45490881838621,1,
0.335801618736008,0.388781770376862,0.54042214257268,0.88359428182437,0.32075943042718,1,
0.334596177027725,0.321121822962314,0.457188371166866,0.664624461084638,0.109917561828629,1,
0.276907180988462,0.164066608238387,0.256073277578654,0.203312911277513,0.32075943042718,1,
0.331152057861202,0.319719544259422,0.572879330943847,0.608123439981847,0.32075943042718,1,
0.272946443946961,0.317090271691499,0.247710075667065,0.160199682323576,0.32075943042718,1,
0.308248665403823,0.351971954425942,0.414974113898845,0.533242568640799,0.32075943042718,1,
0.328913380402962,0.363891323400526,0.946037435284747,0.582482414340821,0.198101423932051,1,
0.434647838815223,0.468536371603856,0.518120270808443,0.441570229180849,0.530352235823133,1,
0.340106767694162,0.399649430324277,0.857228195937873,0.633764465622873,0.546590057456907,1,
0.377131048734286,0.310078878177038,0.698128235762644,0.601769911504425,0.228078940794404,1,
0.319442052695023,0.448553900087642,0.47331740342493,0.596324029952349,0.590307269547839,1,
0.398140175650077,0.336546888694128,0.746117084826762,0.677785341502156,0.63477391956033,1,
0.360599276734975,0.704820333041192,0.2463162086818,0.718402541411391,0.206844866350237,1,
0.38591355260892,0.381945661700263,0.772401433691756,0.253687315634218,0.415188608543592,1,
0.348028241777165,0.448553900087642,0.694544006371963,0.904470161107329,0.157631776167874,1,
0.320647494403306,0.325854513584575,0.492831541218638,0.658270932607216,0.58356232825381,1,
0.340795591527467,0.355477651183173,0.549382716049383,0.620149761742682,0.32075943042718,1,
0.344411916652316,0.357931638913234,0.518518518518518,0.864987519854776,0.033974519110667,1,
0.32942999827794,0.401226993865031,0.850258861011549,0.181756296800545,0.666999750187359,1,
0.3271913208197,0.366520595968449,0.540621266427718,0.640344905831632,0.12790407194604,1,
0.454451524022731,0.478001752848379,0.679012345679012,0.654413433174495,0.207094678990757,1,
0.38367487515068,0.398948290972831,0.681600955794504,0.263898343544361,0.588308768423682,1,
0.340967797485793,0.383172655565294,0.783353245718837,0.66258225550261,0.613040219835124,1,
0.386257964525573,0.317791411042945,0.519912385503783,0.711141366008623,0.15388458656008,1,
0.335973824694334,0.322173531989483,0.589207487056949,0.595189471295666,0.32075943042718,1,
0.355949715860169,0.518667835232252,0.652727996814018,0.486271840254141,0.22408193854609,1,
0.348028241777165,0.346187554776512,0.44026284348865,0.602677558429771,0.32075943042718,1,
0.319786464611676,0.345135845749343,0.454400637196336,0.531427274790107,0.32075943042718,1,
0.401239882899948,0.407887817703769,0.709080047789725,0.639664170637622,0.636522608043967,1,
0.310487342862063,0.30464504820333,0.505973715651135,0.215339233038348,0.648263802148389,1,
0.311003960737042,0.343908851884312,0.413181999203505,0.461538461538462,0.556582563077692,1,
0.327363526778026,0.357756354075372,0.676821983273596,0.663943725890629,0.69198101423932,1,
0.39624591010849,0.391235758106924,0.782357626443648,0.761969593828001,0.191106669997502,1,
0.40072326502497,0.752673093777388,0.254082039028276,0.604265940549126,0.251061703722208,1,
0.528672292061305,0.401752848378615,0.512345679012346,0.503517131835716,0.401948538596053,1,
0.32633029102807,0.306047326906223,0.741338112305854,0.641933287950987,0.687984011991007,1,
0.400895470983296,0.411919368974584,0.787136598964556,0.655321080099841,0.144391706220335,1,
0.348889271568796,0.312883435582822,0.73257666268419,0.722260040844112,0.690731951036722,1,
0.379541932150852,0.484136722173532,0.67184388689765,0.272974812797822,0.261054209342993,1,
0.355088686068538,0.353198948290973,0.664277180406213,0.517358747447243,0.450662003497377,1,
0.436369898398485,0.297808939526731,0.605137395459976,0.802813705468573,0.596802398201349,1,
0.395729292233511,0.512708150744961,0.787136598964556,0.519400953029272,0.257057207094679,1,
0.321852936111589,0.324276950043821,0.470330545599363,0.786476060812344,0.32075943042718,1,
0.327535732736353,0.361086765994741,0.540223018717642,0.2809167233946,0.637022233325006,1,
0.332357499569485,0.302366345311131,0.469135802469136,0.74903562514182,0.745191106669997,1,
0.571723781642845,0.444522348816827,0.650935882118678,0.521216246879964,0.529852610542093,1,
0.375925607026003,0.692199824715162,0.512146555157308,0.547991831177672,0.49337996502623,1,
0.451179610814534,0.57125328659071,0.783751493428913,0.257090991604266,0.273544841368973,1,
0.34647838815223,0.346187554776512,0.435483870967742,0.613569321533923,0.479140644516613,1,
0.317203375236783,0.286590709903593,0.485065710872162,0.699795779441797,0.791906070447165,1,
0.533149646977785,0.524978089395267,0.709876543209876,0.27501701837985,0.286285286035473,1,
0.269330118822111,0.163014899211218,0.502986857825567,0.190152030859995,0.684486635023732,1,
0.396590322025142,0.665381244522349,0.554360812425329,0.648967551622419,0.2305770671996,1,
0.358016187360083,0.357756354075372,0.541816009557945,0.723394599500794,0.624031976017987,1,
0.344756328568968,0.392988606485539,0.866387893269614,0.207170410710234,0.190856857356982,1,
0.594454968141898,0.490271691498685,0.614097968936679,0.259587020648968,0.482638021483887,1,
0.318408816945066,0.322524101665206,0.486857825567503,0.660993873383254,0.533349987509368,1,
0.384880316858963,0.38615249780894,0.719036240541617,0.165191740412979,0.622533100174869,1,
0.309970724987085,0.321647677475898,0.458383114297093,0.775584297708192,0.32075943042718,1,
0.349233683485449,0.472567922874671,0.770410195141378,0.615384615384615,0.605795653260055,1,
0.31375925607026,0.377563540753725,0.457586618876941,0.628999319264806,0.32075943042718,1,
0.332529705527811,0.323751095530237,0.536439665471923,0.802813705468573,0.32075943042718,1,
0.41639400723265,0.439964943032428,0.719434488251693,0.251418198320853,0.222333250062453,1,
0.313414844153608,0.302366345311131,0.53126244524094,0.841161788064443,0.12840369722708,1,
0.387980024108834,0.299211218229623,0.694544006371963,0.520762423417291,0.493130152385711,1,
0.395384880316859,0.350219106047327,0.677817602548785,0.607215793056501,0.466400199850112,1,
0.334940588944377,0.297458369851008,0.509956192751892,0.56954844565464,0.505370971771172,1,
0.349061477527122,0.321998247151621,0.656909597769813,0.130928068981166,0.805645765675743,1,
0.330463234027897,0.354425942156003,0.577857427319793,0.609938733832539,0.162128403697227,1,
0.345272946443947,0.442944785276074,0.697331740342493,0.673247106875425,0.32075943042718,1,
0.348544859652144,0.393339176161262,0.581640780565512,0.907420013614704,0.105920559580315,1,
0.397623557775099,0.343032427695004,0.643966547192354,0.481052870433401,0.223582313265051,1,
0.546926123643878,0.570727432077125,0.666467542811629,0.290673927842069,0.290282288283787,1,
0.347167211985535,0.362664329535495,0.508363201911589,0.635806671204901,0.100924306769923,1,
0.357155157568452,0.784399649430324,0.662086818000797,0.479691400045382,0.277292030976767,1,
0.333907353194421,0.364592462751972,0.169454400637196,0.791468118901747,0.32075943042718,1,
0.274840709488548,0.367046450482033,0.621067303863003,0.637621965055593,0.48688483637272,1,
0.368865162734631,0.341805433829974,0.793508562325767,0.566371681415929,0.473644766425181,1,
0.48854830377131,0.338299737072743,0.702309836718439,0.503063308373043,0.255808143892081,1,
0.437230928190115,0.460823838737949,0.656113102349661,0.266167460857726,0.285785660754434,1,
0.440330635439986,0.465907099035933,0.779569892473118,0.235080553664624,0.255058705970522,1,
0.412777682107801,0.419807186678352,0.723616089207487,0.475606988881325,0.246315263552336,1,
0.320647494403306,0.311656441717791,0.46594982078853,0.538007714998865,0.32075943042718,1,
0.384363698983985,0.333041191936897,0.775189167662286,0.674154753800772,0.68573569822633,1,
0.442569312898226,0.417177914110429,0.508562325766627,0.488087134104833,0.533349987509368,1,
0.378336490442569,0.38159509202454,0.77757865392274,0.590424324937599,0.493130152385711,1,
0.264336146030653,0.312883435582822,0.494822779769016,0.769684592693442,0,1,
0.393318408816945,0.380368098159509,0.754281162883313,0.571817562968005,0.660004996252811,1,
0.345445152402273,0.31726555652936,0.741537236160892,0.677331518039483,0.701973519860105,1,
0.369209574651283,0.354951796669588,0.80426125049781,0.526889040163376,0.482388208843367,1,
0.352333390735319,0.324802804557406,0.655714854639586,0.629906966190152,0.789407944041969,1,
0.380919579817462,0.38510078878177,0.104141776184787,0.506013160880417,0.239820134898826,1,
0.259169967280868,0.395968448729185,0.639386698526483,0.19832085318811,0.567574319260555,1,
0.311003960737042,0.343908851884312,0.413181999203505,0.461538461538462,0.556582563077692,1,
0.421904597899087,0.472217353198948,0.662485065710872,0.258906285454958,0.280289782663003,1,
0.323058377819873,0.315337423312883,0.746913580246914,0.226457907873837,0.32075943042718,1,
0.450146375064577,0.536546888694128,0.4852648347272,0.309507601543,0.293280039970022,1,
0.390735319442053,0.39193689745837,0.765033851055356,0.238257317903336,0.264301773669748,1,
0.326846908903048,0.350043821209465,0.515929908403027,0.271613342409803,0.690482138396203,1,
0.312381608403651,0.336196319018405,0.549980087614496,0.56501021102791,0.32075943042718,1,
0.395384880316859,0.505170902716915,0.648546395858224,0.517358747447243,0.589058206345241,1,
0.400206647149991,0.417002629272568,0.651732377538829,0.650782845473111,0.653260054958781,1,
0.410366798691235,0.0429447852760736,0.66726403823178,0.160653505786249,0.234074444166875,1,
0.323919407611503,0.351446099912358,0.606531262445241,0.754708418425233,0.193854609043218,1,
