540,5,2,
0.332529705527811,0.431726555652936,0.85941855834329,0.213977762650329,0.32075943042718,0,
0.395557086275185,0.682208588957055,0.262246117084827,0.299523485364193,0.280289782663003,0,
0.602376442224901,0.557055214723926,0.308243727598566,0.330610392557295,0.361478890831876,0,
0.40072326502497,0.826643295354952,0.268418956591,0.301792602677558,0.413689732700475,0,
0.343723092819012,0.548816827344435,0.554559936280366,0.453142727479011,0.277791656257807,0,
0.344756328568968,0.816476774758983,0.230784547988849,0.431359201270706,0.277791656257807,0,
0.341140003444119,0.333567046450482,0.48805256869773,0.28023598820059,0.568073944541594,0,
0.308765283278801,0.301840490797546,0.415173237753883,0.254141139096891,0.573569822633025,0,
0.381780609609092,0.595617879053462,0.632218239745121,0.262763784887679,0.32075943042718,0,
0.403134148441536,0.758106923751096,0.25826363998407,0.312457454050374,0.284786410192356,0,
0.710521784053728,0.399824715162138,0.336121067303863,0.385069208078058,0.341493879590307,0,
0.406233855691407,0.574233128834356,0.518120270808443,0.301792602677558,0.289532850362228,0,
0.6096090924746,0.188080631025416,0.411987256073278,0.393464942137508,0.295528353734699,0,
0.556053039435164,0.421560035056968,0.332337714058144,0.342409802586794,0.337247064701474,0,
0.581711727225762,0.454513584574934,0.46694544006372,0.448150669389607,0.26929802648014,0,
0.459101084897537,0.63330411919369,0.304659498207885,0.324937599273882,0.291781164126905,0,
0.339073531944205,0.495004382120947,0.804460374352847,0.19378261856138,0.462153384961279,0,
0.740830032719132,0.306748466257669,0.334328952608522,0.340594508736102,0.350487134649013,0,
0.632512484931979,0.492550394390885,0.299482277976902,0.409121851599728,0.295528353734699,0,
0.748751506802135,0.344434706397897,0.333930704898447,0.376900385749943,0.312015988008993,0,
0.563974513518168,0.51726555652936,0.517921146953405,0.449058316314954,0.419185610791906,0,
0.339934561735836,0.427870289219982,0.650935882118678,0.485364193328795,0.224831376467649,0,
0.823661098674014,0.320420683610868,0.336121067303863,0.381892443839347,0.339245565825631,0,
0.774754606509385,0.456091148115688,0.314615690959777,0.523258452461992,0.261803647264552,0,
0.33528500086103,0.437686240140228,0.771405814416567,0.231676877694577,0.463902073444916,0,
0.620285861890821,0.392287467134093,0.433492632417364,0.401633764465623,0.247564326754934,0,
0.337007060444291,0.434180543382997,0.728195937873357,0.188336737009303,0.245565825630777,0,
0.340451179610815,0.514285714285714,0.574074074074074,0.457680962105741,0.400699475393455,0,
0.322369553986568,0.389307624890447,0.810234966148945,0.167687769457681,0.210592055958031,0,
0.831582572757017,0.287116564417178,0.644763042612505,0.280009076469253,0.28828378715963,0,
0.307732047528844,0.285539000876424,0.423536439665472,0.480145223508055,0.32075943042718,0,
0.430859307732047,0.562138475021911,0.763241736360016,0.247560698888133,0.32075943042718,0,
0.625107628723954,0.396669588080631,0.454599761051374,0.75811209439528,0.233824631526355,0,
0.354055450318581,0.496056091148116,0.616089207487057,0.268890401633764,0.272545590806895,0,
0.683141036679869,0.622085889570552,0.473118279569892,0.452461992285001,0.374219335498376,0,
0.472533149646978,0.67011393514461,0.287534846674632,0.323576128885863,0.294029477891581,0,
0.358188393318409,0.675372480280456,0.570091596973317,0.253006580440209,0.32075943042718,0,
0.838126399173411,0.32532865907099,0.33452807646356,0.397776265032902,0.305021234074444,0,
0.404684002066471,0.615950920245399,0.285941855834329,0.318130247333787,0.365975518361229,0,
0.369553986567935,0.41384750219106,0.856829948227798,0.566144769684593,0.225830627029728,0,
0.385569140692268,0.751796669588081,0.609119872560733,0.49217154526889,0.260554584061954,0,
0.3159979335285,0.309027169149869,0.225408203902828,0.72952121624688,0.760679490382213,0,
0.867229206130532,0.191586327782647,0.390880127439267,0.342182890855457,0.340994254309268,0,
0.312553814361977,0.298334794040315,0.459776981282358,0.754027683231223,0.32075943042718,0,
0.359221629068366,0.495004382120947,0.604540023894863,0.470614930791922,0.384211841119161,0,
0.328913380402962,0.442068361086766,0.74173636001593,0.232357612888586,0.32075943042718,0,
0.868090235922163,0.184399649430324,0.34189565909996,0.343090537780803,0.308018985760679,0,
0.33080764594455,0.339351446099912,0.489446435682995,0.519854776491945,0.32075943042718,0,
0.402445324608231,0.750043821209465,0.527479091995221,0.273428636260495,0.287034723957032,0,
0.465644911313931,0.58737949167397,0.483671843886898,0.632176083503517,0.221583812140894,0,
0.374031341484415,0.639439088518843,0.70589406610912,0.521216246879964,0.245815638271297,0,
0.345272946443947,0.727081507449606,0.278773397052967,0.26072157930565,0.627529352985261,0,
0.3159979335285,0.338825591586328,0.630426125049781,0.876106194690266,0.32075943042718,0,
0.441536077148269,0.496406660823839,0.315013938669853,0.329248922169276,0.344991256557582,0,
0.343378680902359,0.441191936897458,0.873954599761051,0.195371000680735,0.238321259055708,0,
0.411572240399518,0.744609991235758,0.249900438072481,0.308373042886317,0.286035473394954,0,
0.898226278629241,0.169325153374233,0.397451214655516,0.377808032675289,0.337996502623033,0,
0.336662648527639,0.421560035056968,0.927319792911191,0.182890855457227,0.32075943042718,0,
0.326846908903048,0.470289219982471,0.650139386698526,0.247333787156796,0.27554334249313,0,
0.337007060444291,0.439789658194566,0.844285145360414,0.199909235307465,0.643017736697477,0,
0.37248148785948,0.751971954425942,0.237554759060135,0.432266848196052,0.568323757182113,0,
0.548131565352161,0.547765118317266,0.495619275189168,0.567506240072612,0.497127154634024,0,
0.486654038229723,0.336196319018405,0.428116288331342,0.412298615838439,0.276792405695728,0,
0.461167556397451,0.502366345311131,0.475906013540422,0.318357159065124,0.355983012740445,0,
0.816428448424315,0.475021910604733,0.310234966148945,0.515543453596551,0.276042967774169,0,
0.486481832271397,0.515863277826468,0.290720828355237,0.327433628318584,0.32075943042718,0,
0.396418116066816,0.626993865030675,0.254878534448427,0.313592012707057,0.290532100924307,0,
0.471155501980368,0.589833479404032,0.29410593389088,0.329929657363286,0.345490881838621,0,
0.258825555364216,0.578264680105171,0.506969334926324,0.466984343090538,0.32075943042718,0,
0.654554847597727,0.495880806310254,0.323974512146555,0.339459950079419,0.343242568073945,0,
0.336318236610987,0.303768624014023,0.456192751891677,0.714318130247334,0.738446165375968,0,
0.393662820733597,0.654688869412796,0.239545997610514,0.298162014976174,0.279290532100924,0,
0.460823144480799,0.368273444347064,0.326762246117085,0.3380984796914,0.348488633524856,0,
0.348200447735492,0.540052585451358,0.48805256869773,0.419786702972544,0.296777416937297,0,
0.412949888066127,0.561262050832603,0.293110314615691,0.398003176764239,0.300524606545091,0,
0.848803168589633,0.302892199824715,0.452807646356033,0.5214431586113,0.248063952035973,0,
0.505768899603926,0.398773006134969,0.313022700119474,0.382119355570683,0.305770671996003,0,
0.795247115550198,0.406836108676599,0.511350059737157,0.325164511005219,0.30102423182613,0,
0.643878078181505,0.382471516213848,0.396057347670251,0.38688450192875,0.34624031976018,0,
0.459273290855864,0.704119193689746,0.280764635603345,0.282278193782619,0.523857107169623,0,
0.69295677630446,0.346538124452235,0.340700915969733,0.388472884048105,0.30776917312016,0,
0.781126226967453,0.334618755477651,0.336718438868976,0.399137735420921,0.347239570322258,0,
0.332013087652833,0.469938650306748,0.614695340501792,0.270251872021783,0.382213339995004,0,
0.579817461684174,0.367922874671341,0.394862604540024,0.386657590197413,0.342992755433425,0,
0.239882899948338,0.0304995617879053,0.243329350856233,0.295892897662809,0.283037721708718,0,
0.742896504219046,0.407361963190184,0.432098765432099,0.440435670524166,0.394953784661504,0,
0.678835887721715,0.426818580192813,0.333532457188371,0.383707737690039,0.306769922558081,0,
0.388324436025486,0.705170902716915,0.225009956192752,0.293396868618108,0.32075943042718,0,
0.385741346650594,0.783698510078878,0.230585424133811,0.299523485364193,0.32075943042718,0,
0.768038574134665,0.281507449605609,0.39984070091597,0.40639891082369,0.302023482388209,0,
0.338556914069227,0.454864154250657,0.796694544006372,0.175175856591786,0.32075943042718,0,
0.344067504735664,0.450131463628396,0.573078454798885,0.287497163603358,0.164876342742943,0,
0.64232822455657,0.344084136722174,0.343488649940263,0.37644656228727,0.334748938296278,0,
0.919407611503358,0.339176161262051,0.33552369573875,0.337190832766054,0.306769922558081,0,
0.850008610297916,0.336196319018405,0.333532457188371,0.343090537780803,0.306520109917562,0,
0.322025142069916,0.313234005258545,0.499203504579849,0.190832766054005,0.32075943042718,0,
0.358360599276735,0.329009640666082,0.734169653524492,0.631949171772181,0.228828378715963,0,
0.302221456862407,0.268536371603856,0.402827558741537,0.469026548672566,0.659505370971771,0,
0.352850008610298,0.347063978965819,0.850457984866587,0.19310188336737,0.418935798151386,0,
0.335629412777682,0.433654688869413,0.981879729191557,0.167233945995008,0.32075943042718,0,
0.373686929567763,0.755652936021034,0.25647152528873,0.588382119355571,0.233075193604796,0,
0.408816945066299,0.635758106923751,0.556352050975707,0.430224642614023,0.280539595303522,0,
0.562769071809885,0.471516213847502,0.445440063719634,0.394145677331518,0.32075943042718,0,
0.478904770105046,0.546538124452235,0.309836718438869,0.33356024506467,0.346490132400699,0,
0.414327535732736,0.644171779141104,0.675428116288331,0.272974812797822,0.277541843617287,0,
0.414671947649389,0.621910604732691,0.254480286738351,0.316088041751759,0.32075943042718,0,
0.799380058550026,0.33444347063979,0.336917562724014,0.378942591331972,0.335748188858356,0,
0.315481315653522,0.318317265556529,0.581640780565512,0.566371681415929,0.32075943042718,0,
0.276046151196831,0.414373356704645,0.640979689366786,0.215339233038348,0.244066949787659,0,
0.446013432064749,0.481507449605609,0.299482277976902,0.336737009303381,0.343242568073945,0,
0.361632512484932,0.412269938650307,0.842094782954998,0.179714091218516,0.427929053210092,0,
0.312726020320303,0.302541630148992,0.460573476702509,0.617199909235307,0.32075943042718,0,
0.375236783192698,0.671165644171779,0.243727598566308,0.432039936464715,0.283287534349238,0,
0.309798519028758,0.315337423312883,0.574870569494225,0.811663262990697,0.125655758181364,0,
0.337351472360944,0.359684487291849,0.534249303066507,0.606535057862492,0.32075943042718,0,
0.336318236610987,0.541454864154251,0.691955396256472,0.60403902881779,0.194104421683737,0,
0.331840881694507,0.34022787028922,0.690760653126244,0.0821420467438166,0.215838121408943,0,
0.345789564318925,0.397896581945662,0.632218239745121,0.270932607215793,0.262303272545591,0,
0.362493542276563,0.434706397896582,0.827558741537236,0.183571590651237,0.32075943042718,0,
0.865851558463923,0.17703768624014,0.38968538430904,0.380304061719991,0.334499125655758,0,
0.333218529361116,0.338650306748466,0.483074472321784,0.722486952575448,0.610791906070447,0,
0.530910969519545,0.46432953549518,0.432297889287137,0.334014068527343,0.355733200099925,0,
0.460823144480799,0.382822085889571,0.781959378733572,0.523258452461992,0.412690482138396,0,
0.40520061994145,0.672743207712533,0.285742731979291,0.41479464488314,0.254309268048963,0,
0.265541587738936,0.616476774758983,0.562923138191955,0.243022464261402,0.32075943042718,0,
0.345272946443947,0.573181419807187,0.712863401035444,0.522350805536646,0.233325006245316,0,
0.629584983640434,0.484312007011393,0.307447232178415,0.411164057181756,0.295278541094179,0,
0.339073531944205,0.415074496056091,0.957984866587017,0.187656001815294,0.233574818885836,0,
0.686412949888066,0.464154250657318,0.501592990840303,0.319945541184479,0.37172120909318,0,
0.347683829860513,0.41262050832603,0.844086021505376,0.66643975493533,0.32075943042718,0,
0.342345445152402,0.36669588080631,0.491238550378335,0.731336510097572,0.715463402448164,0,
0.333390735319442,0.313234005258545,0.769812823576264,0.56501021102791,0.482138396202848,0,
0.564146719476494,0.514460999123576,0.302469135802469,0.331291127751305,0.347739195603298,0,
0.871878767005338,0.335319894829097,0.413978494623656,0.50782845473111,0.275043717212091,0,
0.548992595143792,0.577914110429448,0.465551573078455,0.628999319264806,0.238571071696228,0,
0.309109695195454,0.304995617879053,0.435085623257666,0.482187429090084,0.32075943042718,0,
0.388324436025486,0.527256792287467,0.254281162883313,0.304742455184933,0.277292030976767,0,
0.501808162562425,0.53339176161262,0.314615690959777,0.334240980258679,0.345740694479141,0,
0.366282073359738,0.503067484662577,0.477698128235763,0.314953483095076,0.290032475643268,0,
0.350266919235405,0.491673970201577,0.787933094384707,0.210347174948945,0.468898326255309,0,
0.431720337523678,0.466432953549518,0.463361210673039,0.396868618107556,0.300524606545091,0,
0.672464267263647,0.327957931638913,0.395260852250099,0.380530973451327,0.302772920309768,0,
0.39262958498364,0.823838737949167,0.250298685782557,0.303154073065577,0.284286784911317,0,
0.468055794730498,0.367572304995618,0.33910792512943,0.375765827093261,0.340994254309268,0,
0.402273118649905,0.580543382997371,0.290919952210275,0.321987746766508,0.32075943042718,0,
0.559669364560014,0.601928133216477,0.479091995221027,0.542319037894259,0.423432425680739,0,
0.382297227484071,0.577914110429448,0.472520908004779,0.415021556614477,0.285535848113915,0,
0.406406061649733,0.529710780017528,0.560135404221426,0.298842750170184,0.358231326505121,0,
0.942311003960737,0.184574934268186,0.393866985264835,0.340594508736102,0.30152385710717,0,
0.402100912691579,0.564767747589834,0.265830346475508,0.405037440435671,0.291781164126905,0,
0.577578784225934,0.498510078878177,0.498407009159697,0.521216246879964,0.527104671496378,0,
0.563630101601515,0.430324276950044,0.446634806849861,0.309961425005673,0.647014738945791,0,
0.367487515068021,0.677651183172656,0.634607726005575,0.273882459723168,0.272545590806895,0,
0.724987084553125,0.418930762489045,0.532656312226205,0.52212389380531,0.268298775918061,0,
0.546237299810573,0.360210341805434,0.337116686579052,0.384161561152712,0.350986759930052,0,
0.816772860340968,0.17703768624014,0.392871365989646,0.342409802586794,0.30751936047964,0,
0.399862235233339,0.773707274320771,0.212066905615293,0.301565690946222,0.28203847114664,0,
0.474771827105218,0.384399649430324,0.336718438868976,0.375312003630588,0.33974519110667,0,
0.31152057861202,0.336546888694128,0.61031461569096,0.612434762877241,0.209342992755433,0,
0.362321336318237,0.457668711656442,0.529669454400637,0.460403902881779,0.287034723957032,0,
0.338040296194248,0.392638036809816,0.881322182397451,0.20285908781484,0.236572570572071,0,
0.446357843981402,0.501489921121823,0.305854241338112,0.331971862945314,0.303522358231327,0,
0.564835543309799,0.519894829097283,0.504181600955794,0.422282732017245,0.40994254309268,0,
0.671258825555364,0.322348816827344,0.384707287933094,0.380304061719991,0.308768423682238,0,
0.39262958498364,0.413146362839614,0.787733970529669,0.270024960290447,0.455908068948289,0,
0.818839331840882,0.321647677475898,0.338510553564317,0.341729067392784,0.308518611041719,0,
0.352677802651972,0.44715162138475,0.690163281561131,0.547084184252326,0.219335498376218,0,
0.313070432236955,0.278702892199825,0.469135802469136,0.670297254368051,0.629278041468898,0,
0.393146202858619,0.624364592462752,0.59378733572282,0.47401860676197,0.276542593055209,0,
0.527466850353022,0.531288343558282,0.299681401831939,0.328568186975267,0.30102423182613,0,
0.363698983984846,0.538650306748466,0.289326961369972,0.317222600408441,0.29502872845366,0,
0.536938178060961,0.540403155127081,0.287534846674632,0.328795098706603,0.32075943042718,0,
0.599621146891682,0.370376862401402,0.332935085623258,0.384842296346721,0.340994254309268,0,
0.395729292233511,0.510078878177038,0.29231381919554,0.324256864079873,0.302023482388209,0,
0.332185293611159,0.423663453111306,0.310035842293907,0.47787610619469,0.32075943042718,0,
0.691406922679525,0.378264680105171,0.33552369573875,0.37712729748128,0.345241069198101,0,
0.547787153435509,0.511656441717791,0.297690163281561,0.271386430678466,0.665251061703722,0,
0.420182538315826,0.626643295354952,0.239147749900438,0.302019514408895,0.284536597551836,0,
0.643878078181505,0.447502191060473,0.46415770609319,0.438166553210801,0.287034723957032,0,
0.334423971069399,0.523751095530237,0.582437275985663,0.449512139777627,0.279790157381964,0,
0.729120027552953,0.279404031551271,0.389486260454002,0.395053324256864,0.304521608793405,0,
0.581539521267436,0.547239263803681,0.287534846674632,0.297708191513501,0.552835373469898,0,
0.733252970552781,0.442243645924627,0.572481083233771,0.46879963694123,0.285036222832875,0,
0.337351472360944,0.476073619631902,0.640979689366786,0.240072611754028,0.32075943042718,0,
0.339073531944205,0.469412795793164,0.76742333731581,0.213523939187656,0.32075943042718,0,
0.404856208024798,0.430324276950044,0.737953006770211,0.243930111186748,0.424931301523857,0,
0.737902531427587,0.315162138475022,0.336519315013939,0.341729067392784,0.350487134649013,0,
0.342517651110728,0.435758106923751,0.517722023098367,0.44474699341956,0.40394703972021,0,
0.30928190115378,0.291673970201578,0.465153325368379,0.69571136827774,0.32075943042718,0,
0.370415016359566,0.483786152497809,0.290720828355237,0.313818924438393,0.273544841368973,0,
0.318064405028414,0.354601226993865,0.711668657905217,0.358747447243022,0.32075943042718,0,
0.588772171517134,0.337773882559159,0.342293906810036,0.378942591331972,0.337746689982513,0,
0.267780265197176,0.482208588957055,0.709080047789725,0.177671885636487,0.32075943042718,0,
0.357155157568452,0.452410166520596,0.603146156909598,0.489448604492852,0.267049712715463,0,
0.341484415360771,0.422787028921998,0.900637196336121,0.18788291354663,0.219585311016737,0,
0.329946616152919,0.51375985977213,0.764834727200319,0.534150215566145,0.499375468398701,0,
0.819011537799208,0.314811568799299,0.595181202708084,0.295439074200136,0.294529103172621,0,
0.681246771138281,0.321647677475898,0.340501792114695,0.343771272974813,0.309268048963278,0,
0.349405889443775,0.308326029798422,0.682994822779769,0.685500340367597,0.124906320259805,0,
0.304976752195626,0.287291849255039,0.466746316208682,0.45836169729975,0.426180364726455,0,
0.33166867573618,0.444697633654689,0.308442851453604,0.457454050374404,0.458156382712965,0,
0.90855863612881,0.176687116564417,0.338311429709279,0.380304061719991,0.304521608793405,0,
0.485620802479766,0.528834355828221,0.579450418160096,0.487860222373497,0.41693729702723,0,
0.316686757361805,0.496231375985977,0.654121863799283,0.184933061039256,0.32075943042718,0,
0.616152918890994,0.388957055214724,0.514336917562724,0.724075334694804,0.209342992755433,0,
0.402100912691579,0.780718667835232,0.251493428912784,0.296573632856819,0.222583062702973,0,
0.350439125193732,0.617703768624014,0.290322580645161,0.320626276378489,0.29477891581314,0,
0.408816945066299,0.438387379491674,0.705097570688969,0.499886544134332,0.269547839120659,0,
0.728947821594627,0.279404031551271,0.389486260454002,0.395053324256864,0.304771421433925,0,
0.393318408816945,0.733917616126205,0.518319394663481,0.595870206489675,0.226080439670247,0,
0.389702083692096,0.853812445223488,0.222222222222222,0.462219196732471,0.441668748438671,0,
0.319269846736697,0.325854513584575,0.548187972919156,0.737236215112321,0.185360979265551,0,
0.336490442569313,0.584399649430324,0.565113500597372,0.496482868164284,0.678740944291781,0,
0.358877217151713,0.554250657318142,0.512544802867383,0.434535965509417,0.280539595303522,0,
0.365076631651455,0.580543382997371,0.288729589804859,0.460403902881779,0.443167624281789,0,
0.79473049767522,0.337072743207713,0.421545201115094,0.341729067392784,0.337247064701474,0,
0.413638711899432,0.633654688869413,0.709876543209876,0.262536873156342,0.381463902073445,0,
0.897020836920957,0.329535495179667,0.416766228594186,0.496482868164284,0.280539595303522,0,
0.781987256759084,0.293251533742331,0.417363600159299,0.393691853868845,0.30102423182613,0,
0.765799896676425,0.36319018404908,0.339307048984468,0.343771272974813,0.33325006245316,0,
0.333735147236094,0.661349693251534,0.254480286738351,0.489448604492852,0.32075943042718,0,
0.315309109695195,0.320245398773006,0.621266427718041,0.74449739051509,0.186859855108668,0,
0.678319269846737,0.388606485539001,0.433492632417364,0.414340821420467,0.459655258556083,0,
0.671258825555364,0.279929886064855,0.465153325368379,0.776718856364874,0.188608543592306,0,
0.371792664026175,0.562489044697634,0.289326961369972,0.32312230542319,0.295278541094179,0,
0.322025142069916,0.33444347063979,0.634408602150538,0.61379623326526,0.32075943042718,0,
0.355777509901843,0.494478527607362,0.611509358821187,0.265032902201044,0.275293529852611,0,
0.697089719304288,0.282208588957055,0.391477499004381,0.395734059450874,0.304771421433925,0,
0.349578095402101,0.444522348816827,0.888092393468737,0.19310188336737,0.32075943042718,0,
0.434992250731875,0.37703768624014,0.309040223018718,0.317449512139778,0.288033974519111,0,
0.359738246943344,0.547765118317266,0.280565511748307,0.324029952348536,0.294529103172621,0,
0.366798691234717,0.814548641542507,0.247710075667065,0.30428863172226,0.283037721708718,0,
0.319269846736697,0.292024539877301,0.453405017921147,0.216927615157704,0.780414688983262,0,
0.512140520061994,0.461700262927257,0.318199920350458,0.340821420467438,0.306020484636523,0,
0.588772171517134,0.517440841367222,0.310434090003982,0.33877921488541,0.32075943042718,0,
0.868434647838815,0.183523225241017,0.342692154520111,0.376219650555934,0.30776917312016,0,
0.443602548648183,0.800701139351446,0.247510951812027,0.48377581120944,0.402448163877092,0,
0.329946616152919,0.511305872042068,0.588410991636798,0.469026548672566,0.270547089682738,0,
0.446013432064749,0.628921998247152,0.258064516129032,0.307919219423644,0.3592305770672,0,
0.731014293094541,0.287992988606486,0.342493030665074,0.378488767869299,0.336247814139395,0,
0.328052350611331,0.483786152497809,0.557347670250896,0.432947583390061,0.370222333250062,0,
0.433270191148614,0.593689745836985,0.273397052966945,0.315407306557749,0.292530602048464,0,
0.3271913208197,0.331638913234005,0.562126642771804,0.803040617199909,0.169622782912815,0,
0.536249354227656,0.336196319018405,0.39426523297491,0.39074200136147,0.269547839120659,0,
0.303426898570691,0.287116564417178,0.446236559139785,0.237576582709326,0.32075943042718,0,
0.359221629068366,0.646801051709027,0.258661887694146,0.464034490583163,0.277541843617287,0,
0.676769416221801,0.318141980718668,0.384309040223019,0.381892443839347,0.309767674244317,0,
0.344928534527295,0.52988606485539,0.567502986857826,0.460630814613115,0.260554584061954,0,
0.469261236438781,0.65398773006135,0.262445240939865,0.417517585659179,0.42942792905321,0,
0.353022214568624,0.440490797546012,0.788729589804859,0.226230996142501,0.252810392205846,0,
0.368692956776304,0.555477651183173,0.299084030266826,0.410710233719083,0.296777416937297,0,
0.728431203719649,0.195617879053462,0.405416168857029,0.393238030406172,0.306020484636523,0,
0.334940588944377,0.605083260297984,0.564516129032258,0.470841842523259,0.259055708218836,0,
0.490959187187877,0.495179666958808,0.315611310234966,0.335148627184025,0.342243317511866,0,
0.318925434820045,0.307624890446976,0.531461569095978,0.885182663943726,0.131901074194354,0,
0.303771310487343,0.281507449605609,0.43110314615691,0.221012026321761,0.85236072945291,0,
0.340795591527467,0.3954425942156,0.795898048586221,0.611754027683231,0.205845615788159,0,
0.603065266058206,0.382471516213848,0.632417363600159,0.551849330610393,0.451911066699975,0,
0.336834854485965,0.536371603856266,0.633612106730386,0.533469480372135,0.32075943042718,0,
0.80144653004994,0.399298860648554,0.508164078056551,0.432720671658725,0.289283037721709,0,
0.46616152918891,0.731113058720421,0.278574273197929,0.45450419786703,0.474893829627779,0,
0.482693301188221,0.370902716914987,0.338510553564317,0.375765827093261,0.306020484636523,0,
0.419493714482521,0.705872042068361,0.266228594185583,0.416609938733833,0.265800649512865,0,
0.621491303599105,0.675021910604733,0.279769016328156,0.442931699568868,0.271546340244816,0,
0.329085586361288,0.326906222611744,0.530465949820788,0.855457227138643,0.32075943042718,0,
0.334079559152747,0.356178790534619,0.667064914376742,0.792148854095757,0.179115663252561,0,
0.60513173755812,0.449956178790535,0.316407805655117,0.388019060585432,0.343992005995503,0,
0.305493370070604,0.286415425065732,0.433691756272401,0.223961878829135,0.32075943042718,0,
0.384535904942311,0.624364592462752,0.550975706889685,0.471295665985931,0.32075943042718,0,
0.741518856552437,0.449605609114812,0.437275985663082,0.55593374177445,0.268298775918061,0,
0.321680730153263,0.426818580192813,0.702708084428515,0.249149081007488,0.270547089682738,0,
0.415016359566041,0.786853637160386,0.284747112704102,0.300884955752212,0.486135398451162,0,
0.393146202858619,0.762839614373357,0.559936280366388,0.290220104379396,0.282538096427679,0,
0.360771482693301,0.649079754601227,0.245519713261649,0.471976401179941,0.27554334249313,0,
0.353711038401929,0.596669588080631,0.596575069693349,0.220558202859088,0.649013240069948,0,
0.34871706561047,0.369149868536372,0.553166069295101,0.0515089630133878,0.32075943042718,0,
0.694678835887722,0.465030674846626,0.412982875348467,0.407079646017699,0.296527604296777,0,
0.32495264336146,0.363014899211218,0.53584229390681,0.644656228727025,0.176367724206845,0,
0.336146030652661,0.670464504820333,0.257467144563919,0.437485818016791,0.286535098675993,0,
0.743413122094024,0.402453987730061,0.418558343289526,0.339006126616746,0.306769922558081,0,
0.339073531944205,0.430674846625767,0.802867383512545,0.180394826412526,0.240069947539345,0,
0.328396762527983,0.325854513584575,0.495818399044205,0.64238711141366,0.948038970771921,0,
0.321336318236611,0.335845749342682,0.479888490641179,0.830496936691627,0.128653509867599,0,
0.515240227311865,0.415600350569676,0.290521704500199,0.389153619242115,0.32075943042718,0,
0.453418288272774,0.783347940403155,0.246515332536838,0.48241434082142,0.409193105171122,0,
0.359738246943344,0.625766871165644,0.285941855834329,0.422282732017245,0.292280789407944,0,
0.370587222317892,0.622787028921998,0.29231381919554,0.322214658497844,0.296777416937297,0,
0.347511623902187,0.350043821209465,0.486260454002389,0.595189471295666,0.595303522358231,0,
0.340795591527467,0.336371603856266,0.508363201911589,0.639210347174949,0.32075943042718,0,
0.372137075942828,0.567922874671341,0.495818399044205,0.41479464488314,0.297027229577817,0,
0.335801618736008,0.704469763365469,0.243727598566308,0.500340367597005,0.645016237821634,0,
0.51902875839504,0.60578439964943,0.275189167662286,0.457227138643068,0.575318511116662,0,
0.818322713965903,0.29535495179667,0.596575069693349,0.308373042886317,0.295278541094179,0,
0.645944549681419,0.461524978089395,0.329549980087614,0.399591558883594,0.305271046714964,0,
0.346306182193904,0.594566170026293,0.264834727200319,0.435897435897436,0.32075943042718,0,
0.337351472360944,0.353198948290973,0.516328156113102,0.12094395280236,0.32075943042718,0,
0.371276046151197,0.69535495179667,0.242731979291119,0.304742455184933,0.290032475643268,0,
0.399173411400034,0.727256792287467,0.237753882915173,0.459950079419106,0.57082188358731,0,
0.574995694851042,0.547414548641542,0.294305057745918,0.450873610165646,0.577317012240819,0,
0.32942999827794,0.413496932515337,0.811031461569096,0.205355116859542,0.32075943042718,0,
0.916824522128466,0.18965819456617,0.451413779370769,0.397549353301566,0.303522358231327,0,
0.385569140692268,0.614198071866784,0.79131819992035,0.223054231903789,0.243067699225581,0,
0.877733769588428,0.182646801051709,0.399442453205894,0.384615384615385,0.306020484636523,0,
0.332701911486137,0.460122699386503,0.65810434090004,0.249375992738825,0.2560579565326,0,
0.700361632512485,0.282208588957055,0.394464356829948,0.394145677331518,0.305770671996003,0,
0.320647494403306,0.330411919368975,0.485463958582238,0.891309280689812,0.126655008743442,0,
0.42534871706561,0.712007011393514,0.270609318996416,0.315634218289086,0.284536597551836,0,
0.798174616841743,0.191761612620508,0.341298287534847,0.376219650555934,0.336497626779915,0,
0.334596177027725,0.410867659947415,0.799283154121864,0.174041297935103,0.32075943042718,0,
0.33166867573618,0.350394390885188,0.641776184786937,0.770365327887452,0.32075943042718,0,
0.647322197348028,0.51954425942156,0.511549183592194,0.320399364647152,0.359980014988758,0,
0.786120199758912,0.195267309377739,0.396057347670251,0.381211708645337,0.297526854858856,0,
0.472016531771999,0.577563540753725,0.299084030266826,0.403222146584978,0.2178366225331,0,
0.391079731358705,0.549167397020158,0.619872560732776,0.274790106648514,0.28203847114664,0,
0.359566040985018,0.682559158632778,0.27757865392274,0.29975039709553,0.289033225081189,0,
0.345789564318925,0.592287467134093,0.283950617283951,0.42069434989789,0.349238071446415,0,
0.831754778715344,0.330236634531113,0.336320191158901,0.399818470614931,0.304521608793405,0,
0.794041673841915,0.36319018404908,0.329549980087614,0.418652144315861,0.297526854858856,0,
0.39624591010849,0.558808063102542,0.280565511748307,0.307692307692308,0.32075943042718,0,
0.388496641983813,0.768799298860649,0.608721624850657,0.497163603358294,0.261304021983512,0,
0.50111933872912,0.336371603856266,0.316806053365193,0.399364647152258,0.297776667499375,0,
0.882727742379886,0.364592462751972,0.33452807646356,0.3380984796914,0.30751936047964,0,
0.641122782848287,0.503067484662577,0.287335722819594,0.403902881778988,0.28878341244067,0,
0.42311003960737,0.753198948290973,0.271206690561529,0.315180394826413,0.358481139145641,0,
0.741002238677458,0.431551270815074,0.566109119872561,0.469026548672566,0.286035473394954,0,
0.476666092646806,0.513234005258545,0.306650736758264,0.328795098706603,0.304271796152885,0,
0.510418460478733,0.749868536371604,0.270808442851454,0.318130247333787,0.287534349238071,0,
0.581022903392457,0.541805433829974,0.634806849860613,0.304742455184933,0.291281538845866,0,
0.352161184776993,0.580893952673094,0.636200716845878,0.512593601089176,0.257307019735199,0,
0.420699156190804,0.333567046450482,0.695937873357228,0.606535057862492,0.469148138895828,0,
0.32633029102807,0.439439088518843,0.634408602150538,0.274109371454504,0.282787909068199,0,
0.495953159979335,0.380368098159509,0.411389884508164,0.38234626730202,0.346739945041219,0,
0.378164284484243,0.617703768624014,0.598964555953803,0.450646698434309,0.272045965525856,0,
0.416049595315998,0.539351446099912,0.532656312226205,0.410029498525074,0.353734698975768,0,
0.334940588944377,0.341980718667835,0.835921943448825,0.603131381892444,0.434923807144642,0,
0.344584122610642,0.409815950920245,0.844086021505376,0.200816882232811,0.415438421184112,0,
0.378853108317548,0.541454864154251,0.606531262445241,0.461765373269798,0.27579315513365,0,
0.453934906147753,0.614373356704645,0.710872162485066,0.275243930111187,0.284536597551836,0,
0.283451007404856,0.299912357581069,0.438470728793309,0.47787610619469,0.107669248063952,0,
0.798174616841743,0.359509202453988,0.624452409398646,0.299977308826866,0.29477891581314,0,
0.309109695195454,0.31954425942156,0.428514536041418,0.477422282732017,0.586310267299525,0,
0.922679524711555,0.182646801051709,0.39426523297491,0.340140685273429,0.297776667499375,0,
0.339245737902531,0.400701139351446,0.698924731182796,0.745631949171772,0.32075943042718,0,
0.70776648872051,0.283435582822086,0.393468737554759,0.395507147719537,0.305271046714964,0,
0.393662820733597,0.632778264680105,0.629828753484667,0.275470841842523,0.278790906819885,0,
0.338384708110901,0.462751971954426,0.911190760653126,0.181756296800545,0.32075943042718,0,
0.620458067849147,0.372304995617879,0.405017921146953,0.391876560018153,0.301773669747689,0,
0.416221801274324,0.358808063102542,0.861608920748706,0.178579532561833,0.427429427929053,0,
0.613742035474427,0.627870289219982,0.298287534846675,0.412071704107102,0.397951536347739,0,
0.393318408816945,0.77703768624014,0.279171644763043,0.427274790106649,0.532600549587809,0,
0.942311003960737,0.386327782646801,0.333134209478295,0.383707737690039,0.370222333250062,0,
0.607026003099707,0.33567046450482,0.392074870569494,0.40571817562968,0.290032475643268,0,
0.4944033063544,0.466432953549518,0.319992035045798,0.33741774449739,0.342493130152386,0,
0.612536593766144,0.421384750219106,0.578056551174831,0.293169956886771,0.369223082687984,0,
0.35319442052695,0.624715162138475,0.575069693349263,0.218742909008396,0.653509867599301,0,
0.325297055278113,0.437510955302366,0.645758661887694,0.266621284320399,0.32075943042718,0,
0.430170483898743,0.730411919368975,0.265432098765432,0.315861130020422,0.290781913564826,0,
0.468744618563802,0.554425942156003,0.293508562325767,0.412298615838439,0.279040719460405,0,
0.484587566729809,0.633128834355828,0.281561131023497,0.419105967778534,0.571071696227829,0,
0.338556914069227,0.377212971078002,0.857626443647949,0.239164964828682,0.241069198101424,0,
0.31375925607026,0.308676599474145,0.575866188769415,0.889267075107783,0.32075943042718,0,
0.331840881694507,0.45521472392638,0.678016726403823,0.224642614023145,0.242068448663502,0,
0.3903909075254,0.56319018404908,0.597769812823576,0.441116405718176,0.28228828378716,0,
0.778198725675908,0.35863277826468,0.628434886499402,0.29975039709553,0.29477891581314,0,
0.451868434647839,0.641717791411043,0.267622461170848,0.319037894259133,0.293529852610542,0,
0.711038401928707,0.4022787028922,0.491636798088411,0.590651236668936,0.243067699225581,0,
0.717582228345101,0.449605609114812,0.308243727598566,0.392557295212162,0.390706969772671,0,
0.6096090924746,0.188080631025416,0.41178813221824,0.393464942137508,0.295528353734699,0,
0.347856035818839,0.73794916739702,0.277777777777778,0.309734513274336,0.286035473394954,0,
0.672119855346995,0.298685363716039,0.344285145360414,0.373950533242569,0.332750437172121,0,
0.349750301360427,0.336021034180543,0.870569494225408,0.547991831177672,0.414688983262553,0,
0.880661270879972,0.190008764241893,0.400238948626045,0.340367597004765,0.341244066949788,0,
0.585500258308937,0.617002629272568,0.465352449223417,0.409121851599728,0.287784161878591,0,
0.472016531771999,0.518492550394391,0.463560334528076,0.435897435897436,0.255308518611042,0,
0.652660582056139,0.340929009640666,0.343488649940263,0.374177444973905,0.311016737446915,0,
0.410366798691235,0.847852760736196,0.251095181202708,0.431132289539369,0.389457906570072,0,
0.328396762527983,0.372655565293602,0.614695340501792,0.847061493079192,0.160629527854109,0,
0.437058722231789,0.552497808939527,0.285543608124253,0.425913319718629,0.213339995003747,0,
0.89512657137937,0.314636283961437,0.339705296694544,0.344225096437486,0.310517112165876,0,
0.447563285689685,0.618755477651183,0.28494623655914,0.312911277513047,0.383212590557082,0,
0.314620285861891,0.312357581069238,0.594384707287933,0.882913546630361,0.32075943042718,0,
0.463234027897365,0.69535495179667,0.506571087216248,0.54095756750624,0.253060204846365,1,
0.341656621319098,0.362664329535495,0.614496216646754,0.596324029952349,0.226080439670247,1,
0.378164284484243,0.366520595968449,0.789326961369972,0.221465849784434,0.500874344241819,1,
0.449629757189599,0.480280455740578,0.733771405814417,0.601769911504425,0.220834374219335,1,
0.490270363354572,0.337423312883436,0.704898446833931,0.502836396641706,0.258805895578316,1,
0.335973824694334,0.315687992988606,0.487853444842692,0.656228727025187,0.825630776917312,1,
0.340451179610815,0.373707274320771,0.622062923138192,0.503970955298389,0.32075943042718,1,
0.344067504735664,0.339702015775635,0.462166467542812,0.65214431586113,0.575568323757182,1,
0.319097640778371,0.331288343558282,0.45499800876145,0.518266394372589,0.32075943042718,1,
0.452385052522817,0.67011393514461,0.56989247311828,0.539823008849557,0.260304771421434,1,
0.325297055278113,0.327782646801052,0.405217045001991,0.614023144996596,0.684736447664252,1,
0.31375925607026,0.359509202453988,0.611907606531262,0.651917404129794,0.196852360729453,1,
0.336146030652661,0.341805433829974,0.697530864197531,0.206489675516224,0.855608293779665,1,
0.340623385569141,0.431375985977213,0.788331342094783,0.168595416383027,0.571821134149388,1,
0.344067504735664,0.524627519719544,0.660892074870569,0.692534604039029,0.169123157631776,1,
0.279662476321681,0.292375109553024,0.480884109916368,0.591558883594282,0.32075943042718,1,
0.272946443946961,0.341104294478528,0.542612504978096,0.747674154753801,0.113914564076942,1,
0.393318408816945,0.480280455740578,0.835125448028674,0.210574086680281,0.252060954284287,1,
0.30928190115378,0.319894829097283,0.530266825965751,0.551395507147719,0.32075943042718,1,
0.464783881522301,0.551971954425942,0.277777777777778,0.25618334467892,0.432425680739445,1,
0.363010160151541,0.331288343558282,0.698924731182796,0.627864760608123,0.092930302273295,1,
0.316342345445152,0.354425942156003,0.577857427319793,0.728613569321534,0.32075943042718,1,
0.343550886860685,0.394040315512708,0.587017124651533,0.58974358974359,0.32075943042718,1,
0.347683829860513,0.437861524978089,0.553365193150139,0.774222827320172,0.12815388458656,1,
0.389874289650422,0.304119193689746,0.741537236160892,0.231676877694577,0.428678491131651,1,
0.23712760461512,0.350744960560911,0.601354042214257,0.154526889040163,0.136397701723707,1,
0.41415532977441,0.517090271691499,0.716248506571087,0.523485364193329,0.620284786410192,1,
0.309970724987085,0.304119193689746,0.51652727996814,0.528931245745405,0.32075943042718,1,
0.413294299982779,0.658545135845749,0.6121067303863,0.481733605627411,0.517112165875593,1,
0.332529705527811,0.348466257668712,0.854241338112306,0.620376673474019,0.618286285286035,1,
0.327363526778026,0.361262050832603,0.539625647152529,0.281597458588609,0.630527104671496,1,
0.489064921646289,0.472042068361087,0.60573476702509,0.610619469026549,0.152885335998002,1,
0.329602204236267,0.443120070113935,0.50457984866587,0.678692988427502,0.511616287784162,1,
0.37472016531772,0.429798422436459,0.528673835125448,0.619015203085999,0.191356482638021,1,
0.406578267608059,0.524452234881683,0.577857427319793,0.274563194917177,0.281039220584562,1,
0.399001205441708,0.516739702015776,0.755675029868578,0.222600408441116,0.25630776917312,1,
0.392973996900293,0.302892199824715,0.737753882915173,0.589516678012253,0.32075943042718,1,
0.370070604442914,0.336371603856266,0.629430505774592,0.641706376219651,0.820134898825881,1,
0.31152057861202,0.311656441717791,0.536240541616886,0.547538007714999,0.32075943042718,1,
0.334423971069399,0.351621384750219,0.795101553166069,0.204447469934196,0.456907319510367,1,
0.309798519028758,0.2988606485539,0.515531660692951,0.515770365327887,0.446165375968024,1,
0.329257792319614,0.363365468886941,0.54320987654321,0.269571136827774,0.623032725455908,1,
0.308076459445497,0.32182296231376,0.487654320987654,0.641933287950987,0.201348988258806,1,
0.306698811778888,0.29079754601227,0.447431302270012,0.200136147038802,0.80114913814639,1,
0.343723092819012,0.422787028921998,0.792114695340502,0.223508055366462,0.2433175118661,1,
0.329602204236267,0.399824715162138,0.499004380724811,0.743589743589744,0.159630277292031,1,
0.343895298777338,0.328133216476775,0.432497013142174,0.650555933741774,0.532850362228329,1,
0.346995006027209,0.429973707274321,0.569494225408204,0.626730201951441,0.675243567324507,1,
0.392457379025314,0.725503943908852,0.513739545997611,0.471068754254595,0.495378466150387,1,
0.33166867573618,0.398948290972831,0.552966945440064,0.495575221238938,0.32075943042718,1,
0.337007060444291,0.337072743207713,0.681800079649542,0.181302473337872,0.89732700474644,1,
0.423971069399001,0.48045574057844,0.658303464755078,0.290900839573406,0.242568073944542,1,
0.439297399690029,0.58737949167397,0.542811628833134,0.477649194463354,0.479140644516613,1,
0.45806784914758,0.308150744960561,0.620469932297889,0.659632402995235,0.550337247064702,1,
0.380058550025831,0.436459246275197,0.536837913181999,0.543453596550942,0.138396202847864,1,
0.486654038229723,0.39193689745837,0.862007168458781,0.223734967097799,0.232575568323757,1,
0.353711038401929,0.415249780893953,0.884109916367981,0.193555706830043,0.22458156382713,1,
0.385396934733942,0.426117440841367,0.677817602548785,0.243249375992739,0.253809642767924,1,
0.383158257275702,0.503067484662577,0.727399442453206,0.749943272067166,0.201099175618286,1,
0.397967969691751,0.472743207712533,0.820191158900836,0.198547764919446,0.257057207094679,1,
0.371620458067849,0.394566170026293,0.755276782158503,0.216927615157704,0.718461154134399,1,
0.464783881522301,0.731638913234005,0.54778972520908,0.458134785568414,0.284786410192356,1,
0.330979851902876,0.308501314636284,0.499203504579849,0.75425459496256,0.32075943042718,1,
0.315481315653522,0.312532865907099,0.451015531660693,0.24574540503744,0.590057456907319,1,
0.346822800068882,0.440490797546012,0.680605336519315,0.659859314726571,0.165126155383462,1,
0.31375925607026,0.322348816827344,0.527877339705297,0.740639891082369,0.32075943042718,1,
0.366798691234717,0.415425065731814,0.600557546794106,0.879282958928977,0.590307269547839,1,
0.318064405028414,0.342156003505697,0.495619275189168,0.556160653505786,0.180364726455159,1,
0.349922507318753,0.457142857142857,0.542413381123059,0.795552530065804,0.178865850612041,1,
0.326674702944722,0.356178790534619,0.691557148546396,0.590197413206263,0.190856857356982,1,
0.356294127776821,0.316739702015776,0.727996814018319,0.619922850011346,0.465650761928554,1,
0.50111933872912,0.577388255915863,0.624850657108722,0.582482414340821,0.240069947539345,1,
0.357499569485104,0.446099912357581,0.661091198725607,0.553664624461085,0.227829128153885,1,
0.484931978646461,0.619281332164768,0.661887694145759,0.266394372589063,0.284036972270797,1,
0.348372653693818,0.333742331288344,0.509557945041816,0.646244610846381,0.32075943042718,1,
0.352161184776993,0.353198948290973,0.515531660692951,0.857953256183345,0.797651761179116,1,
0.303771310487343,0.28273444347064,0.500199123855038,0.460630814613115,0.208843367474394,1,
0.339417943860858,0.344960560911481,0.523297491039426,0.876786929884275,0.0549587809143143,1,
0.411572240399518,0.338825591586328,0.709279171644763,0.654867256637168,0.465400949288034,1,
0.355605303943516,0.387204206836109,0.600955794504182,0.619469026548673,0.515613290032476,1,
0.441363871189943,0.352673093777388,0.746913580246914,0.788972089857046,0.186859855108668,1,
0.32047528844498,0.351446099912358,0.524093986459578,0.842977081915135,0.107419435423432,1,
0.496986395729292,0.683610867659947,0.582437275985663,0.436805082822782,0.369223082687984,1,
0.449801963147925,0.371078001752848,0.540820390282756,0.680054458815521,0.46140394703972,1,
0.355949715860169,0.321998247151621,0.551373954599761,0.55979124120717,0.48063952035973,1,
0.202686412949888,0.100964066608238,0.193548387096774,0.226457907873837,0.646515113664751,1,
0.305148958153952,0.298510078878177,0.493827160493827,0.796687088722487,0.176367724206845,1,
0.347339417943861,0.409290096406661,0.865392273994425,0.216927615157704,0.440169872595553,1,
0.305493370070604,0.2943032427695,0.52389486260454,0.785114590424325,0.1668748438671,1,
0.388496641983813,0.588431200701139,0.530465949820788,0.298842750170184,0.25655758181364,1,
0.269157912863785,0.335495179666959,0.137793707686181,0.207170410710234,0.184861353984512,1,
0.324436025486482,0.31954425942156,0.465352449223417,0.612207851145904,0.597052210841869,1,
0.411744446357844,0.37581069237511,0.765432098765432,0.204674381665532,0.150137396952286,1,
0.495436542104357,0.342156003505697,0.68837116686579,0.498978897208986,0.388958281289033,1,
0.31152057861202,0.354776511831727,0.427120669056153,0.490129339686862,0.32075943042718,1,
0.355088686068538,0.302541630148992,0.685981680605336,0.681642840934876,0.488383712215838,1,
0.332874117444464,0.300087642418931,0.679410593389088,0.700022691173134,0.846864851361479,1,
0.330463234027897,0.331113058720421,0.480485862206292,0.673474018606762,0.32075943042718,1,
0.396073704150164,0.478878177037686,0.856232576662684,0.199682323576129,0.252810392205846,1,
0.523333907353194,0.541980718667835,0.714058144165671,0.278193782618561,0.284786410192356,1,
0.343723092819012,0.360560911481157,0.887096774193548,0.186067619695938,0.443917062203348,1,
0.354055450318581,0.374057843996494,0.663281561131023,0.710914454277286,0.0694479140644517,1,
0.434303426898571,0.496932515337423,0.536240541616886,0.656455638756524,0.694728953285036,1,
0.452557258481143,0.672743207712533,0.277379530067702,0.578851826639437,0.24981264051961,1,
0.540210091269158,0.567397020157756,0.678215850258861,0.486498751985478,0.279540344741444,1,
0.30928190115378,0.341279579316389,0.590003982477101,0.62287270251872,0.32075943042718,1,
0.337351472360944,0.452585451358457,0.762046993229789,0.246199228500113,0.254559080689483,1,
0.358532805235061,0.355477651183173,0.754480286738351,0.737463126843658,0.70522108418686,1,
0.34871706561047,0.36669588080631,0.509557945041816,0.670297254368051,0.151636272795403,1,
0.322369553986568,0.357756354075372,0.468538430904022,0.438847288404811,0.545590806894829,1,
0.400034441191665,0.340052585451358,0.644563918757467,0.499432720671659,0.447414439170622,1,
0.405889443774755,0.675723049956179,0.599163679808841,0.558883594281824,0.260554584061954,1,
0.51816772860341,0.367221735319895,0.717443249701314,0.73474018606762,0.217336997252061,1,
0.345617358360599,0.380893952673094,0.785344484269215,0.707510778307238,0.636522608043967,1,
0.339934561735836,0.364066608238387,0.55057745917961,0.448831404583617,0.515613290032476,1,
0.354055450318581,0.387028921998247,0.522899243329351,0.791014295439074,0.12790407194604,1,
0.377819872567591,0.62646801051709,0.55973715651135,0.625822555026095,0.21808643517362,1,
0.357155157568452,0.468886941279579,0.665870171246515,0.713183571590651,0.196352735448414,1,
0.385569140692268,0.347063978965819,0.76284348864994,0.499432720671659,0.508868348738446,1,
0.311176166695368,0.305346187554776,0.488649940262843,0.781030179260268,0.162877841618786,1,
0.414327535732736,0.37931638913234,0.64615690959777,0.566598593147266,0.757431926055458,1,
0.268296883072154,0.320420683610868,0.257268020708881,0.100068073519401,0.32075943042718,1,
0.420699156190804,0.470990359333918,0.208482676224612,0.617653732697981,0.24381713714714,1,
0.371792664026175,0.356704645048203,0.592194344882517,0.702972543680508,0.193105171121659,1,
0.311692784570346,0.327957931638913,0.431302270011947,0.55525300658044,0.32075943042718,1,
0.3159979335285,0.367221735319895,0.427120669056153,0.482641252552757,0.32075943042718,1,
0.365593249526434,0.353724802804557,0.859020310633214,0.572271386430678,0.510117411941044,1,
0.345272946443947,0.337598597721297,0.527479091995221,0.794644883140458,0.161878591056707,1,
0.469950060272085,0.521998247151621,0.725607327757865,0.500567279328341,0.26904821383962,1,
0.280351300154985,0.348466257668712,0.588809239346874,0.641479464488314,0.510617037222083,1,
0.246943344239711,0.344434706397897,0.508562325766627,0.754027683231223,0.32075943042718,1,
0.339934561735836,0.365819456617003,0.54958183990442,0.267075107783072,0.32075943042718,1,
0.33304632340279,0.36546888694128,0.502389486260454,0.599273882459723,0.32075943042718,1,
0.367831926984674,0.361262050832603,0.499402628434886,0.744043567052417,0.067949038221334,1,
0.373514723609437,0.319368974583699,0.592592592592593,0.791014295439074,0.32075943042718,1,
0.318753228861719,0.345135845749343,0.65252887295898,0.649421375085092,0.141893579815139,1,
0.456517995522645,0.305170902716915,0.757666268418956,0.214885409575675,0.405695728203847,1,
0.50783537110384,0.679228746713409,0.563918757467144,0.528704334014069,0.275293529852611,1,
0.368520750817978,0.324802804557406,0.69115890083632,0.610165645563876,0.803397451911067,1,
0.32633029102807,0.310254163014899,0.513341298287535,0.506240072611754,0.510117411941044,1,
0.626140864473911,0.640666082383874,0.278972520908005,0.325164511005219,0.297526854858856,1,
0.32047528844498,0.329360210341805,0.558741537236161,0.700022691173134,0.0876842368223832,1,
0.326674702944722,0.410517090271691,0.485663082437276,0.621057408668028,0.32075943042718,1,
0.343895298777338,0.330061349693252,0.46694544006372,0.610846380757885,0.0674494129402948,1,
0.365593249526434,0.451884312007011,0.729390681003584,0.233038348082596,0.189857606794904,1,
0.352161184776993,0.453637160385627,0.705097570688969,0.656455638756524,0.142892830377217,1,
0.371964869984501,0.44487291849255,0.460175228992433,0.245064669843431,0.32075943042718,1,
0.381608403650766,0.441191936897458,0.549183592194345,0.532561833446789,0.143642268298776,1,
0.323402789736525,0.355652936021034,0.707088809239347,0.660313138189244,0.11541343992006,1,
0.337351472360944,0.383523225241017,0.51931501393867,0.821420467438167,0.32075943042718,1,
0.476493886688479,0.320595968448729,0.729589804858622,0.53641933287951,0.258556082937797,1,
0.384363698983985,0.41840490797546,0.548187972919156,0.911277513047425,0.143892080939296,1,
0.383158257275702,0.502892199824715,0.727399442453206,0.749716360335829,0.201348988258806,1,
0.3159979335285,0.25749342681858,0.332536837913182,0.208304969366916,0.62852860354734,1,
0.493370070604443,0.390885188431201,0.693747510951812,0.505786249149081,0.254808893330003,1,
0.337179266402618,0.440841367221735,0.788132218239745,0.20739732244157,0.214838870846865,1,
0.385569140692268,0.524627519719544,0.748307447232178,0.683458134785568,0.213090182363228,1,
0.32271396590322,0.382296231375986,0.535643170051772,0.491263898343544,0.205845615788159,1,
0.372137075942828,0.374408413672217,0.464755077658303,0.630133877921489,0.530352235823133,1,
