540,5,2,
0.316170139486826,0.297283085013146,0.507566706491438,0.714318130247334,0.32075943042718,0,
0.323574995694851,0.427344434706398,0.75826363998407,0.213750850918992,0.253809642767924,0,
0.436714310315137,0.478527607361963,0.311230585424134,0.282505105513955,0.824381713714714,0,
0.350094713277079,0.307449605609115,0.552568697729988,0.847061493079192,0.12190856857357,0,
0.371448252109523,0.75863277826468,0.277379530067702,0.315861130020422,0.279290532100924,0,
0.509385224728776,0.361787905346188,0.337714058144166,0.379396414794645,0.336997252060954,0,
0.445496814189771,0.517791411042945,0.308442851453604,0.397776265032902,0.285785660754434,0,
0.381263991734114,0.631551270815074,0.2536837913182,0.315861130020422,0.353734698975768,0,
0.479421387980024,0.463978965819457,0.433492632417364,0.333106421601997,0.33999500374719,0,
0.3159979335285,0.334969325153374,0.510553564317005,0.893124574540504,0.32075943042718,0,
0.347856035818839,0.418755477651183,0.947232178414974,0.140912185159973,0.195353484886335,0,
0.349922507318753,0.479053461875548,0.719434488251693,0.257998638529612,0.257057207094679,0,
0.819528155674186,0.177563540753725,0.342293906810036,0.37644656228727,0.308018985760679,0,
0.356638539693473,0.401051709027169,0.866985264834727,0.199001588382119,0.226080439670247,0,
0.558291716893405,0.358983347940403,0.343488649940263,0.34717494894486,0.333749687734199,0,
0.417427242982607,0.659947414548642,0.267622461170848,0.426820966643976,0.248563577317012,0,
0.177716548992595,0.108326029798422,0.285145360414178,0.326299069661902,0.298526105420934,0,
0.633201308765283,0.473794916739702,0.302668259657507,0.412298615838439,0.297277042218336,0,
0.724987084553125,0.284312007011393,0.398048586220629,0.407533469480372,0.303772170871846,0,
0.39400723265025,0.683786152497809,0.657706093189964,0.26525981393238,0.273794654009493,0,
0.850180816256242,0.323926380368098,0.578853046594982,0.29906966190152,0.296777416937297,0,
0.272602032030308,0.130411919368975,0.710872162485066,0.0964374858180168,0.32075943042718,0,
0.371276046151197,0.669763365468887,0.603544404619673,0.548445654640345,0.32075943042718,0,
0.400378853108318,0.556879929886065,0.515133412982875,0.431132289539369,0.367474394204347,0,
0.271224384363699,0.488168273444347,0.693349263241736,0.504651690492399,0.32075943042718,0,
0.345789564318925,0.485188431200701,0.738749502190362,0.224188790560472,0.32075943042718,0,
0.427415188565524,0.678878177037686,0.668857029072083,0.261175402768323,0.32075943042718,0,
0.343723092819012,0.452936021034181,0.898247710075667,0.185840707964602,0.227829128153885,0,
0.382813845359049,0.664855390008764,0.217443249701314,0.437031994554118,0.32075943042718,0,
0.439125193731703,0.649255039439088,0.275786539227399,0.445200816882233,0.665001249063203,0,
0.323747201653177,0.398071866783523,0.815013938669853,0.22237349670978,0.32075943042718,0,
0.352333390735319,0.394741454864154,0.84010354440462,0.600181529385069,0.425430926804896,0,
0.362493542276563,0.768273444347064,0.24173636001593,0.289766280916723,0.253060204846365,0,
0.337695884277596,0.336546888694128,0.603942652329749,0.631722260040844,0.32075943042718,0,
0.909247459962115,0.31954425942156,0.428116288331342,0.436805082822782,0.291031726205346,0,
0.562596865851558,0.384574934268186,0.621863799283154,0.594962559564329,0.460404696477642,0,
0.742379886344067,0.348466257668712,0.395659099960175,0.38234626730202,0.30751936047964,0,
0.428792836232134,0.650832602979842,0.282755874153724,0.413206262763785,0.361728703472396,0,
0.402100912691579,0.838913234005258,0.258462763839108,0.292716133424098,0.40369722707969,0,
0.320991906319959,0.330061349693252,0.22700119474313,0.817562968005446,0.32075943042718,0,
0.353366626485276,0.435933391761613,0.689167662285942,0.499659632402995,0.187109667749188,0,
0.319786464611676,0.322699386503067,0.520708880923935,0.703653278874518,0.816387709218086,0,
0.351988978818667,0.496056091148116,0.551772202309837,0.286362604946676,0.435423432425681,0,
0.394868262441881,0.758983347940403,0.261847869374751,0.313138189244384,0.285286035473395,0,
0.419493714482521,0.587028921998247,0.297491039426523,0.399364647152258,0.351486385211092,0,
0.346650594110556,0.603505696757231,0.660493827160494,0.525300658044021,0.400199850112416,0,
0.373859135526089,0.456792287467134,0.776383910792513,0.227365554799183,0.226330252310767,0,
0.499913897020837,0.713058720420684,0.550975706889685,0.42977081915135,0.285535848113915,0,
0.491303599104529,0.554951796669588,0.311230585424134,0.333333333333333,0.343492380714464,0,
0.537627001894265,0.632252410166521,0.252688172043011,0.311095983662355,0.349238071446415,0,
0.395557086275185,0.763365468886941,0.278574273197929,0.427274790106649,0.554833874594054,0,
0.343206474944033,0.533041191936897,0.454798884906412,0.408668028137055,0.296527604296777,0,
0.440330635439986,0.712007011393514,0.273397052966945,0.316314953483095,0.271046714963777,0,
0.329257792319614,0.44943032427695,0.531859816806053,0.606535057862492,0.21159130652011,0,
0.50111933872912,0.646976336546889,0.298088410991637,0.323576128885863,0.379465400949288,0,
0.324263819528156,0.431726555652936,0.703703703703704,0.241434082142047,0.32075943042718,0,
0.486826244188049,0.627695004382121,0.303464755077658,0.397776265032902,0.280789407944042,0,
0.328052350611331,0.477475898334794,0.634408602150538,0.47401860676197,0.276542593055209,0,
0.913897020836921,0.332865907099036,0.429908403026683,0.432947583390061,0.292280789407944,0,
0.352677802651972,0.393514460999124,0.831939466348068,0.594054912638983,0.425930552085936,0,
0.548820389185466,0.507449605609115,0.682596575069693,0.299523485364193,0.288033974519111,0,
0.413638711899432,0.75863277826468,0.258462763839108,0.305650102110279,0.28853359980015,0,
0.368692956776304,0.482909728308501,0.794703305455994,0.220785114590424,0.423682238321259,0,
0.363182366109867,0.726205083260298,0.281760254878534,0.30428863172226,0.279540344741444,0,
0.518856552436714,0.427344434706398,0.314615690959777,0.382800090764693,0.304521608793405,0,
0.361804718443258,0.550394390885188,0.610911987256073,0.47333787156796,0.262303272545591,0,
0.249526433614603,0.431551270815074,0.585225009956193,0.241434082142047,0.252310766924806,0,
0.341312209402445,0.421910604732691,0.909398645957786,0.194009530292716,0.32075943042718,0,
0.460995350439125,0.677125328659071,0.256272401433692,0.594962559564329,0.248813389957532,0,
0.36214913035991,0.459070990359334,0.792512943050577,0.203993646471523,0.32075943042718,0,
0.724987084553125,0.194566170026293,0.405416168857029,0.394826412525528,0.297776667499375,0,
0.472188737730325,0.439439088518843,0.310434090003982,0.33287950987066,0.343492380714464,0,
0.763389013259859,0.319018404907975,0.339904420549582,0.377354209212616,0.310517112165876,0,
0.46168417427243,0.619631901840491,0.483273596176822,0.699115044247788,0.211091681239071,0,
0.60151541243327,0.543382997370727,0.510752688172043,0.595416383027002,0.239820134898826,0,
0.149819183743758,0.423312883435583,0.306451612903226,0.328114363512594,0.338496127904072,0,
0.416049595315998,0.444347063978966,0.319593787335723,0.33741774449739,0.308268798401199,0,
0.41639400723265,0.333216476774759,0.679410593389088,0.628545495802133,0.463652260804397,0,
0.610642328224557,0.314460999123576,0.393866985264835,0.384615384615385,0.347489382962778,0,
0.401412088858274,0.687992988606486,0.511350059737157,0.451554345359655,0.251811141643767,0,
0.312553814361977,0.310429447852761,0.276782158502589,0.852961198093941,0.32075943042718,0,
0.384708110900637,0.731814198071867,0.230983671843887,0.309961425005673,0.291281538845866,0,
0.506113311520579,0.564241893076249,0.479490242931103,0.520989335148627,0.50612040969273,0,
0.360082658859997,0.740403155127082,0.245519713261649,0.442931699568868,0.558830876842368,0,
0.865334940588944,0.353198948290973,0.336519315013939,0.338552303154073,0.306769922558081,0,
0.485793008438092,0.512883435582822,0.464954201513341,0.433401406852734,0.252060954284287,0,
0.336834854485965,0.336722173531989,0.537634408602151,0.828227819378262,0.144391706220335,0,
0.338212502152574,0.436459246275197,0.727996814018319,0.242568640798729,0.26255308518611,0,
0.457895643189254,0.681156879929886,0.265432098765432,0.575675062400726,0.246065450911816,0,
0.341656621319098,0.47467134092901,0.302070888092393,0.325391422736555,0.349737696727454,0,
0.400206647149991,0.656091148115688,0.513341298287535,0.44928522804629,0.246565076192855,0,
0.729120027552953,0.300438212094654,0.490641178813222,0.589970501474926,0.236072945291032,0,
0.824349922507319,0.332515337423313,0.574870569494225,0.301111867483549,0.297277042218336,0,
0.451524022731186,0.6045574057844,0.285145360414178,0.432947583390061,0.367224581563827,0,
0.333218529361116,0.401928133216477,0.767821585025886,0.213977762650329,0.254309268048963,0,
0.677974857930084,0.458369851007888,0.452608522500996,0.45904243249376,0.263302523107669,0,
0.443258136731531,0.450131463628396,0.306849860613301,0.398457000226912,0.293779665251062,0,
0.35991045290167,0.782120946538124,0.247112704101951,0.462219196732471,0.486635023732201,0,
0.336490442569313,0.651884312007011,0.500199123855038,0.773542092126163,0.184861353984512,0,
0.322369553986568,0.399649430324277,0.771405814416567,0.182437031994554,0.177866600049963,0,
0.330291028069571,0.420508326029798,0.749900438072481,0.221919673247107,0.264301773669748,0,
0.403306354399862,0.584925503943909,0.683990442054958,0.269117313365101,0.32075943042718,0,
0.507318753228862,0.410867659947415,0.432696136997212,0.405945087361017,0.353484886335249,0,
0.348372653693818,0.541104294478528,0.64058144165671,0.266621284320399,0.260554584061954,0,
0.444807990356466,0.573006134969325,0.27479091995221,0.723848422963467,0.200099925056208,0,
0.340795591527467,0.388957055214724,0.855635205097571,0.238484229634672,0.244066949787659,0,
0.76734975030136,0.279228746713409,0.394464356829948,0.402768323122305,0.305021234074444,0,
0.358705011193387,0.454688869412796,0.59099960175229,0.489221692761516,0.267799150637022,0,
0.50111933872912,0.653111305872042,0.264834727200319,0.424098025867937,0.283287534349238,0,
0.545204064060617,0.394566170026293,0.328753484667463,0.342182890855457,0.33974519110667,0,
0.419665920440847,0.756529360210342,0.555754679410593,0.279101429543907,0.372720459655259,0,
0.31823661098674,0.368799298860649,0.668259657506969,0.738143862037667,0.32075943042718,0,
0.387463406233856,0.62646801051709,0.511150935882119,0.472884048105287,0.230077441918561,0,
0.398656793525056,0.774057843996494,0.283353245718837,0.596097118221012,0.23732200849363,0,
0.338556914069227,0.685539000876424,0.510155316606929,0.451327433628319,0.285036222832875,0,
0.355605303943516,0.573707274320771,0.307447232178415,0.327660540049921,0.298026480139895,0,
0.481143447563286,0.644522348816827,0.29410593389088,0.400272294077604,0.293779665251062,0,
0.314448079903565,0.31603856266433,0.609518120270808,0.890401633764466,0.32075943042718,0,
0.619597038057517,0.346713409290096,0.39426523297491,0.404810528704334,0.289782663002748,0,
0.385052522817289,0.806310254163015,0.242731979291119,0.289085545722714,0.231826130402198,0,
0.42534871706561,0.67011393514461,0.282954998008761,0.413206262763785,0.361478890831876,0,
0.560874806268297,0.55512708150745,0.316806053365193,0.332425686407987,0.344741443917062,0,
0.375408989151025,0.415249780893953,0.744125846276384,0.258452461992285,0.265550836872346,0,
0.355260892026864,0.302716914986854,0.531859816806053,0.793056501021103,0.165126155383462,0,
0.34647838815223,0.381069237510955,0.475308641975309,0.792375765827093,0.150387209592805,0,
0.336318236610987,0.303768624014023,0.456192751891677,0.71454504197867,0.738695978016488,0,
0.356121921818495,0.388431200701139,0.802270011947431,0.609484910369866,0.428678491131651,0,
0.344584122610642,0.531288343558282,0.609318996415771,0.786249149081007,0.161129153135149,0,
0.327363526778026,0.50464504820333,0.528076463560335,0.432039936464715,0.366475143642268,0,
0.768210780092991,0.429798422436459,0.621266427718041,0.309961425005673,0.296527604296777,0,
0.646633373514724,0.437510955302366,0.422939068100358,0.411844792375766,0.304271796152885,0,
0.444291372481488,0.608238387379492,0.471724412584628,0.428182437031995,0.262303272545591,0,
0.469433442397107,0.615600350569676,0.255675029868578,0.405491263898344,0.383712215838121,0,
0.335801618736008,0.320245398773006,0.799880525686977,0.547311095983662,0.47464401698726,0,
0.728603409677975,0.300438212094654,0.490442054958184,0.589970501474926,0.236572570572071,0,
0.724987084553125,0.194566170026293,0.405416168857029,0.394826412525528,0.297776667499375,0,
0.33080764594455,0.454338299737073,0.620071684587814,0.473110959836624,0.271546340244816,0,
0.553642156018598,0.683786152497809,0.268219832735962,0.44860449285228,0.414189357981514,0,
0.766488720509729,0.2965819456617,0.341696535244922,0.379396414794645,0.341743692230827,0,
0.507318753228862,0.611218229623138,0.295499800876145,0.408894939868391,0.358481139145641,0,
0.385741346650594,0.721121822962314,0.230187176423736,0.303834808259587,0.281538845865601,0,
0.315481315653522,0.33567046450482,0.665870171246515,0.657817109144543,0.21159130652011,0,
0.334940588944377,0.317440841367222,0.759458383114297,0.558202859087815,0.472645515863103,0,
0.495264336146031,0.627695004382121,0.294703305455994,0.410029498525074,0.359730202348239,0,
0.749956948510419,0.333742331288344,0.405017921146953,0.548218742909008,0.227329502872845,0,
0.407783709316342,0.611042944785276,0.286937475109518,0.3238030406172,0.349987509367974,0,
0.315653521611848,0.338475021910605,0.660892074870569,0.856364874063989,0.32075943042718,0,
0.313587050111934,0.343908851884312,0.479291119076065,0.706830043113229,0.32075943042718,0,
0.345961770277252,0.684662576687117,0.261449621664675,0.310415248468346,0.244566575068699,0,
0.320647494403306,0.434706397896582,0.678016726403823,0.20285908781484,0.32075943042718,0,
0.833304632340279,0.356003505696757,0.41178813221824,0.566371681415929,0.264051961029228,0,
0.368865162734631,0.660122699386503,0.272799681401832,0.307465395960971,0.291531351486385,0,
0.34200103323575,0.41384750219106,0.860812425328554,0.192648059904697,0.32075943042718,0,
0.673153091096952,0.462927256792287,0.451214655515731,0.478783753120036,0.506869847614289,0,
0.50111933872912,0.550043821209465,0.541417761847869,0.463807578851827,0.395953035223582,0,
0.314792491820217,0.337423312883436,0.635404221425727,0.50260948491037,0.32075943042718,0,
0.363871189943172,0.37125328659071,0.166865790521705,0.0742001361470388,0.202598051461404,0,
0.507490959187188,0.448729184925504,0.802867383512545,0.252552756977536,0.275043717212091,0,
0.395557086275185,0.51726555652936,0.661688570290721,0.251418198320853,0.271546340244816,0,
0.403134148441536,0.580192813321648,0.53126244524094,0.304742455184933,0.290032475643268,0,
0.312726020320303,0.288343558282209,0.448626045400239,0.519400953029272,0.646515113664751,0,
0.347167211985535,0.475372480280456,0.630227001194743,0.267755842977082,0.269797651761179,0,
0.52264508351989,0.468361086765995,0.319394663480685,0.338552303154073,0.307019735198601,0,
0.326158085069743,0.453812445223488,0.705495818399044,0.529838892670751,0.32075943042718,0,
0.340451179610815,0.421735319894829,0.911987256073278,0.202632176083504,0.32075943042718,0,
0.332013087652833,0.417353198948291,0.424532058940661,0.467438166553211,0.457157132150887,0,
0.343034268985707,0.412971078001753,0.838311429709279,0.208304969366916,0.232825380964277,0,
0.377819872567591,0.660648553900088,0.274990043807248,0.411617880644429,0.287284536597552,0,
0.415705183399346,0.460473269062226,0.718239745121466,0.229180848649875,0.26929802648014,0,
0.332701911486137,0.69307624890447,0.499800876144962,0.721125482187429,0.200349737696727,0,
0.338556914069227,0.561262050832603,0.584229390681004,0.548672566371681,0.225830627029728,0,
0.375753401067677,0.605258545135846,0.749900438072481,0.248922169276152,0.259305520859355,0,
0.325297055278113,0.296231375985977,0.468140183193947,0.179714091218516,0.704721458905821,0,
0.315309109695195,0.317090271691499,0.458980485862206,0.566598593147266,0.545340994254309,0,
0.496297571895988,0.643470639789658,0.280565511748307,0.318357159065124,0.291031726205346,0,
0.673325297055278,0.55512708150745,0.440063719633612,0.57476741547538,0.259555333499875,0,
0.400551059066644,0.638737949167397,0.515531660692951,0.452008168822328,0.244566575068699,0,
0.57551231272602,0.442243645924627,0.446435682994823,0.325164511005219,0.216837371971022,0,
0.311864990528672,0.309728308501315,0.261449621664675,0.872021783526208,0.132900324756433,0,
0.677458240055106,0.357230499561788,0.441656710473915,0.309961425005673,0.430177366974769,0,
0.36576545548476,0.667309377738826,0.638988450816408,0.446789199001588,0.272295778166375,0,
0.410366798691235,0.482033304119194,0.29231381919554,0.320399364647152,0.25655758181364,0,
0.339934561735836,0.588080631025416,0.560533651931501,0.450873610165646,0.32075943042718,0,
0.533494058894438,0.446976336546889,0.428116288331342,0.407987292943045,0.295778166375219,0,
0.715860168761839,0.36091148115688,0.397252090800478,0.379623326525981,0.309268048963278,0,
0.442052695023248,0.669062226117441,0.301075268817204,0.32312230542319,0.292530602048464,0,
0.572068193559497,0.574583698510079,0.300677021107129,0.327887451781257,0.355983012740445,0,
0.649905286722921,0.434005258545136,0.461170848267622,0.435670524166099,0.287284536597552,0,
0.422765627690718,0.81262050832603,0.269613699721227,0.416383027002496,0.282787909068199,0,
0.62304115722404,0.445398773006135,0.414974113898845,0.384615384615385,0.304021983512366,0,
0.333390735319442,0.297984224364592,0.445639187574671,0.67687769457681,0.831126655008743,0,
0.331152057861202,0.42296231375986,0.892273994424532,0.144542772861357,0.32075943042718,0,
0.556741863268469,0.53339176161262,0.297092791716448,0.457000226911731,0.645016237821634,0,
0.338901325985879,0.512883435582822,0.504778972520908,0.422282732017245,0.293280039970022,0,
0.877044945755123,0.298685363716039,0.340900039824771,0.341275243930111,0.307019735198601,0,
0.397795763733425,0.726906222611744,0.535444046196734,0.286816428409349,0.563327504371721,0,
0.333735147236094,0.402103418054338,0.295698924731183,0.275243930111187,0.425930552085936,0,
0.5464095057689,0.630148992112182,0.290919952210275,0.401860676196959,0.27554334249313,0,
0.707594282762184,0.283435582822086,0.393468737554759,0.395507147719537,0.305520859355483,0,
0.421904597899087,0.595267309377739,0.281362007168459,0.314953483095076,0.32075943042718,0,
0.271913208197004,0.419106047326906,0.926523297491039,0.177671885636487,0.32075943042718,0,
0.318581022903392,0.304119193689746,0.469733174034249,0.838665759019741,0.112665500874344,0,
0.256414671947649,0.14250657318142,0.482078853046595,0.600408441116406,0.32075943042718,0,
0.332013087652833,0.313234005258545,0.687176423735564,0.649648286816428,0.498626030477142,0,
0.344584122610642,0.451533742331288,0.926722421346077,0.203312911277513,0.32075943042718,0,
0.341484415360771,0.409290096406661,0.800079649542015,0.155661447696846,0.32075943042718,0,
0.319442052695023,0.377212971078002,0.532457188371167,0.800998411617881,0.1541343992006,0,
0.48768727397968,0.478702892199825,0.318996415770609,0.336056274109371,0.342493130152386,0,
0.389702083692096,0.685363716038563,0.285941855834329,0.320172452915816,0.289782663002748,0,
0.365076631651455,0.652234881682734,0.633412982875348,0.511912865895167,0.32075943042718,0,
0.315825727570174,0.290271691498685,0.451214655515731,0.707510778307238,0.708218835873095,0,
0.523850525228173,0.446099912357581,0.309438470728793,0.336510097572044,0.342243317511866,0,
0.516962286895126,0.553198948290973,0.28673835125448,0.32834127524393,0.295278541094179,0,
0.404684002066471,0.548641542506573,0.290123456790123,0.325164511005219,0.32075943042718,0,
0.3271913208197,0.330937773882559,0.803464755077658,0.21261629226231,0.402448163877092,0,
0.788358877217152,0.292375109553024,0.417562724014337,0.392330383480826,0.301773669747689,0,
0.303254692612364,0.279228746713409,0.443249701314217,0.478783753120036,0.619035723207594,0,
0.332874117444464,0.315512708150745,0.597570688968538,0.754027683231223,0.531351486385211,0,
0.425865334940589,0.855915863277826,0.231182795698925,0.302019514408895,0.285785660754434,0,
0.337179266402618,0.474320771253287,0.738351254480287,0.540049920580894,0.32075943042718,0,
0.485104184604787,0.679579316389132,0.271804062126643,0.308373042886317,0.287034723957032,0,
0.317547787153435,0.382997370727432,0.821585025886101,0.195824824143408,0.187109667749188,0,
0.311864990528672,0.28501314636284,0.443448825169255,0.51622418879056,0.32075943042718,0,
0.480626829688307,0.605433829973707,0.289326961369972,0.416383027002496,0.282787909068199,0,
0.851730669881178,0.176511831726556,0.335125448028674,0.383934649421375,0.305770671996003,0,
0.313414844153608,0.35863277826468,0.151135005973716,0.819832085318811,0.0662003497376968,0,
0.35319442052695,0.465907099035933,0.576662684189566,0.469480372135239,0.267549337996503,0,
0.564491131393146,0.622611744084137,0.264436479490243,0.407533469480372,0.29477891581314,0,
0.443258136731531,0.763716038562664,0.264237355635205,0.413886997957794,0.440669497876593,0,
0.689168245221285,0.294127957931639,0.345081640780565,0.346948037213524,0.332000999250562,0,
0.715687962803513,0.401577563540754,0.499601752289924,0.551395507147719,0.25655758181364,0,
0.325985879111417,0.407186678352323,0.789924332935086,0.162014976174268,0.32075943042718,0,
0.434820044773549,0.378790534618756,0.401234567901235,0.377581120943953,0.341993504871347,0,
0.807818150508008,0.30464504820333,0.34010354440462,0.383480825958702,0.346739945041219,0,
0.53383847081109,0.514110429447853,0.434886499402628,0.417290673927842,0.356732450662003,0,
0.855174789047701,0.192287467134093,0.397650338510554,0.384388472884048,0.291531351486385,0,
0.332185293611159,0.43908851884312,0.754281162883313,0.22691173133651,0.32075943042718,0,
0.637678663681763,0.407361963190184,0.333134209478295,0.385296119809394,0.305021234074444,0,
0.689168245221285,0.341104294478528,0.344484269215452,0.378261856137962,0.333749687734199,0,
0.320130876528328,0.429447852760736,0.637196336121067,0.254594962559564,0.276292780414689,0,
0.606509385224729,0.367046450482033,0.401831939466348,0.392557295212162,0.345490881838621,0,
0.476493886688479,0.732865907099036,0.276782158502589,0.314499659632403,0.28853359980015,0,
0.329085586361288,0.419631901840491,0.709677419354839,0.230769230769231,0.32075943042718,0,
0.465128293438953,0.493952673093777,0.318199920350458,0.33741774449739,0.344491631276543,0,
0.39262958498364,0.827344434706398,0.220430107526882,0.451781257090992,0.278291281538846,0,
0.837609781298433,0.186503067484663,0.343488649940263,0.374404356705242,0.306520109917562,0,
0.765283278801446,0.324452234881683,0.654719235364397,0.283639664170638,0.28853359980015,0,
0.399345617358361,0.529710780017528,0.247710075667065,0.305877013841616,0.280039970022483,0,
0.468572412605476,0.646450482033304,0.287733970529669,0.410483321987747,0.280289782663003,0,
0.51592905114517,0.625416301489921,0.279968140183194,0.407306557749036,0.355983012740445,0,
0.554158773893577,0.479929886064855,0.317204301075269,0.389380530973451,0.300774419185611,0,
0.74944033063544,0.402979842243646,0.413181999203505,0.377581120943953,0.30776917312016,0,
0.668331324263819,0.496406660823839,0.540621266427718,0.517131835715906,0.269797651761179,0,
0.385396934733942,0.419106047326906,0.664874551971326,0.288631722260041,0.367474394204347,0,
0.832960220423627,0.44943032427695,0.321385902031063,0.459269344225096,0.283787159630277,0,
0.342862063027381,0.382997370727432,0.715452011150936,0.54163830270025,0.447914064451661,0,
0.433097985190288,0.380718667835232,0.40163281561131,0.377354209212616,0.341743692230827,0,
0.403306354399862,0.670990359333918,0.510155316606929,0.478103017926027,0.271046714963777,0,
0.230239366282073,0.551095530236635,0.563520509757069,0.277513047424552,0.251061703722208,0,
0.335629412777682,0.329535495179667,0.739745121465551,0.734967097798956,0.178116412690482,0,
0.453762700189426,0.641717791411043,0.273197929111908,0.41615611527116,0.288033974519111,0,
0.621663509557431,0.452234881682734,0.321186778176025,0.336737009303381,0.305271046714964,0,
0.501980368520751,0.425591586327783,0.315013938669853,0.340140685273429,0.305770671996003,0,
0.311692784570346,0.314811568799299,0.508363201911589,0.505559337417744,0.32075943042718,0,
0.725848114344756,0.293952673093777,0.53126244524094,0.690719310188337,0.227829128153885,0,
0.336834854485965,0.290446976336547,0.486459577857427,0.878375312003631,0.136897327004746,0,
0.536249354227656,0.529535495179667,0.487654320987654,0.314499659632403,0.291531351486385,0,
0.397623557775099,0.470815074496056,0.214257268020709,0.297254368050828,0.272545590806895,0,
0.423971069399001,0.769149868536372,0.272202309836718,0.311322895393692,0.360479640269798,0,
0.482004477354916,0.658194566170026,0.283751493428913,0.320399364647152,0.292780414688983,0,
0.321852936111589,0.304469763365469,0.45957785742732,0.212162468799637,0.801898576067949,0,
0.581539521267436,0.37125328659071,0.281362007168459,0.813478556841389,0.212340744441669,0,
0.351472360943689,0.803330411919369,0.251294305057746,0.426820966643976,0.369223082687984,0,
0.319269846736697,0.323751095530237,0.459378733572282,0.237576582709326,0.32075943042718,0,
0.419838126399173,0.563540753724803,0.452807646356033,0.417971409121852,0.255558331251561,0,
0.302738074737386,0.268886941279579,0.337913181999204,0.279782164737917,0.598551086684986,0,
0.366626485276391,0.375460122699387,0.607925129430506,0.742455184933061,0.196852360729453,0,
0.320130876528328,0.295004382120946,0.48068498606133,0.75879282958929,0.676492630527105,0,
0.309626313070432,0.291323400525854,0.46415770609319,0.694122986158384,0.32075943042718,0,
0.389874289650422,0.43908851884312,0.599960175228992,0.286362604946676,0.381214089432925,0,
0.508696400895471,0.678702892199825,0.275388291517324,0.41025641025641,0.361978516112915,0,
0.312209402445325,0.285714285714286,0.462166467542812,0.833446789199002,0.0911816137896578,0,
0.857413466505941,0.328483786152498,0.426125049780964,0.463807578851827,0.362228328753435,0,
0.568451868434648,0.618229623137599,0.580047789725209,0.489448604492852,0.278790906819885,0,
0.431720337523678,0.62296231375986,0.252289924332935,0.307692307692308,0.360979265550837,0,
0.357843981401756,0.527256792287467,0.738749502190362,0.589516678012253,0.554833874594054,0,
0.305493370070604,0.297984224364592,0.424332935085623,0.454731109598366,0.32075943042718,0,
0.3791975202342,0.612795793163891,0.53126244524094,0.301338779214885,0.281289033225081,0,
0.367659721026347,0.654688869412796,0.657108721624851,0.517812570909916,0.32075943042718,0,
0.902703633545721,0.174583698510079,0.331541218637993,0.376219650555934,0.336747439420435,0,
0.334596177027725,0.454338299737073,0.818797291915571,0.239845700022691,0.32075943042718,0,
0.382125021525745,0.587204206836109,0.65073675826364,0.506013160880417,0.32075943042718,0,
0.324608231444808,0.310955302366345,0.617483074472322,0.720671658724756,0.162877841618786,0,
0.352161184776993,0.680981595092024,0.228195937873357,0.245972316768777,0.660754434174369,0,
0.705872223178922,0.372304995617879,0.441059338908801,0.332425686407987,0.309517861603797,0,
0.471499913897021,0.522874671340929,0.551971326164874,0.442931699568868,0.478641019235573,0,
0.35457206819356,0.331814198071867,0.633412982875348,0.521896982073973,0.530102423182613,0,
0.328224556569657,0.468361086765995,0.725806451612903,0.515997277059224,0.32075943042718,0,
0.321508524194937,0.303067484662577,0.455993628036639,0.221012026321761,0.772170871846115,0,
0.335112794902704,0.338299737072743,0.473118279569892,0.703199455411845,0.651761179115663,0,
0.862063027380747,0.347063978965819,0.425328554360812,0.510551395507148,0.266300274793905,0,
0.693473394179439,0.610517090271692,0.30884109916368,0.326525981393238,0.299775168623532,0,
0.360254864818323,0.485539000876424,0.572481083233771,0.454731109598366,0.32075943042718,0,
0.364215601859824,0.499211218229623,0.906013540422142,0.207624234172907,0.240069947539345,0,
0.541415532977441,0.466783523225241,0.427917164476304,0.335148627184025,0.350736947289533,0,
0.681074565179955,0.428396143733567,0.445440063719634,0.460403902881779,0.25655758181364,0,
0.334940588944377,0.294653812445223,0.515929908403027,0.8738370773769,0.32075943042718,0,
0.205958326158085,0.574583698510079,0.527877339705297,0.2952121624688,0.277042218336248,0,
0.586533494058894,0.574233128834356,0.311429709279172,0.338325391422737,0.302023482388209,0,
0.38952987773377,0.742857142857143,0.276782158502589,0.307919219423644,0.367474394204347,0,
0.352161184776993,0.531989482909728,0.475906013540422,0.414567733151804,0.355233574818886,0,
0.666092646805579,0.502015775635408,0.530665073675826,0.519627864760608,0.272045965525856,0,
0.388668847942139,0.669763365468887,0.278773397052967,0.428863172226004,0.616787409442918,0,
0.337179266402618,0.725854513584575,0.271206690561529,0.304515543453597,0.282538096427679,0,
0.266919235405545,0.484312007011393,0.842891278375149,0.210574086680281,0.32075943042718,0,
0.33976235577751,0.413146362839614,0.664675428116288,0.538461538461539,0.423432425680739,0,
0.34423971069399,0.496056091148116,0.909398645957786,0.215339233038348,0.32075943042718,0,
0.48097124160496,0.515162138475022,0.290123456790123,0.4785568413887,0.4484136897327,0,
0.395040468400207,0.576862401402279,0.489645559538033,0.762196505559337,0.193854609043218,0,
0.380747373859135,0.576336546888694,0.601951413779371,0.281143635125936,0.32075943042718,0,
0.149991389702084,0.0464504820333041,0.255276782158503,0.450192874971636,0.529852610542093,0,
0.372998105734458,0.707099035933392,0.227996814018319,0.498751985477649,0.572070946789908,0,
0.351988978818667,0.395793163891323,0.878335324571884,0.129566598593147,0.218336247814139,0,
0.569485104184605,0.637861524978089,0.287136598964556,0.409121851599728,0.361478890831876,0,
0.82607198209058,0.33339176161262,0.408403026682597,0.421148173360563,0.30152385710717,0,
0.434820044773549,0.573356704645048,0.294902429311031,0.39664170637622,0.32075943042718,0,
0.534527294644395,0.500964066608238,0.457785742731979,0.722033129112775,0.214838870846865,0,
0.598071293266747,0.519018404907975,0.308044603743528,0.331291127751305,0.346989757681739,0,
0.306182193903909,0.322348816827344,0.113102349661489,0.751531654186521,0.32075943042718,0,
0.349061477527122,0.458895705521472,0.592393468737555,0.481506693896074,0.191606295278541,0,
0.332185293611159,0.539000876424189,0.489247311827957,0.417517585659179,0.32075943042718,0,
0.655415877389358,0.456441717791411,0.327956989247312,0.400045382346267,0.304521608793405,0,
0.533149646977785,0.584925503943909,0.30605336519315,0.323349217154527,0.287534349238071,0,
0.648183227139659,0.347765118317266,0.340900039824771,0.383027002496029,0.339245565825631,0,
0.489409333562941,0.559859772129711,0.293110314615691,0.322214658497844,0.293280039970022,0,
0.603926295849836,0.424364592462752,0.324970131421744,0.340140685273429,0.337746689982513,0,
0.307904253487171,0.280105170902717,0.430704898446834,0.461992285001135,0.32075943042718,0,
0.338384708110901,0.485539000876424,0.528275587415372,0.445200816882233,0.285785660754434,0,
0.351300154985362,0.449605609114812,0.584826762246117,0.460857726344452,0.184861353984512,0,
0.594454968141898,0.605433829973707,0.463958582238152,0.408668028137055,0.289782663002748,0,
0.540898915102462,0.402629272567923,0.441855834328953,0.418879056047198,0.279790157381964,0,
0.52040640606165,0.338299737072743,0.394066109119873,0.391649648286816,0.280039970022483,0,
0.395384880316859,0.735495179666959,0.275587415372362,0.413660086226458,0.369722707969023,0,
0.270018942655416,0.397370727432077,0.808641975308642,0.627184025414114,0.217586809892581,0,
0.317547787153435,0.385977212971078,0.7610513739546,0.614476968459269,0.187359480389708,0,
0.364043395901498,0.648729184925504,0.550378335324572,0.474699341955979,0.25630776917312,0,
0.363354572068193,0.597896581945662,0.576463560334528,0.455411844792376,0.248563577317012,0,
0.483554330979852,0.518317265556529,0.446634806849861,0.286135693215339,0.7694229328004,0,
0.733425176511107,0.418229623137599,0.657108721624851,0.286135693215339,0.290032475643268,0,
0.353711038401929,0.466432953549518,0.757666268418956,0.199909235307465,0.32075943042718,0,
0.45806784914758,0.357405784399649,0.33452807646356,0.379396414794645,0.305520859355483,0,
0.320130876528328,0.461700262927257,0.5221027479092,0.434082142046744,0.32075943042718,0,
0.329085586361288,0.478352322524102,0.861409796893668,0.184479237576583,0.236572570572071,0,
0.327707938694679,0.440315512708151,0.716845878136201,0.222600408441116,0.32075943042718,0,
0.313931462028586,0.335319894829097,0.532058940661091,0.925119128658952,0.12165875593305,0,
0.384191493025659,0.586327782646801,0.824571883711669,0.229861583843885,0.248063952035973,0,
0.320303082486654,0.411744084136722,0.747909199522103,0.216927615157704,0.255558331251561,0,
0.330463234027897,0.682033304119194,0.508960573476703,0.437485818016791,0.377466899825131,0,
0.464267263647322,0.438387379491674,0.517921146953405,0.432266848196052,0.376467649263053,0,
0.440847253314965,0.699035933391762,0.283950617283951,0.317903335602451,0.288033974519111,0,
0.416566213190976,0.857142857142857,0.221027479091995,0.435670524166099,0.285535848113915,0,
0.677630446013432,0.402629272567923,0.430904022301872,0.441797140912185,0.474893829627779,0,
0.618047184432581,0.409465381244522,0.458383114297093,0.441797140912185,0.276042967774169,0,
0.424315481315654,0.717440841367222,0.273596176821983,0.309053778080327,0.287784161878591,0,
0.326846908903048,0.52182296231376,0.503783353245719,0.43430905377808,0.36547589308019,0,
0.65128293438953,0.571603856266433,0.299084030266826,0.336056274109371,0.32075943042718,0,
0.301016015154124,0.27361963190184,0.421545201115094,0.465169049239846,0.0479640269797652,0,
0.361976924401584,0.66783523225241,0.242333731581043,0.304515543453597,0.371471396452661,0,
0.742896504219046,0.301314636283961,0.419553962564715,0.405491263898344,0.256807394454159,0,
0.372998105734458,0.411042944785276,0.717045001991239,0.260948491036987,0.270297277042218,0,
0.350094713277079,0.520946538124452,0.668259657506969,0.503517131835716,0.32075943042718,0,
0.318753228861719,0.333742331288344,0.62226204699323,0.611980939414568,0.32075943042718,0,
0.717410022386775,0.369325153374233,0.435483870967742,0.331971862945314,0.305770671996003,0,
0.390563113483726,0.388957055214724,0.701115093588212,0.551168595416383,0.19260554584062,0,
0.434992250731875,0.560736196319018,0.300677021107129,0.411390968913093,0.240319760179865,0,
0.478388152230067,0.682559158632778,0.283552369573875,0.316088041751759,0.290282288283787,0,
0.258481143447563,0.134092900964067,0.664277180406213,0.772634445200817,0.165375968023982,0,
0.351816772860341,0.52182296231376,0.813620071684588,0.219877467665078,0.32075943042718,0,
0.314103667986912,0.302366345311131,0.449024293110315,0.592693442250964,0.32075943042718,0,
0.442569312898226,0.720946538124452,0.537037037037037,0.296119809394146,0.28228828378716,0,
0.735491648011021,0.191411042944785,0.402827558741537,0.389834354436124,0.287784161878591,0,
0.311003960737042,0.255740578439965,0.334129828753485,0.465395960971182,0.543592305770672,1,
0.324091613569829,0.360736196319018,0.654719235364397,0.655547991831178,0.186610042468149,1,
0.38815223006716,0.362489044697634,0.860414177618479,0.167687769457681,0.219585311016737,1,
0.339073531944205,0.359684487291849,0.891875746714456,0.670524166099387,0.543842118411192,1,
0.3271913208197,0.321297107800175,0.528872958980486,0.548672566371681,0.32075943042718,1,
0.328913380402962,0.31148115687993,0.511748307447232,0.573405945087361,0.32075943042718,1,
0.519545376270019,0.376336546888694,0.673636001592991,0.731109598366236,0.195103672245816,1,
0.274840709488548,0.299737072743208,0.274193548387097,0.511459042432494,0.53185111166625,1,
0.391596349233683,0.402629272567923,0.587017124651533,0.621965055593374,0.770921808643517,1,
0.32633029102807,0.335495179666959,0.474512146555157,0.590424324937599,0.32075943042718,1,
0.381952815567419,0.31148115687993,0.628833134209478,0.657590197413206,0.824131901074194,1,
0.381780609609092,0.37931638913234,0.693349263241736,0.561833446789199,0.183862103422433,1,
0.386257964525573,0.32182296231376,0.658701712465153,0.660993873383254,0.759680239820135,1,
0.356638539693473,0.32638036809816,0.722023098367184,0.603585205355117,0.159380464651511,1,
0.316170139486826,0.27011393514461,0.410195141377937,0.460857726344452,0.53235073694729,1,
0.375408989151025,0.495880806310254,0.859816806053365,0.201724529158157,0.421184111916063,1,
0.482004477354916,0.555652936021034,0.569095977698128,0.669389607442705,0.20534599050712,1,
0.322369553986568,0.30464504820333,0.752887295898048,0.576355797594736,0.0696977267049713,1,
0.462028586189082,0.556704645048203,0.286539227399442,0.317676423871114,0.291781164126905,1,
0.30928190115378,0.308501314636284,0.488649940262843,0.834354436124348,0.0969273045216088,1,
0.311003960737042,0.300438212094654,0.529271206690561,0.503744043567052,0.32075943042718,1,
0.353538832443603,0.334794040315513,0.750497809637595,0.571363739505332,0.491131651261554,1,
0.347683829860513,0.418229623137599,0.769016328156113,0.188336737009303,0.632775418436173,1,
0.373859135526089,0.369675723049956,0.444245320589407,0.713410483321988,0.182613040219835,1,
0.320647494403306,0.343382997370727,0.511549183592194,0.659859314726571,0.161378965775668,1,
0.3271913208197,0.352497808939527,0.476503385105536,0.854549580213297,0.0612040969273045,1,
0.47287756156363,0.673269062226117,0.535244922341696,0.542999773088269,0.267299525355983,1,
0.339073531944205,0.324452234881683,0.50457984866587,0.196732471068754,0.32075943042718,1,
0.328913380402962,0.376687116564417,0.844882516925528,0.644202405264352,0.639770172370722,1,
0.339590149819184,0.324978089395267,0.526483472720032,0.627637848876787,0.593554833874594,1,
0.519545376270019,0.376336546888694,0.673636001592991,0.731109598366236,0.195103672245816,1,
0.354227656276907,0.390534618755478,0.573675826363998,0.663489902427955,0.508118910816887,1,
0.324436025486482,0.355652936021034,0.534050179211469,0.780349444066258,0.32075943042718,1,
0.368348544859652,0.38965819456617,0.748108323377141,0.533242568640799,0.32075943042718,1,
0.316686757361805,0.334618755477651,0.46594982078853,0.213977762650329,0.32075943042718,1,
0.340623385569141,0.358808063102542,0.451015531660693,0.624687996369412,0.186360229827629,1,
0.36214913035991,0.412445223488168,0.60294703305456,0.769230769230769,0.701723707219585,1,
0.358705011193387,0.754601226993865,0.251294305057746,0.599273882459723,0.233325006245316,1,
0.3903909075254,0.391586327782647,0.654520111509359,0.218742909008396,0.197851611291531,1,
0.474083003271913,0.333041191936897,0.746714456391876,0.697980485591105,0.161878591056707,1,
0.470294472188738,0.334969325153374,0.734567901234568,0.706376219650556,0.153135148638521,1,
0.327363526778026,0.30692375109553,0.518717642373556,0.812797821647379,0.32075943042718,1,
0.345445152402273,0.31726555652936,0.741537236160892,0.677331518039483,0.701973519860105,1,
0.467366970897193,0.347063978965819,0.72700119474313,0.601542999773088,0.644766425181114,1,
0.390046495608748,0.437160385626643,0.672043010752688,0.241660993873383,0.691231576317762,1,
0.494747718271052,0.55056967572305,0.669056152927121,0.526889040163376,0.268798401199101,1,
0.376442224900982,0.438737949167397,0.538032656312226,0.66643975493533,0.175868098925806,1,
0.513690373686929,0.649956178790535,0.606531262445241,0.279782164737917,0.375968023982014,1,
0.274496297571896,0.16897458369851,0.283154121863799,0.653732697980486,0.32075943042718,1,
0.345789564318925,0.338475021910605,0.781760254878534,0.562060358520535,0.457406944791406,1,
0.363354572068193,0.610166520595968,0.617881322182397,0.548445654640345,0.575568323757182,1,
0.432925779231961,0.399298860648554,0.777976901632816,0.59882005899705,0.581563827129653,1,
0.373859135526089,0.490446976336547,0.684388689765034,0.699795779441797,0.19210592055958,1,
0.323402789736525,0.28501314636284,0.465750696933493,0.613569321533923,0.579815138646015,1,
0.313242638195282,0.37353198948291,0.437275985663082,0.648740639891082,0.32075943042718,1,
0.369037368692957,0.406134969325153,0.711867781760255,0.572725209893352,0.552335748188858,1,
0.353883244360255,0.581069237510955,0.598964555953803,0.474472430224643,0.229328003997002,1,
0.339934561735836,0.372480280455741,0.59279171644763,0.826185613796233,0.0549587809143143,1,
0.453934906147753,0.645749342681858,0.685981680605336,0.476514635806671,0.277292030976767,1,
0.380058550025831,0.511656441717791,0.550776583034647,0.751758565917858,0.186360229827629,1,
0.311003960737042,0.260297984224365,0.383114297092792,0.482868164284094,0.152885335998002,1,
0.429998277940417,0.451533742331288,0.652927120669056,0.256410256410256,0.277541843617287,1,
0.485104184604787,0.732515337423313,0.523297491039426,0.294304515543454,0.28228828378716,1,
0.439297399690029,0.587554776511832,0.542811628833134,0.477649194463354,0.479140644516613,1,
0.334423971069399,0.359333917616126,0.578853046594982,0.820966643975493,0.32075943042718,1,
0.347856035818839,0.413672217353199,0.818996415770609,0.609711822101203,0.613290032475643,1,
0.334423971069399,0.372304995617879,0.620868180007965,0.739959155888359,0.32075943042718,1,
0.385569140692268,0.357230499561788,0.720230983671844,0.614476968459269,0.677741693729703,1,
0.342862063027381,0.390359333917616,0.518518518518518,0.884955752212389,0.117411941044217,1,
0.304632340278974,0.203505696757231,0.448227797690163,0.266167460857726,0.32075943042718,1,
0.276390563113484,0.164241893076249,0.236360015929908,0.769911504424779,0.32075943042718,1,
0.388496641983813,0.339877300613497,0.857228195937873,0.578624914908101,0.439920059955034,1,
0.340278973652488,0.326205083260298,0.437076861808045,0.653732697980486,0.510866849862603,1,
0.426037540898915,0.415249780893953,0.774392672242134,0.210800998411618,0.519610292280789,1,
0.488892715687963,0.348641542506573,0.914575866188769,0.221012026321761,0.260304771421434,1,
0.358877217151713,0.464504820333041,0.146555157307845,0.218515997277059,0.19885086185361,1,
0.311864990528672,0.311831726555653,0.477299880525687,0.714998865441343,0.543592305770672,1,
0.372825899776132,0.427344434706398,0.527678215850259,0.639664170637622,0.183362478141394,1,
0.349233683485449,0.347589833479404,0.529868578255675,0.839119582482414,0.765176117911566,1,
0.309626313070432,0.291323400525854,0.475308641975309,0.560018152938507,0.785910567074694,1,
0.360943688651627,0.351095530236635,0.969135802469136,0.233038348082596,0.449163127654259,1,
0.313414844153608,0.321647677475898,0.538829151732378,0.200363058770138,0.32075943042718,1,
0.399173411400034,0.387554776511832,0.648745519713262,0.634445200816882,0.233574818885836,1,
0.370759428276218,0.495530236634531,0.703504579848666,0.576355797594736,0.567824131901074,1,
0.366109867401412,0.410692375109553,0.522301871764237,0.587701384161561,0.231826130402198,1,
0.275185121405201,0.359509202453988,0.604141776184787,0.65214431586113,0.17287034723957,1,
0.484931978646461,0.643996494303243,0.682795698924731,0.286816428409349,0.28178865850612,1,
0.431548131565352,0.447502191060473,0.737355635205098,0.595643294758339,0.500874344241819,1,
0.310831754778715,0.333567046450482,0.43110314615691,0.547084184252326,0.32075943042718,1,
0.382813845359049,0.375109553023663,0.715651135005974,0.64692534604039,0.510117411941044,1,
0.322886171861546,0.328659070990359,0.213659896455595,0.112775130474245,0.579815138646015,1,
0.314620285861891,0.36091148115688,0.433890880127439,0.639210347174949,0.32075943042718,1,
0.3271913208197,0.415249780893953,0.483273596176822,0.597231676877695,0.32075943042718,1,
0.480454623729981,0.445048203330412,0.59279171644763,0.456773315180395,0.380464651511366,1,
0.340623385569141,0.518317265556529,0.73257666268419,0.620830496936692,0.226080439670247,1,
0.330979851902876,0.309027169149869,0.466547192353644,0.63262990696619,0.742193354983762,1,
0.340623385569141,0.59649430324277,0.530465949820788,0.672566371681416,0.217336997252061,1,
0.458240055105907,0.476599474145486,0.604938271604938,0.466757431359201,0.639770172370722,1,
0.466850353022215,0.719193689745837,0.572680207088809,0.466303607896528,0.278790906819885,1,
0.314620285861891,0.359509202453988,0.421146953405018,0.476741547538008,0.32075943042718,1,
0.367659721026347,0.365994741454864,0.516726403823178,0.629226230996142,0.609792655508369,1,
0.348889271568796,0.332690622261174,0.424731182795699,0.609711822101203,0.32075943042718,1,
0.366282073359738,0.331638913234005,0.706093189964158,0.619469026548673,0.761179115663252,1,
0.370931634234544,0.406134969325153,0.620270808442851,0.547764919446335,0.832625530851861,1,
0.339417943860858,0.37475898334794,0.544802867383512,0.840254141139097,0.32075943042718,1,
0.337868090235922,0.425591586327783,0.79689366786141,0.206262763784888,0.180864351736198,1,
0.376442224900982,0.428396143733567,0.469334926324174,0.225550260948491,0.611541343992006,1,
0.451179610814534,0.433128834355828,0.795499800876145,0.534830950760154,0.438421184111916,1,
0.335801618736008,0.381419807186678,0.480286738351254,0.756523712275925,0.32075943042718,1,
0.374547959359394,0.405083260297984,0.700517722023098,0.124574540503744,0.114664001998501,1,
0.255381436197692,0.371603856266433,0.259657506969335,0.717948717948718,0.128903322508119,1,
0.457895643189254,0.396319018404908,0.731780167264038,0.219196732471069,0.561828628528604,1,
0.317892199070088,0.34250657318142,0.453405017921147,0.425459496255956,0.549337996502623,1,
0.364732219734803,0.367046450482033,0.436280366387893,0.700703426367143,0.159130652010992,1,
0.316342345445152,0.323575810692375,0.514336917562724,0.72430224642614,0.32075943042718,1,
0.386602376442225,0.599649430324277,0.62405416168857,0.496482868164284,0.270796902323258,1,
0.334940588944377,0.323926380368098,0.520310633213859,0.616292262309961,0.579815138646015,1,
0.318581022903392,0.343908851884312,0.646555157307845,0.611980939414568,0.1541343992006,1,
0.380230755984157,0.774583698510079,0.570091596973317,0.515997277059224,0.257057207094679,1,
0.343550886860685,0.401928133216477,0.673636001592991,0.254821874290901,0.420684486635024,1,
0.342173239194076,0.375284837861525,0.571883711668658,0.604265940549126,0.233574818885836,1,
0.305665576028931,0.295530236634531,0.563520509757069,0.780122532334922,0.112915313514864,1,
0.349233683485449,0.433128834355828,0.536638789326961,0.793056501021103,0.144891331501374,1,
0.40967797485793,0.347589833479404,0.728395061728395,0.752893124574541,0.53235073694729,1,
0.467194764938867,0.637861524978089,0.667861409796894,0.272294077603812,0.280289782663003,1,
0.363182366109867,0.364592462751972,0.748307447232178,0.572498298162015,0.629028228828379,1,
0.322369553986568,0.315512708150745,0.498207885304659,0.725436805082823,0.131901074194354,1,
0.325297055278113,0.339526730937774,0.466148944643568,0.538234626730202,0.644766425181114,1,
0.348544859652144,0.436985100788782,0.771007566706491,0.57476741547538,0.151636272795403,1,
0.459273290855864,0.51726555652936,0.704699322978893,0.592012707056955,0.219335498376218,1,
0.314792491820217,0.370727432077125,0.466547192353644,0.638075788518266,0.32075943042718,1,
0.358360599276735,0.47239263803681,0.683193946634807,0.53641933287951,0.170622033474894,1,
0.394868262441881,0.336546888694128,0.704301075268817,0.620603585205355,0.216087934049463,1,
0.341828827277424,0.370376862401402,0.552767821585026,0.268209666439755,0.32075943042718,1,
0.449801963147925,0.37125328659071,0.540820390282756,0.680054458815521,0.46140394703972,1,
0.31152057861202,0.309903593339176,0.537435284747113,0.530519627864761,0.32075943042718,1,
0.313931462028586,0.303067484662577,0.540621266427718,0.502836396641706,0.32075943042718,1,
0.367315309109695,0.737423312883436,0.551174830744723,0.506240072611754,0.263302523107669,1,
0.517995522645084,0.64487291849255,0.619673436877738,0.285001134558657,0.28853359980015,1,
0.474599621146892,0.634706397896582,0.672242134607726,0.268890401633764,0.280039970022483,1,
0.219390390907525,0.102716914986854,0.571286340103544,0.238484229634672,0.240819385460904,1,
0.371103840192871,0.380192813321648,0.734169653524492,0.217608350351713,0.69847614289283,1,
0.452212846564491,0.5011393514461,0.758064516129032,0.553891536192421,0.259805146140395,1,
0.332701911486137,0.368624014022787,0.518916766228594,0.732244157022918,0.32075943042718,1,
0.395040468400207,0.330236634531113,0.819195539625647,0.61311549807125,0.459905071196603,1,
0.369209574651283,0.466257668711656,0.813022700119474,0.644883140458362,0.1796152885336,1,
0.35904942311004,0.350043821209465,0.802270011947431,0.549126389834354,0.51911066699975,1,
0.334596177027725,0.393339176161262,0.231780167264038,0.865441343317449,0.0514614039470397,1,
0.321852936111589,0.41384750219106,0.540023894862604,0.648740639891082,0.32075943042718,1,
0.433786809023592,0.576687116564417,0.583034647550777,0.694576809621057,0.231576317761679,1,
0.350439125193732,0.716564417177914,0.260454002389486,0.664851372815975,0.238071446415189,1,
0.406406061649733,0.387730061349693,0.672043010752688,0.262309961425006,0.406944791406445,1,
0.319958670570002,0.2988606485539,0.573874950219036,0.268436578171091,0.444416687484387,1,
0.446357843981402,0.469588080631025,0.693349263241736,0.554118447923758,0.534099425430927,1,
0.33528500086103,0.331288343558282,0.515929908403027,0.714771953710007,0.0806894828878341,1,
0.3271913208197,0.336196319018405,0.653325368379132,0.502155661447697,0.642018486135398,1,
0.311176166695368,0.341630148992112,0.607925129430506,0.572952121624688,0.32075943042718,1,
0.317031169278457,0.284662576687117,0.474711270410195,0.679146811890175,0.773419935048713,1,
0.317375581195109,0.264855390008764,0.536041417761848,0.246199228500113,0.116662503122658,1,
