541,5,2,
0.915963492336835,0.170201577563541,0.333930704898447,0.379396414794645,0.304521608793405,0,
0.308937489237128,0.292550394390885,0.474711270410195,0.308146131154981,0.205845615788159,0,
0.674530738763561,0.560560911481157,0.285941855834329,0.534830950760154,0.265051211591307,0,
0.405889443774755,0.318492550394391,0.524691358024691,0.814386203766735,0.180614539095678,0,
0.543826416394007,0.35407537248028,0.33731581043409,0.388472884048105,0.350237322008494,0,
0.824349922507319,0.17931638913234,0.392871365989646,0.342409802586794,0.334998750936797,0,
0.566902014809712,0.520771253286591,0.478693747510952,0.317222600408441,0.293280039970022,0,
0.313242638195282,0.338475021910605,0.52847471127041,0.916269571136828,0.111916062952785,0,
0.305148958153952,0.279053461875548,0.434488251692553,0.587247560698888,0.32075943042718,0,
0.558808334768383,0.595793163891323,0.477499004380725,0.530746539596097,0.426430177366975,0,
0.571723781642845,0.69535495179667,0.272003185981681,0.496936691626957,0.267549337996503,0,
0.321852936111589,0.302191060473269,0.498008761449622,0.73405945087361,0.158131401448913,0,
0.432581367315309,0.366170026292726,0.809438470728793,0.179033356024506,0.421933549837622,0,
0.496469777854314,0.558106923751096,0.310434090003982,0.33287950987066,0.344491631276543,0,
0.336834854485965,0.290446976336547,0.486459577857427,0.878375312003631,0.136897327004746,0,
0.528500086102979,0.618930762489045,0.290322580645161,0.415929203539823,0.366475143642268,0,
0.639400723265025,0.608238387379492,0.266029470330546,0.477195371000681,0.393454908818386,0,
0.348544859652144,0.456266432953549,0.472520908004779,0.444520081688223,0.41693729702723,0,
0.334940588944377,0.58615249780894,0.698924731182796,0.583390061266167,0.32075943042718,0,
0.355949715860169,0.639263803680982,0.505774591796097,0.481052870433401,0.214089432925306,0,
0.402273118649905,0.580543382997371,0.290919952210275,0.321987746766508,0.32075943042718,0,
0.264508351988979,0.493777388255916,0.747510951812027,0.517358747447243,0.32075943042718,0,
0.416049595315998,0.788957055214724,0.280963759458383,0.306103925572952,0.446665001249063,0,
0.313587050111934,0.343908851884312,0.479291119076065,0.706830043113229,0.32075943042718,0,
0.370587222317892,0.628921998247152,0.615292712066906,0.5214431586113,0.259555333499875,0,
0.417255037024281,0.511305872042068,0.290521704500199,0.327206716587248,0.34599050711966,0,
0.786292405717238,0.195267309377739,0.396057347670251,0.381438620376673,0.297277042218336,0,
0.345961770277252,0.684662576687117,0.261449621664675,0.310415248468346,0.244566575068699,0,
0.338729120027553,0.528308501314636,0.771405814416567,0.215793056501021,0.32075943042718,0,
0.393146202858619,0.624364592462752,0.59378733572282,0.47401860676197,0.276542593055209,0,
0.798346822800069,0.370727432077125,0.337514934289128,0.379850238257318,0.335998001498876,0,
0.536938178060961,0.540403155127081,0.287534846674632,0.328795098706603,0.32075943042718,0,
0.338556914069227,0.561262050832603,0.584229390681004,0.548672566371681,0.225830627029728,0,
0.527466850353022,0.531288343558282,0.299681401831939,0.328568186975267,0.30102423182613,0,
0.603065266058206,0.450482033304119,0.317005177220231,0.39074200136147,0.344741443917062,0,
0.351300154985362,0.552147239263804,0.469733174034249,0.42069434989789,0.286535098675993,0,
0.70415016359566,0.344609991235758,0.341696535244922,0.388245972316769,0.30751936047964,0,
0.34423971069399,0.577563540753725,0.570290720828355,0.554345359655094,0.214339245565826,0,
0.859996555880833,0.308851884312007,0.338510553564317,0.378942591331972,0.30751936047964,0,
0.641639400723265,0.503768624014023,0.310434090003982,0.339459950079419,0.342742942792905,0,
0.725503702428104,0.293777388255916,0.53126244524094,0.690265486725664,0.228078940794404,0,
0.336146030652661,0.432252410166521,0.982477100756671,0.169956886771046,0.32075943042718,0,
0.571551575684519,0.504294478527607,0.307248108323377,0.336056274109371,0.32075943042718,0,
0.46168417427243,0.630148992112182,0.295898048586221,0.401633764465623,0.280539595303522,0,
0.589460995350439,0.61262050832603,0.287933094384707,0.294985250737463,0.501373969522858,0,
0.344584122610642,0.451533742331288,0.926722421346077,0.203312911277513,0.32075943042718,0,
0.402100912691579,0.780718667835232,0.251493428912784,0.296573632856819,0.222583062702973,0,
0.335801618736008,0.41262050832603,0.887495021903624,0.16383027002496,0.473394953784662,0,
0.320130876528328,0.39649430324277,0.798088410991637,0.133877921488541,0.213839620284786,0,
0.479249182021698,0.365994741454864,0.332536837913182,0.375992738824597,0.334499125655758,0,
0.90855863612881,0.176687116564417,0.338311429709279,0.380304061719991,0.304521608793405,0,
0.33166867573618,0.444697633654689,0.308442851453604,0.457454050374404,0.458156382712965,0,
0.324091613569829,0.305872042068361,0.602349661489446,0.749943272067166,0.1541343992006,0,
0.317547787153435,0.311130587204207,0.471127041019514,0.534604039028818,0.32075943042718,0,
0.351300154985362,0.365293602103418,0.833333333333333,0.562060358520535,0.449412940294779,0,
0.324091613569829,0.375284837861525,0.734767025089606,0.601542999773088,0.32075943042718,0,
0.607026003099707,0.653637160385627,0.296694544006372,0.326299069661902,0.296527604296777,0,
0.788703289133804,0.29079754601227,0.402031063321386,0.377808032675289,0.347739195603298,0,
0.595315997933528,0.402979842243646,0.535444046196734,0.717041071023372,0.208343742193355,0,
0.337351472360944,0.480280455740578,0.55973715651135,0.279782164737917,0.382213339995004,0,
0.872567590838643,0.34829097283085,0.550378335324572,0.303834808259587,0.297027229577817,0,
0.33976235577751,0.461524978089395,0.825169255276782,0.240072611754028,0.450412190856857,0,
0.482348889271569,0.702015775635408,0.269812823576264,0.431359201270706,0.411941044216837,0,
0.33528500086103,0.345661700262927,0.521704500199124,0.748808713410483,0.564826380214839,0,
0.738074737385913,0.34022787028922,0.400836320191159,0.395507147719537,0.34599050711966,0,
0.404339590149819,0.317440841367222,0.517522899243329,0.792829589289766,0.171121658755933,0,
0.338212502152574,0.33444347063979,0.530266825965751,0.228273201724529,0.812140894329253,0,
0.778198725675908,0.292199824715162,0.400438072481083,0.378034944406626,0.347739195603298,0,
0.329602204236267,0.483786152497809,0.715651135005974,0.235761288858634,0.32075943042718,0,
0.870673325297055,0.169500438212095,0.336718438868976,0.339459950079419,0.302772920309768,0,
0.395729292233511,0.651358457493427,0.521704500199124,0.427955525300658,0.368223832125906,0,
0.460478732564147,0.420333041191937,0.324372759856631,0.340821420467438,0.306270297277042,0,
0.354055450318581,0.329184925503944,0.719434488251693,0.605854322668482,0.567074693979515,0,
0.919407611503358,0.339176161262051,0.33552369573875,0.337190832766054,0.306769922558081,0,
0.824349922507319,0.332515337423313,0.574870569494225,0.301111867483549,0.297277042218336,0,
0.451524022731186,0.6045574057844,0.285145360414178,0.432947583390061,0.367224581563827,0,
0.790253142758739,0.291498685363716,0.340900039824771,0.341729067392784,0.338246315263552,0,
0.358360599276735,0.329009640666082,0.734169653524492,0.631949171772181,0.228828378715963,0,
0.677974857930084,0.458369851007888,0.452608522500996,0.45904243249376,0.263302523107669,0,
0.393662820733597,0.639263803680982,0.780167264038232,0.225550260948491,0.242568073944542,0,
0.313070432236955,0.28624014022787,0.474313022700119,0.845019287497164,0.154384211841119,0,
0.412088858274496,0.776687116564417,0.285941855834329,0.427501701837985,0.515613290032476,0,
0.323058377819873,0.309377738825592,0.530665073675826,0.907873837077377,0.10866849862603,0,
0.311692784570346,0.306397896581946,0.509358821186778,0.298615838438847,0.32075943042718,0,
0.320819700361632,0.382296231375986,0.448825169255277,0.522350805536646,0.566075443417437,0,
0.394868262441881,0.658895705521472,0.269215452011151,0.41547538007715,0.374219335498376,0,
0.369898398484588,0.58737949167397,0.542015133412983,0.433628318584071,0.32075943042718,0,
0.452557258481143,0.559684487291849,0.567702110712863,0.294758339006127,0.286784911316513,0,
0.674530738763561,0.198422436459246,0.390681003584229,0.382119355570683,0.343242568073945,0,
0.353538832443603,0.724627519719544,0.255276782158503,0.427501701837985,0.285785660754434,0,
0.394868262441881,0.617703768624014,0.640382317801673,0.279101429543907,0.283037721708718,0,
0.41639400723265,0.333216476774759,0.679410593389088,0.628545495802133,0.463652260804397,0,
0.312553814361977,0.310429447852761,0.276782158502589,0.852961198093941,0.32075943042718,0,
0.392112967108662,0.567221735319895,0.288928713659896,0.315861130020422,0.283787159630277,0,
0.806957120716377,0.375985977212971,0.337514934289128,0.380077149988654,0.336997252060954,0,
0.449285345272946,0.628921998247152,0.267622461170848,0.314499659632403,0.293529852610542,0,
0.332013087652833,0.469938650306748,0.614695340501792,0.270251872021783,0.382213339995004,0,
0.342345445152402,0.36669588080631,0.491238550378335,0.731336510097572,0.715463402448164,0,
0.804374031341484,0.316739702015776,0.608920748705695,0.294077603812117,0.292280789407944,0,
0.32942999827794,0.420333041191937,0.761847869374751,0.220558202859088,0.263552335748189,0,
0.318925434820045,0.37703768624014,0.606929510155317,0.82573179033356,0.32075943042718,0,
0.320130876528328,0.2988606485539,0.454599761051374,0.22237349670978,0.768923307519361,0,
0.495436542104357,0.620333041191937,0.600756670649144,0.508509189925119,0.220584561578816,0,
0.313242638195282,0.344609991235758,0.46873755475906,0.483321987746766,0.885585810642018,0,
0.672119855346995,0.452059596844873,0.454798884906412,0.458134785568414,0.262303272545591,0,
0.384019287067333,0.565644171779141,0.78494623655914,0.251191286589517,0.246315263552336,0,
0.618047184432581,0.409465381244522,0.458383114297093,0.441797140912185,0.276042967774169,0,
0.717582228345101,0.449605609114812,0.308243727598566,0.392557295212162,0.390706969772671,0,
0.545204064060617,0.510429447852761,0.450617283950617,0.669843430905378,0.211091681239071,0,
0.335112794902704,0.352322524101665,0.858622062923138,0.181529385069208,0.414688983262553,0,
0.436369898398485,0.711130587204207,0.273397052966945,0.315634218289086,0.290032475643268,0,
0.704838987428965,0.291498685363716,0.344285145360414,0.346721125482187,0.331501373969523,0,
0.562769071809885,0.48501314636284,0.318598168060534,0.388019060585432,0.30102423182613,0,
0.306354399862235,0.280631025416301,0.443249701314217,0.621284320399365,0.729952535598301,0,
0.373342517651111,0.595617879053462,0.260254878534448,0.313818924438393,0.293779665251062,0,
0.399517823316687,0.559509202453988,0.623855037833532,0.607669616519174,0.569073195103672,0,
0.349750301360427,0.754601226993865,0.266228594185583,0.305877013841616,0.282787909068199,0,
0.434303426898571,0.716389132340053,0.288729589804859,0.321080099841162,0.289283037721709,0,
0.318408816945066,0.294829097283085,0.465750696933493,0.680054458815521,0.32075943042718,0,
0.307387635612192,0.295004382120946,0.451214655515731,0.722713864306785,0.122907819135648,0,
0.462372998105734,0.527782646801052,0.307845479888491,0.325618334467892,0.348988258805896,0,
0.274496297571896,0.330061349693252,0.554360812425329,0.728159745858861,0.105171121658756,0,
0.479938005855003,0.567046450482033,0.288729589804859,0.41547538007715,0.27579315513365,0,
0.329257792319614,0.448203330411919,0.740342493030665,0.23144996596324,0.32075943042718,0,
0.392112967108662,0.848729184925504,0.232377538829152,0.43430905377808,0.279790157381964,0,
0.643878078181505,0.31148115687993,0.390481879729192,0.378261856137962,0.338745940544592,0,
0.786120199758912,0.195267309377739,0.396057347670251,0.381211708645337,0.297526854858856,0,
0.408128121232995,0.556529360210342,0.306650736758264,0.328114363512594,0.302023482388209,0,
0.871189943172034,0.190359333917616,0.401831939466348,0.339459950079419,0.341993504871347,0,
0.205958326158085,0.574583698510079,0.527877339705297,0.2952121624688,0.277042218336248,0,
0.337007060444291,0.423663453111306,0.744723217841497,0.258225550260948,0.26255308518611,0,
0.544343034268986,0.505170902716915,0.439466348068499,0.420240526435217,0.357981513864602,0,
0.352161184776993,0.738299737072743,0.233373158104341,0.498978897208986,0.599800149887584,0,
0.515412433270191,0.424890446976337,0.20768618080446,0.223508055366462,0.242068448663502,0,
0.712932667470294,0.431726555652936,0.314615690959777,0.341955979124121,0.32075943042718,0,
0.343723092819012,0.361437335670464,0.702309836718439,0.612661674608577,0.489882588058956,0,
0.319958670570002,0.315863277826468,0.456192751891677,0.535284774222827,0.32075943042718,0,
0.325297055278113,0.32532865907099,0.889884508164078,0.199001588382119,0.416187859105671,0,
0.377647666609265,0.631901840490798,0.469932297889287,0.72884048105287,0.217087184611541,0,
0.357327363526778,0.619982471516214,0.647749900438072,0.592239618788291,0.32075943042718,0,
0.350783537110384,0.544609991235758,0.830545599362803,0.213750850918992,0.249313015238571,0,
0.349061477527122,0.635758106923751,0.248705694942254,0.43430905377808,0.273295028728454,0,
0.432409161356983,0.594390885188431,0.272600557546794,0.281143635125936,0.678241319010742,0,
0.420182538315826,0.835407537248028,0.266228594185583,0.296119809394146,0.391706220334749,0,
0.357327363526778,0.68045574057844,0.269414575866189,0.417744497390515,0.32075943042718,0,
0.348889271568796,0.523225241016652,0.805057745917961,0.230088495575221,0.32075943042718,0,
0.316858963320131,0.407186678352323,0.807646356033453,0.195144088949399,0.250562078441169,0,
0.700361632512485,0.282208588957055,0.394464356829948,0.394145677331518,0.305770671996003,0,
0.426037540898915,0.401577563540754,0.312027080844285,0.330837304288632,0.32075943042718,0,
0.261580850697434,0.346362839614373,0.65989645559538,0.16972997503971,0.21808643517362,0,
0.596865851558464,0.487992988606485,0.464356829948228,0.42001361470388,0.519860104921309,0,
0.354744274151886,0.637686240140228,0.268418956591,0.293169956886771,0.284036972270797,0,
0.850697434131221,0.307975460122699,0.522500995619275,0.315634218289086,0.298526105420934,0,
0.375236783192698,0.816652059596845,0.237355635205098,0.292489221692761,0.282787909068199,0,
0.387463406233856,0.537598597721297,0.53305455993628,0.443385523031541,0.368223832125906,0,
0.329774410194593,0.33567046450482,0.482875348466746,0.513047424551849,0.32075943042718,0,
0.645944549681419,0.461524978089395,0.329549980087614,0.399591558883594,0.305271046714964,0,
0.346306182193904,0.594566170026293,0.264834727200319,0.435897435897436,0.32075943042718,0,
0.310487342862063,0.308501314636284,0.471326164874552,0.815293850692081,0.32075943042718,0,
0.332529705527811,0.507099035933392,0.624651533253684,0.466303607896528,0.257556832375718,0,
0.32942999827794,0.413496932515337,0.811031461569096,0.205355116859542,0.32075943042718,0,
0.405889443774755,0.541630148992112,0.462365591397849,0.319491717721806,0.32075943042718,0,
0.524711555019804,0.687817703768624,0.272799681401832,0.31336510097572,0.292530602048464,0,
0.528844498019631,0.485188431200701,0.305854241338112,0.39664170637622,0.278041468898326,0,
0.333907353194421,0.549342681858019,0.637196336121067,0.58384388472884,0.201348988258806,0,
0.36128810056828,0.542681858019281,0.660493827160494,0.240526435216701,0.25031226580065,0,
0.552436714310315,0.539176161262051,0.476304261250498,0.31926480599047,0.32075943042718,0,
0.366626485276391,0.375460122699387,0.607925129430506,0.742455184933061,0.196852360729453,0,
0.393318408816945,0.736371603856267,0.199522102747909,0.476968459269344,0.269547839120659,0,
0.761666953676597,0.334794040315513,0.419553962564715,0.34263671431813,0.342992755433425,0,
0.337351472360944,0.359684487291849,0.534249303066507,0.606535057862492,0.32075943042718,0,
0.573962459101085,0.433829973707274,0.451413779370769,0.288631722260041,0.639020734449163,0,
0.515756845186844,0.424890446976337,0.207885304659498,0.223508055366462,0.241818636022983,0,
0.623385569140692,0.45521472392638,0.313819195539626,0.384388472884048,0.304521608793405,0,
0.314448079903565,0.31603856266433,0.609518120270808,0.890401633764466,0.32075943042718,0,
0.362493542276563,0.434706397896582,0.827558741537236,0.183571590651237,0.32075943042718,0,
0.322541759944894,0.303943908851884,0.533253683791318,0.906739278420694,0.122907819135648,0,
0.357843981401756,0.537072743207713,0.577658303464755,0.257771726798275,0.32075943042718,0,
0.333218529361116,0.338650306748466,0.483074472321784,0.722486952575448,0.610791906070447,0,
0.376442224900982,0.855390008764242,0.249502190362405,0.29975039709553,0.281039220584562,0,
0.449974169106251,0.710780017528484,0.284547988849064,0.470388019060585,0.492130901823632,0,
0.432925779231961,0.669588080631025,0.525487853444843,0.427047878375312,0.281039220584562,0,
0.367659721026347,0.602103418054338,0.767025089605735,0.235307465395961,0.255308518611042,0,
0.549853624935423,0.524276950043821,0.479091995221027,0.319037894259133,0.29477891581314,0,
0.488892715687963,0.384399649430324,0.410394265232975,0.380530973451327,0.340994254309268,0,
0.349061477527122,0.516213847502191,0.27937076861808,0.431586113002042,0.289283037721709,0,
0.883416566213191,0.328659070990359,0.410593389088013,0.395280235988201,0.392205845615788,0,
0.745824005510591,0.412094653812445,0.475308641975309,0.542999773088269,0.399450412190857,0,
0.391940761150336,0.706397896581946,0.574074074074074,0.494667574313592,0.263552335748189,0,
0.848286550714655,0.195092024539877,0.392871365989646,0.341729067392784,0.338995753185111,0,
0.345617358360599,0.455565293602103,0.891875746714456,0.144088949398684,0.204096927304522,0,
0.368176338901326,0.811568799298861,0.281162883313421,0.316541865214432,0.279290532100924,0,
0.534527294644395,0.549868536371604,0.294902429311031,0.330383480825959,0.299525355983013,0,
0.621491303599105,0.276248904469763,0.347072879330944,0.381892443839347,0.303272545590807,0,
0.327019114861374,0.328659070990359,0.802668259657507,0.21783526208305,0.401698725955533,0,
0.425865334940589,0.593865030674847,0.294504181600956,0.318130247333787,0.292030976767424,0,
0.140003444119167,0.401402278702892,0.277180406212664,0.3238030406172,0.301773669747689,0,
0.563974513518168,0.51726555652936,0.517921146953405,0.449058316314954,0.419185610791906,0,
0.38367487515068,0.773707274320771,0.230784547988849,0.292943045155435,0.274294279290532,0,
0.536421560185982,0.500613496932515,0.313620071684588,0.335829362378035,0.343742193354984,0,
0.620458067849147,0.455390008764242,0.314416567104739,0.386430678466077,0.345241069198101,0,
0.321164112278285,0.442594215600351,0.613102349661489,0.465169049239846,0.271296527604297,0,
0.724987084553125,0.284312007011393,0.398048586220629,0.407533469480372,0.303772170871846,0,
0.696056483554331,0.319894829097283,0.413978494623656,0.381438620376673,0.33974519110667,0,
0.323919407611503,0.32182296231376,0.512345679012346,0.805763557975947,0.32075943042718,0,
0.392973996900293,0.802629272567923,0.261250497809638,0.518039482641253,0.258306270297277,0,
0.310831754778715,0.324802804557406,0.618279569892473,0.8309507601543,0.143642268298776,0,
0.481315653521612,0.458895705521472,0.304460374352847,0.328795098706603,0.32075943042718,0,
0.371103840192871,0.680981595092024,0.232377538829152,0.488767869298843,0.605545840619535,0,
0.433097985190288,0.548115687992989,0.305256869772999,0.407987292943045,0.244816387709218,0,
0.356638539693473,0.401051709027169,0.866985264834727,0.199001588382119,0.226080439670247,0,
0.558291716893405,0.358983347940403,0.343488649940263,0.34717494894486,0.333749687734199,0,
0.904597899087308,0.183347940403155,0.396853843090402,0.341502155661448,0.336247814139395,0,
0.406233855691407,0.574233128834356,0.518120270808443,0.301792602677558,0.289532850362228,0,
0.371964869984501,0.571779141104295,0.600756670649144,0.496482868164284,0.267799150637022,0,
0.479421387980024,0.463978965819457,0.433492632417364,0.333106421601997,0.33999500374719,0,
0.381263991734114,0.631551270815074,0.2536837913182,0.315861130020422,0.353734698975768,0,
0.407267091441364,0.753374233128834,0.275786539227399,0.417063762196506,0.289532850362228,0,
0.367487515068021,0.44715162138475,0.288530465949821,0.307011572498298,0.366475143642268,0,
0.380747373859135,0.588606485539001,0.478096375945838,0.420240526435217,0.287784161878591,0,
0.816428448424315,0.475021910604733,0.310234966148945,0.515543453596551,0.276042967774169,0,
0.733597382469433,0.484837861524978,0.433890880127439,0.447469934195598,0.401698725955533,0,
0.460995350439125,0.677125328659071,0.256272401433692,0.594962559564329,0.248813389957532,0,
0.338556914069227,0.785626643295355,0.26742333731581,0.457227138643068,0.576067949038221,0,
0.314792491820217,0.320245398773006,0.448227797690163,0.591558883594282,0.578316262802898,0,
0.471155501980368,0.589833479404032,0.29410593389088,0.329929657363286,0.345490881838621,0,
0.367659721026347,0.818229623137599,0.259856630824373,0.292035398230088,0.476892330751936,0,
0.727570173928018,0.34601226993865,0.437674233373158,0.43952802359882,0.432675493379965,0,
0.353366626485276,0.553023663453111,0.287933094384707,0.321307011572498,0.32075943042718,0,
0.36214913035991,0.459070990359334,0.792512943050577,0.203993646471523,0.32075943042718,0,
0.466505941105562,0.666608238387379,0.282357626443648,0.455411844792376,0.575568323757182,0,
0.413638711899432,0.75863277826468,0.258462763839108,0.305650102110279,0.28853359980015,0,
0.419493714482521,0.669588080631025,0.290720828355237,0.406625822555026,0.356982263302523,0,
0.314448079903565,0.36091148115688,0.795101553166069,0.556614476968459,0.234324256807394,0,
0.361632512484932,0.832778264680105,0.25089605734767,0.299977308826866,0.282787909068199,0,
0.351816772860341,0.531989482909728,0.482875348466746,0.41547538007715,0.355233574818886,0,
0.338212502152574,0.444522348816827,0.853643966547192,0.206943498978897,0.244566575068699,0,
0.468572412605476,0.631200701139351,0.259458383114297,0.315634218289086,0.290781913564826,0,
0.334596177027725,0.41034180543383,0.835523695738749,0.594508736101656,0.32075943042718,0,
0.330463234027897,0.431200701139351,0.895858223815213,0.191740412979351,0.21134149387959,0,
0.464267263647322,0.644171779141104,0.281362007168459,0.312911277513047,0.32075943042718,0,
0.412433270191149,0.569675723049956,0.309239346873755,0.329702745631949,0.303272545590807,0,
0.33080764594455,0.339351446099912,0.489446435682995,0.519854776491945,0.32075943042718,0,
0.30928190115378,0.289745836985101,0.452409398645958,0.68073519400953,0.606794903822133,0,
0.475460650938522,0.590184049079755,0.251493428912784,0.295892897662809,0.273045216087934,0,
0.330635439986223,0.410166520595968,0.824970131421744,0.608804175175857,0.23107669248064,0,
0.404684002066471,0.615950920245399,0.285941855834329,0.318130247333787,0.365975518361229,0,
0.319442052695023,0.3011393514461,0.48805256869773,0.500794191059678,0.662752935298526,0,
0.382813845359049,0.585276073619632,0.483273596176822,0.442931699568868,0.2433175118661,0,
0.319786464611676,0.405258545135846,0.85941855834329,0.189244383934649,0.32075943042718,0,
0.340278973652488,0.391060473269062,0.768219832735962,0.72044474699342,0.32075943042718,0,
0.388668847942139,0.618930762489045,0.270011947431302,0.437712729748128,0.2560579565326,0,
0.364904425693129,0.460999123575811,0.532457188371167,0.463807578851827,0.283787159630277,0,
0.247976579989668,0.0879929886064855,0.0362405416168857,0.0197413206262764,0.32075943042718,0,
0.338556914069227,0.442944785276074,0.307447232178415,0.326525981393238,0.298526105420934,0,
0.317719993111762,0.29079754601227,0.455993628036639,0.178579532561833,0.32075943042718,0,
0.321336318236611,0.295179666958808,0.469334926324174,0.286135693215339,0.32075943042718,0,
0.361115894609953,0.392112182296231,0.644165671047391,0.218969820739732,0.32075943042718,0,
0.649560874806268,0.279579316389132,0.341099163679809,0.37712729748128,0.300274793904572,0,
0.378680902359222,0.57125328659071,0.709478295499801,0.513501248014522,0.32075943042718,0,
0.404856208024798,0.430324276950044,0.737953006770211,0.243930111186748,0.424931301523857,0,
0.459101084897537,0.632778264680105,0.485862206292314,0.689130928068981,0.213090182363228,0,
0.410366798691235,0.482033304119194,0.29231381919554,0.320399364647152,0.25655758181364,0,
0.275185121405201,0.353900087642419,0.678614097968937,0.630360789652825,0.32075943042718,0,
0.339073531944205,0.469412795793164,0.76742333731581,0.213523939187656,0.32075943042718,0,
0.337351472360944,0.476073619631902,0.640979689366786,0.240072611754028,0.32075943042718,0,
0.372998105734458,0.41840490797546,0.889088012743927,0.205355116859542,0.260304771421434,0,
0.32856896848631,0.461524978089395,0.732178414974114,0.180848649875199,0.186610042468149,0,
0.359566040985018,0.382471516213848,0.867383512544803,0.214431586113002,0.184361728703472,0,
0.307559841570518,0.294478527607362,0.507168458781362,0.6761969593828,0.216337746689983,0,
0.632340278973652,0.688343558282209,0.281162883313421,0.427501701837985,0.370721958531102,0,
0.673325297055278,0.55512708150745,0.440063719633612,0.57476741547538,0.259555333499875,0,
0.332185293611159,0.311831726555653,0.467144563918757,0.692080780576356,0.582063452410692,0,
0.450835198897882,0.36546888694128,0.330943847072879,0.375765827093261,0.309767674244317,0,
0.389013259858791,0.738650306748466,0.228195937873357,0.469253460403903,0.556082937796653,0,
0.33752367831927,0.345661700262927,0.516129032258065,0.626730201951441,0.32075943042718,0,
0.476493886688479,0.619807186678352,0.296097172441258,0.326525981393238,0.347239570322258,0,
0.452040640606165,0.636283961437336,0.281760254878534,0.326072157930565,0.299775168623532,0,
0.341140003444119,0.384574934268186,0.745917960971724,0.239618788291355,0.32075943042718,0,
0.335457206819356,0.349517966695881,0.508164078056551,0.176310415248468,0.891831126655009,0,
0.536249354227656,0.529535495179667,0.487654320987654,0.314499659632403,0.291531351486385,0,
0.382297227484071,0.766871165644172,0.560533651931501,0.461538461538462,0.32075943042718,0,
0.311692784570346,0.314811568799299,0.508363201911589,0.505559337417744,0.32075943042718,0,
0.629584983640434,0.465381244522349,0.526284348864994,0.461084638075789,0.256807394454159,0,
0.544687446185638,0.532340052585451,0.487654320987654,0.319945541184479,0.291281538845866,0,
0.339590149819184,0.543908851884312,0.645161290322581,0.473110959836624,0.260554584061954,0,
0.359221629068366,0.646801051709027,0.258661887694146,0.464034490583163,0.277541843617287,0,
0.494575512312726,0.575635407537248,0.299283154121864,0.325618334467892,0.35273544841369,0,
0.791802996383675,0.188080631025416,0.386897650338511,0.389380530973451,0.305770671996003,0,
0.517478904770105,0.478702892199825,0.303066507367583,0.324256864079873,0.293529852610542,0,
0.394696056483554,0.628396143733567,0.274990043807248,0.425686407987293,0.26305271046715,0,
0.711727225762011,0.340753724802805,0.412982875348467,0.594962559564329,0.24356732450662,0,
0.621663509557431,0.31954425942156,0.400438072481083,0.392784206943499,0.283537346989758,0,
0.490098157396246,0.674145486415425,0.277379530067702,0.317903335602451,0.351986010492131,0,
0.333735147236094,0.315863277826468,0.608323377140581,0.73020195144089,0.516862353235074,0,
0.523850525228173,0.446099912357581,0.309438470728793,0.336510097572044,0.342243317511866,0,
0.33080764594455,0.476599474145486,0.728195937873357,0.219196732471069,0.254309268048963,0,
0.387463406233856,0.814548641542507,0.242333731581043,0.506240072611754,0.539345490881839,0,
0.445496814189771,0.612445223488168,0.491636798088411,0.466530519627865,0.601798651011741,0,
0.516273463061822,0.632953549517967,0.298287534846675,0.325391422736555,0.368223832125906,0,
0.413122094024453,0.621910604732691,0.707088809239347,0.249375992738825,0.268298775918061,0,
0.849319786464612,0.391411042944785,0.460772600557547,0.444973905150896,0.290532100924307,0,
0.531427587394524,0.460122699386503,0.317204301075269,0.383480825958702,0.344491631276543,0,
0.443602548648183,0.800701139351446,0.247510951812027,0.48377581120944,0.402448163877092,0,
0.900637162045807,0.18510078878177,0.399044205495818,0.341048332198775,0.338496127904072,0,
0.329946616152919,0.511305872042068,0.588410991636798,0.469026548672566,0.270547089682738,0,
0.476493886688479,0.732865907099036,0.276782158502589,0.314499659632403,0.28853359980015,0,
0.443258136731531,0.763716038562664,0.264237355635205,0.413886997957794,0.440669497876593,0,
0.465644911313931,0.616827344434706,0.617084826762246,0.547764919446335,0.263802148388708,0,
0.406750473566385,0.622261174408414,0.726403823178017,0.264125255275698,0.261054209342993,0,
0.377992078525917,0.747940403155127,0.223416965352449,0.449512139777627,0.280789407944042,0,
0.450662992939556,0.624890446976337,0.274193548387097,0.41479464488314,0.287034723957032,0,
0.359738246943344,0.547765118317266,0.280565511748307,0.324029952348536,0.294529103172621,0,
0.371276046151197,0.481332164767748,0.805057745917961,0.196959382800091,0.32075943042718,0,
0.358705011193387,0.561437335670465,0.499800876144962,0.428182437031995,0.32075943042718,0,
0.693645600137765,0.334618755477651,0.341696535244922,0.376219650555934,0.311266550087434,0,
0.350783537110384,0.439439088518843,0.68478693747511,0.526889040163376,0.221833624781414,0,
0.335973824694334,0.480280455740578,0.766029470330546,0.236215112321307,0.194604046964776,0,
0.380575167900809,0.635933391761613,0.248904818797292,0.308373042886317,0.32075943042718,0,
0.807818150508008,0.30464504820333,0.34010354440462,0.383480825958702,0.346739945041219,0,
0.381091785775788,0.426292725679229,0.63878932696137,0.277513047424552,0.384961279040719,0,
0.534871706561047,0.627519719544259,0.25647152528873,0.313138189244384,0.345740694479141,0,
0.693817806096091,0.371779141104295,0.424930306650737,0.340140685273429,0.33949537846615,0,
0.323574995694851,0.307274320771253,0.498207885304659,0.743589743589744,0.32075943042718,0,
0.326674702944722,0.480806310254163,0.773397052966945,0.166326299069662,0.246065450911816,0,
0.832960220423627,0.44943032427695,0.321385902031063,0.459269344225096,0.283787159630277,0,
0.344756328568968,0.604206836108677,0.295898048586221,0.316995688677105,0.293280039970022,0,
0.321164112278285,0.31954425942156,0.455993628036639,0.535965509416837,0.32075943042718,0,
0.365076631651455,0.775284837861525,0.242731979291119,0.453142727479011,0.26305271046715,0,
0.441708283106595,0.43680981595092,0.619872560732776,0.269117313365101,0.265800649512865,0,
0.506285517478905,0.66555652936021,0.273795300677021,0.411164057181756,0.360229827629278,0,
0.462717410022387,0.579141104294479,0.276782158502589,0.716814159292035,0.200349737696727,0,
0.340967797485793,0.588781770376862,0.462365591397849,0.423871114136601,0.289532850362228,0,
0.648011021181333,0.298685363716039,0.391477499004381,0.383253914227366,0.345740694479141,0,
0.36128810056828,0.503768624014023,0.60752688172043,0.464488314045836,0.253809642767924,0,
0.622352333390735,0.683435582822086,0.280764635603345,0.443385523031541,0.279290532100924,0,
0.464611675563974,0.641717791411043,0.270011947431302,0.308146131154981,0.286535098675993,0,
0.518684346478388,0.686765994741455,0.537037037037037,0.479918311776719,0.277042218336248,0,
0.534182882727742,0.482559158632778,0.456989247311828,0.325845246199229,0.298775918061454,0,
0.331840881694507,0.35284837861525,0.62962962962963,0.783753120036306,0.153135148638521,0,
0.876183915963492,0.174057843996494,0.398048586220629,0.384161561152712,0.305770671996003,0,
0.813673153091097,0.184750219106047,0.396853843090402,0.42001361470388,0.297027229577817,0,
0.550198036852075,0.634881682734443,0.481083233771406,0.409802586793737,0.354234324256807,0,
0.3791975202342,0.612795793163891,0.53126244524094,0.301338779214885,0.281289033225081,0,
0.328224556569657,0.429097283085013,0.621067303863003,0.471749489448604,0.259305520859355,0,
0.325297055278113,0.425766871165644,0.803066507367582,0.161334240980259,0.447414439170622,0,
0.356638539693473,0.658194566170026,0.524093986459578,0.439754935330157,0.37172120909318,0,
0.30704322369554,0.282033304119194,0.412385503783353,0.4499659632403,0.32075943042718,0,
0.335973824694334,0.32760736196319,0.484468339307049,0.219196732471069,0.32075943042718,0,
0.462200792147408,0.665907099035933,0.305455993628037,0.324937599273882,0.29502872845366,0,
0.370759428276218,0.529535495179667,0.659697331740342,0.510097572044475,0.32075943042718,0,
0.361632512484932,0.406836108676599,0.835523695738749,0.212843203993646,0.228578566075443,0,
0.337007060444291,0.536546888694128,0.548586220629231,0.525300658044021,0.248063952035973,0,
0.318064405028414,0.332340052585451,0.508761449621665,0.863399137735421,0.161129153135149,0,
0.251592905114517,0.0944785276073619,0.260055754679411,0.293623780349444,0.282787909068199,0,
0.560185982434992,0.492550394390885,0.491636798088411,0.316088041751759,0.291031726205346,0,
0.429137248148786,0.603680981595092,0.298884906411788,0.411844792375766,0.360979265550837,0,
0.70415016359566,0.463628396143734,0.500597371565113,0.56569094622192,0.260804396702473,0,
0.270018942655416,0.397370727432077,0.808641975308642,0.627184025414114,0.217586809892581,0,
0.359393835026692,0.620157756354075,0.491039426523298,0.431359201270706,0.286784911316513,0,
0.307904253487171,0.339702015775635,0.50179211469534,0.853641933287951,0.32075943042718,0,
0.345789564318925,0.44364592462752,0.661688570290721,0.487860222373497,0.240819385460904,0,
0.420182538315826,0.79421560035057,0.209677419354839,0.445654640344906,0.366475143642268,0,
0.416566213190976,0.523751095530237,0.313819195539626,0.326752893124575,0.347489382962778,0,
0.694162218012743,0.346713409290096,0.341696535244922,0.387792148854096,0.30776917312016,0,
0.53383847081109,0.501665205959684,0.434687375547591,0.418879056047198,0.356482638021484,0,
0.672119855346995,0.298685363716039,0.344285145360414,0.373950533242569,0.332750437172121,0,
0.356121921818495,0.617703768624014,0.580645161290323,0.50260948491037,0.245815638271297,0,
0.45806784914758,0.357405784399649,0.33452807646356,0.379396414794645,0.305520859355483,0,
0.315136903736869,0.330762489044698,0.637196336121067,0.6619015203086,0.213339995003747,0,
0.572757017392802,0.583172655565294,0.286340103544405,0.424098025867937,0.523107669248064,0,
0.777509901842604,0.360385626643295,0.333731581043409,0.408668028137055,0.298775918061454,0,
0.316170139486826,0.351621384750219,0.454599761051374,0.509189925119129,0.503122658006495,0,
0.440675047356639,0.758983347940403,0.263241736360016,0.546403449058316,0.262303272545591,0,
0.353366626485276,0.584925503943909,0.484667463162087,0.429997730882687,0.287034723957032,0,
0.327880144653005,0.543207712532866,0.496814018319395,0.43498978897209,0.32075943042718,0,
0.355260892026864,0.712357581069238,0.28673835125448,0.316768776945768,0.362977766674994,0,
0.324436025486482,0.375109553023663,0.714257268020709,0.610392557295212,0.32075943042718,0,
0.412949888066127,0.754951796669588,0.527479091995221,0.289085545722714,0.281289033225081,0,
0.574995694851042,0.665731814198072,0.27021107128634,0.31336510097572,0.293280039970022,0,
0.334940588944377,0.332340052585451,0.453803265631223,0.579078738370774,0.585061204096927,0,
0.472016531771999,0.518492550394391,0.463560334528076,0.435897435897436,0.255308518611042,0,
0.302910280695712,0.291498685363716,0.515730784547989,0.311095983662355,0.244066949787659,1,
0.449629757189599,0.480280455740578,0.733771405814417,0.601769911504425,0.220834374219335,1,
0.340795591527467,0.351095530236635,0.573874950219036,0.568413886997958,0.32075943042718,1,
0.32633029102807,0.335495179666959,0.474512146555157,0.590424324937599,0.32075943042718,1,
0.459101084897537,0.556529360210342,0.655117483074472,0.526889040163376,0.473644766425181,1,
0.446357843981402,0.483085013146363,0.538231780167264,0.619922850011346,0.202847864101924,1,
0.413122094024453,0.443470639789658,0.728195937873357,0.541184479237577,0.57032225830627,1,
0.318581022903392,0.377563540753725,0.551573078454799,0.773315180394826,0.32075943042718,1,
0.332185293611159,0.358457493426819,0.517921146953405,0.64306784660767,0.32075943042718,1,
0.342173239194076,0.325679228746713,0.501592990840303,0.786022237349671,0.32075943042718,1,
0.482521095229895,0.385801928133217,0.704301075268817,0.504197867029725,0.25630776917312,1,
0.353711038401929,0.479228746713409,0.571286340103544,0.803948264125255,0.32075943042718,1,
0.332529705527811,0.387730061349693,0.636798088410992,0.266848196051736,0.271296527604297,1,
0.318925434820045,0.334618755477651,0.478693747510952,0.60857726344452,0.200349737696727,1,
0.313242638195282,0.347239263803681,0.414177618478694,0.450419786702973,0.538845865600799,1,
0.38591355260892,0.319018404907975,0.510553564317005,0.73405945087361,0.164376717461904,1,
0.490098157396246,0.482559158632778,0.694544006371963,0.253460403902882,0.53210092430677,1,
0.264508351988979,0.292550394390885,0.513938669852648,0.792375765827093,0.0347239570322258,1,
0.322541759944894,0.35056967572305,0.513341298287535,0.671204901293397,0.503622283287534,1,
0.3903909075254,0.391761612620508,0.654719235364397,0.218969820739732,0.197851611291531,1,
0.275185121405201,0.359509202453988,0.604141776184787,0.65214431586113,0.17287034723957,1,
0.336318236610987,0.283786152497809,0.481282357626444,0.6476060812344,0.568823382463153,1,
0.30928190115378,0.308501314636284,0.488649940262843,0.834354436124348,0.0969273045216088,1,
0.272946443946961,0.341104294478528,0.542612504978096,0.747674154753801,0.113914564076942,1,
0.312553814361977,0.322699386503067,0.508960573476703,0.523258452461992,0.32075943042718,1,
0.643705872223179,0.624539877300613,0.27299880525687,0.328795098706603,0.300024981264052,1,
0.32047528844498,0.351446099912358,0.524093986459578,0.842977081915135,0.107419435423432,1,
0.532633029102807,0.593865030674847,0.636200716845878,0.489675516224189,0.280789407944042,1,
0.318581022903392,0.346888694127958,0.501393866985265,0.138869979577944,0.32075943042718,1,
0.44911313931462,0.38965819456617,0.576463560334528,0.571363739505332,0.263302523107669,1,
0.323919407611503,0.312357581069238,0.473118279569892,0.547311095983662,0.221333999500375,1,
0.400206647149991,0.45749342681858,0.616487455197133,0.538007714998865,0.665500874344242,1,
0.379714138109179,0.326205083260298,0.776583034647551,0.177444973905151,0.32075943042718,1,
0.314275873945238,0.33216476774759,0.538829151732378,0.560018152938507,0.32075943042718,1,
0.389874289650422,0.702366345311131,0.551573078454799,0.53188109825278,0.501373969522858,1,
0.348372653693818,0.333742331288344,0.509557945041816,0.646244610846381,0.32075943042718,1,
0.327363526778026,0.361262050832603,0.539625647152529,0.435897435897436,0.630527104671496,1,
0.340623385569141,0.374408413672217,0.192751891676623,0.759927388245972,0.146140394703972,1,
0.314792491820217,0.337423312883436,0.441457586618877,0.495348309507602,0.649263052710467,1,
0.402273118649905,0.350920245398773,0.744324970131422,0.706376219650556,0.502123407444417,1,
0.355949715860169,0.518667835232252,0.652727996814018,0.486271840254141,0.22408193854609,1,
0.428620630273807,0.48045574057844,0.582039028275587,0.780122532334922,0.172620534599051,1,
0.385224728775616,0.303593339176161,0.68379131819992,0.513274336283186,0.494129402947789,1,
0.319442052695023,0.448553900087642,0.47331740342493,0.596324029952349,0.590307269547839,1,
0.380058550025831,0.511656441717791,0.550776583034647,0.751758565917858,0.186360229827629,1,
0.315481315653522,0.312532865907099,0.451015531660693,0.24574540503744,0.590057456907319,1,
0.342862063027381,0.390359333917616,0.518518518518518,0.884955752212389,0.117411941044217,1,
0.360599276734975,0.704820333041192,0.2463162086818,0.718402541411391,0.206844866350237,1,
0.478560358188393,0.597546012269939,0.717642373556352,0.267755842977082,0.277791656257807,1,
0.340623385569141,0.358808063102542,0.451015531660693,0.624687996369412,0.186360229827629,1,
0.333907353194421,0.335845749342682,0.853046594982079,0.562741093714545,0.32075943042718,1,
0.35457206819356,0.426292725679229,0.838908801274393,0.209439528023599,0.557332000999251,1,
0.33166867573618,0.339351446099912,0.478494623655914,0.664397549353302,0.32075943042718,1,
0.398140175650077,0.784574934268186,0.214257268020709,0.551622418879056,0.223582313265051,1,
0.340967797485793,0.329535495179667,0.5073675826364,0.796006353528477,0.125156132900325,1,
0.565696573101429,0.453286590709904,0.764834727200319,0.226004084411164,0.253809642767924,1,
0.355949715860169,0.525854513584575,0.282954998008761,0.279101429543907,0.476642518111416,1,
0.509040812812123,0.648378615249781,0.588809239346874,0.285228046289993,0.28853359980015,1,
0.319269846736697,0.345311130587204,0.545400238948626,0.823462673020195,0.116412690482138,1,
0.33166867573618,0.380192813321648,0.565909996017523,0.817562968005446,0.136397701723707,1,
0.370415016359566,0.603505696757231,0.271405814416567,0.447469934195598,0.436922308268798,1,
0.41415532977441,0.517090271691499,0.716248506571087,0.523485364193329,0.620284786410192,1,
0.23712760461512,0.350744960560911,0.601354042214257,0.154526889040163,0.136397701723707,1,
0.306526605820561,0.278702892199825,0.53584229390681,0.466757431359201,0.201099175618286,1,
0.45806784914758,0.308150744960561,0.620469932297889,0.659632402995235,0.550337247064702,1,
0.335801618736008,0.400525854513585,0.504978096375946,0.850918992511913,0.32075943042718,1,
0.338384708110901,0.421735319894829,0.802867383512545,0.206035852053551,0.113165126155383,1,
0.375236783192698,0.295179666958808,0.739545997610514,0.90764692534604,0.151636272795403,1,
0.493714482521095,0.63330411919369,0.520708880923935,0.419786702972544,0.287284536597552,1,
0.310487342862063,0.308851884312007,0.486857825567503,0.777172679827547,0.12165875593305,1,
0.567935250559669,0.417353198948291,0.629032258064516,0.542092126162923,0.503622283287534,1,
0.340795591527467,0.570902716914987,0.522899243329351,0.720898570456093,0.32075943042718,1,
0.482693301188221,0.343558282208589,0.92831541218638,0.216700703426367,0.258556082937797,1,
0.338901325985879,0.378439964943032,0.507765830346475,0.877467665078285,0.130901823632276,1,
0.316170139486826,0.312883435582822,0.452409398645958,0.243022464261402,0.60929303022733,1,
0.313242638195282,0.347239263803681,0.414177618478694,0.450419786702973,0.538845865600799,1,
0.342173239194076,0.406134969325153,0.674830744723218,0.563875652371228,0.32075943042718,1,
0.521267435853281,0.483786152497809,0.779569892473118,0.264579078738371,0.278790906819885,1,
0.34647838815223,0.381069237510955,0.673835125448029,0.990696619015203,0.144141893579815,1,
0.370070604442914,0.642594215600351,0.630824372759857,0.678919900158838,0.232325755683238,1,
0.366970897193043,0.373356704645048,0.750497809637595,0.185386884501929,0.451411441418936,1,
0.52040640606165,0.457668711656442,0.769613699721227,0.258679373723621,0.276042967774169,1,
0.312209402445325,0.31498685363716,0.533452807646356,0.494213750850919,0.123657257057207,1,
0.389702083692096,0.437160385626643,0.711867781760255,0.246653051962786,0.263552335748189,1,
0.3903909075254,0.350219106047327,0.701911589008363,0.638529611980939,0.721458905820634,1,
0.329602204236267,0.33794916739702,0.816606929510155,0.183798502382573,0.0949288033974519,1,
0.374547959359394,0.405083260297984,0.700517722023098,0.124574540503744,0.114664001998501,1,
0.51816772860341,0.367221735319895,0.717443249701314,0.73474018606762,0.217336997252061,1,
0.318408816945066,0.322524101665206,0.486857825567503,0.660993873383254,0.533349987509368,1,
0.358016187360083,0.357756354075372,0.541816009557945,0.723394599500794,0.624031976017987,1,
0.323574995694851,0.386503067484663,0.501991238550378,0.706149307919219,0.32075943042718,1,
0.594454968141898,0.490271691498685,0.614097968936679,0.259587020648968,0.482638021483887,1,
0.335457206819356,0.33794916739702,0.498606133014735,0.584070796460177,0.620534599050712,1,
0.442569312898226,0.630499561787905,0.691756272401434,0.503063308373043,0.272795403447414,1,
0.345272946443947,0.394040315512708,0.596375945838311,0.884728840481053,0.117411941044217,1,
0.414844153607715,0.648203330411919,0.627041019514138,0.495348309507602,0.535598301274045,1,
0.454623729981057,0.489219982471516,0.628833134209478,0.482641252552757,0.656007994004497,1,
0.366970897193043,0.351971954425942,0.835722819593787,0.201270705695484,0.49337996502623,1,
0.386602376442225,0.599649430324277,0.62405416168857,0.496482868164284,0.270796902323258,1,
0.359738246943344,0.329009640666082,0.541616885702907,0.615157703653279,0.32075943042718,1,
0.316342345445152,0.323575810692375,0.514336917562724,0.72430224642614,0.32075943042718,1,
0.318581022903392,0.343908851884312,0.646555157307845,0.611980939414568,0.1541343992006,1,
0.335629412777682,0.299386503067485,0.506172839506173,0.55593374177445,0.497626779915064,1,
0.334940588944377,0.323926380368098,0.520310633213859,0.616292262309961,0.579815138646015,1,
0.386430170483899,0.597546012269939,0.54320987654321,0.495575221238938,0.219585311016737,1,
0.328396762527983,0.286765994741455,0.488450816407806,0.766280916723394,0.649512865350987,1,
0.411744446357844,0.37581069237511,0.765432098765432,0.204674381665532,0.150137396952286,1,
0.335629412777682,0.332340052585451,0.548785344484269,0.850011345586567,0.0624531601299026,1,
0.308765283278801,0.308851884312007,0.514934289127837,0.538461538461539,0.32075943042718,1,
0.32271396590322,0.360035056967572,0.71784149741139,0.620149761742682,0.164126904821384,1,
0.311692784570346,0.320595968448729,0.53584229390681,0.554799183117767,0.32075943042718,1,
0.346650594110556,0.445398773006135,0.522301871764237,0.603131381892444,0.507619285535848,1,
0.450662992939556,0.527081507449606,0.4778972520908,0.502382573179033,0.270796902323258,1,
0.351472360943689,0.446976336546889,0.688172043010753,0.650329022010438,0.32075943042718,1,
0.328741174444636,0.308501314636284,0.487056949422541,0.683004311322895,0.823382463152636,1,
0.363182366109867,0.293777388255916,0.727797690163281,0.60403902881779,0.133649762677992,1,
0.491992422937834,0.627519719544259,0.630227001194743,0.255048786022237,0.281289033225081,1,
0.280351300154985,0.348466257668712,0.588809239346874,0.641479464488314,0.510617037222083,1,
0.395040468400207,0.330236634531113,0.819195539625647,0.61311549807125,0.459905071196603,1,
0.412949888066127,0.654513584574934,0.716646754281163,0.528704334014069,0.264801398950787,1,
0.347167211985535,0.362664329535495,0.508363201911589,0.635806671204901,0.100924306769923,1,
0.39262958498364,0.44715162138475,0.74352847471127,0.76401179941003,0.191856107919061,1,
0.345272946443947,0.442944785276074,0.697331740342493,0.673247106875425,0.32075943042718,1,
0.34871706561047,0.375460122699387,0.667463162086818,0.649194463353755,0.80789407944042,1,
0.316342345445152,0.335495179666959,0.58821186778176,0.510324483775811,0.456657506869848,1,
0.488376097812984,0.338299737072743,0.702309836718439,0.503063308373043,0.2560579565326,1,
0.371792664026175,0.356704645048203,0.592194344882517,0.702972543680508,0.193105171121659,1,
0.32271396590322,0.382296231375986,0.535643170051772,0.491263898343544,0.205845615788159,1,
0.27880144653005,0.186503067484663,0.247311827956989,0.22691173133651,0.606794903822133,1,
0.313414844153608,0.357931638913234,0.448028673835125,0.55071477195371,0.32075943042718,1,
0.446530049939728,0.337773882559159,0.639784946236559,0.6761969593828,0.668498626030477,1,
0.367831926984674,0.733917616126205,0.547590601354042,0.60403902881779,0.240569572820385,1,
0.421904597899087,0.472217353198948,0.662485065710872,0.258906285454958,0.280289782663003,1,
0.349405889443775,0.606485539000876,0.546993229788929,0.457680962105741,0.239320509617787,1,
0.456345789564319,0.32988606485539,0.62405416168857,0.694803721352394,0.694479140644517,1,
0.369209574651283,0.466257668711656,0.813022700119474,0.644883140458362,0.1796152885336,1,
0.348544859652144,0.415600350569676,0.664277180406213,0.594054912638983,0.48713464901324,1,
0.252281728947822,0.359859772129711,0.535444046196734,0.687315634218289,0.32075943042718,1,
0.310831754778715,0.323225241016652,0.429111907606531,0.546857272520989,0.32075943042718,1,
0.32633029102807,0.307099035933392,0.502190362405416,0.801906058543227,0.693729702722958,1,
0.363182366109867,0.364592462751972,0.748307447232178,0.572498298162015,0.629028228828379,1,
0.418977096607543,0.336722173531989,0.763440860215054,0.201497617426821,0.424181863602298,1,
0.219390390907525,0.102716914986854,0.571286340103544,0.238484229634672,0.240819385460904,1,
0.314103667986912,0.307274320771253,0.551772202309837,0.519854776491945,0.32075943042718,1,
0.412777682107801,0.419807186678352,0.723616089207487,0.475606988881325,0.246315263552336,1,
0.343895298777338,0.342331288343558,0.894066109119873,0.579759473564783,0.451161628778416,1,
0.440330635439986,0.465907099035933,0.779569892473118,0.235080553664624,0.255058705970522,1,
0.437230928190115,0.460823838737949,0.656113102349661,0.266167460857726,0.285785660754434,1,
0.376614430859308,0.562313759859772,0.666069295101553,0.728386657590197,0.201848613539845,1,
0.346995006027209,0.445223488168273,0.516129032258065,0.596550941683685,0.517112165875593,1,
0.3903909075254,0.655390008764242,0.575268817204301,0.650555933741774,0.230327254559081,1,
0.382813845359049,0.375109553023663,0.715651135005974,0.64692534604039,0.510117411941044,1,
0.356294127776821,0.728483786152498,0.502588610115492,0.676650782845473,0.238571071696228,1,
0.327363526778026,0.357756354075372,0.676821983273596,0.663943725890629,0.69198101423932,1,
0.434303426898571,0.415425065731814,0.741537236160892,0.614476968459269,0.664251811141644,1,
0.404339590149819,0.364767747589833,0.746515332536838,0.645790787383708,0.188858356232825,1,
0.395729292233511,0.512708150744961,0.787136598964556,0.519400953029272,0.257057207094679,1,
0.355088686068538,0.302541630148992,0.685981680605336,0.681642840934876,0.488383712215838,1,
0.385569140692268,0.32988606485539,0.770609318996416,0.641706376219651,0.709967524356732,1,
