540,5,2,
0.339417943860858,0.667484662576687,0.266427718040621,0.429543907420014,0.285785660754434,0,
0.516962286895126,0.553198948290973,0.28673835125448,0.32834127524393,0.295278541094179,0,
0.317547787153435,0.382997370727432,0.821585025886101,0.195824824143408,0.187109667749188,0,
0.761839159634923,0.284662576687117,0.401234567901235,0.409121851599728,0.299775168623532,0,
0.340451179610815,0.431726555652936,0.854440461967344,0.185613796233265,0.218336247814139,0,
0.45135181677286,0.385451358457493,0.327558741537236,0.340140685273429,0.302023482388209,0,
0.673153091096952,0.462927256792287,0.451214655515731,0.478783753120036,0.506869847614289,0,
0.283451007404856,0.299912357581069,0.438470728793309,0.47787610619469,0.107669248063952,0,
0.818839331840882,0.321647677475898,0.338510553564317,0.341729067392784,0.308518611041719,0,
0.421732391940761,0.679228746713409,0.471127041019514,0.665759019741321,0.238071446415189,0,
0.351472360943689,0.409114811568799,0.94205495818399,0.183571590651237,0.418436172870347,0,
0.267780265197176,0.482208588957055,0.709080047789725,0.177671885636487,0.32075943042718,0,
0.367487515068021,0.677651183172656,0.634607726005575,0.273882459723168,0.272545590806895,0,
0.563630101601515,0.430324276950044,0.446634806849861,0.309961425005673,0.647014738945791,0,
0.408300327191321,0.502191060473269,0.296495420151334,0.402087587928296,0.28853359980015,0,
0.334079559152747,0.503768624014023,0.495221027479092,0.421148173360563,0.363727204596553,0,
0.353022214568624,0.432427695004382,0.612305854241338,0.53188109825278,0.268048963277542,0,
0.558463922851731,0.582120946538124,0.306650736758264,0.330156569094622,0.346490132400699,0,
0.310142930945411,0.290972830850131,0.466547192353644,0.70024960290447,0.608043967024732,0,
0.350266919235405,0.491673970201577,0.787933094384707,0.210347174948945,0.468898326255309,0,
0.497847425520923,0.590359333917616,0.289924332935086,0.412525527569775,0.374718960779415,0,
0.356982951610126,0.497458369851008,0.469534050179211,0.432039936464715,0.32075943042718,0,
0.831065954882039,0.317090271691499,0.409199522102748,0.326752893124575,0.451661254059455,0,
0.583261580850697,0.568098159509203,0.300278773397053,0.325164511005219,0.295528353734699,0,
0.406406061649733,0.529710780017528,0.560135404221426,0.298842750170184,0.358231326505121,0,
0.315653521611848,0.338475021910605,0.660892074870569,0.856364874063989,0.32075943042718,0,
0.339245737902531,0.46327782646801,0.736559139784946,0.194690265486726,0.224831376467649,0,
0.633201308765283,0.473794916739702,0.302668259657507,0.412298615838439,0.297027229577817,0,
0.565868779059755,0.628045574057844,0.292911190760653,0.403222146584978,0.264801398950787,0,
0.378336490442569,0.685889570552147,0.247311827956989,0.425005672793283,0.27579315513365,0,
0.52040640606165,0.434706397896582,0.443249701314217,0.442931699568868,0.222083437421934,0,
0.842431548131565,0.350920245398773,0.524890481879729,0.312911277513047,0.300024981264052,0,
0.389357671775443,0.767747589833479,0.240939864595779,0.446789199001588,0.277042218336248,0,
0.350094713277079,0.304119193689746,0.642572680207089,0.690038574994327,0.133150137396952,0,
0.507490959187188,0.448729184925504,0.802867383512545,0.252552756977536,0.275043717212091,0,
0.491992422937834,0.685714285714286,0.278176025487853,0.517812570909916,0.458656007994005,0,
0.338040296194248,0.392638036809816,0.881322182397451,0.20285908781484,0.236572570572071,0,
0.395557086275185,0.829447852760736,0.242134607726006,0.505559337417744,0.272795403447414,0,
0.677458240055106,0.328308501314636,0.39705296694544,0.380077149988654,0.337996502623033,0,
0.15464095057689,0.387554776511832,0.305455993628037,0.436124347628772,0.207844116912316,0,
0.314792491820217,0.337423312883436,0.635404221425727,0.50260948491037,0.32075943042718,0,
0.728947821594627,0.279404031551271,0.389486260454002,0.395053324256864,0.304771421433925,0,
0.48768727397968,0.478702892199825,0.318996415770609,0.336056274109371,0.342493130152386,0,
0.556741863268469,0.53339176161262,0.297092791716448,0.457000226911731,0.645016237821634,0,
0.314275873945238,0.310780017528484,0.450816407805655,0.614476968459269,0.32075943042718,0,
0.82607198209058,0.33339176161262,0.408403026682597,0.421148173360563,0.30127404446665,0,
0.796452557258481,0.493602103418054,0.314416567104739,0.474245518493306,0.271546340244816,0,
0.61494747718271,0.370727432077125,0.394862604540024,0.388926707510778,0.281039220584562,0,
0.485620802479766,0.528834355828221,0.579450418160096,0.487860222373497,0.41693729702723,0,
0.84759772688135,0.321998247151621,0.332935085623258,0.395053324256864,0.305770671996003,0,
0.341140003444119,0.530411919368975,0.495021903624054,0.419105967778534,0.292030976767424,0,
0.445152402273119,0.73567046450482,0.280565511748307,0.319491717721806,0.291531351486385,0,
0.329774410194593,0.597370727432077,0.277777777777778,0.423871114136601,0.27554334249313,0,
0.389185465817117,0.467659947414549,0.745121465551573,0.247787610619469,0.26929802648014,0,
0.552436714310315,0.513935144609991,0.493827160493827,0.540503744043567,0.556082937796653,0,
0.333390735319442,0.297984224364592,0.445639187574671,0.67687769457681,0.831126655008743,0,
0.690029275012915,0.582296231375986,0.307447232178415,0.326072157930565,0.299025730701974,0,
0.430514895815395,0.57125328659071,0.757068896853843,0.247333787156796,0.400199850112416,0,
0.475805062855175,0.685714285714286,0.28036638789327,0.319037894259133,0.291781164126905,0,
0.546065093852247,0.468185801928133,0.451413779370769,0.393918765600182,0.264301773669748,0,
0.333735147236094,0.402103418054338,0.295698924731183,0.275243930111187,0.425930552085936,0,
0.397795763733425,0.726906222611744,0.535444046196734,0.286816428409349,0.563327504371721,0,
0.442052695023248,0.669062226117441,0.301075268817204,0.32312230542319,0.292530602048464,0,
0.33080764594455,0.454338299737073,0.620071684587814,0.473110959836624,0.271546340244816,0,
0.305665576028931,0.298510078878177,0.424930306650737,0.454958021329703,0.32075943042718,0,
0.345445152402273,0.408588957055215,0.949820788530466,0.148173360562741,0.32075943042718,0,
0.379541932150852,0.626643295354952,0.591995221027479,0.452235080553665,0.273544841368973,0,
0.329946616152919,0.2965819456617,0.436877737953007,0.581347855684139,0.686485136147889,0,
0.381608403650766,0.57475898334794,0.602747909199522,0.280462899931926,0.276792405695728,0,
0.237644222490098,0.129710780017528,0.631222620469932,0.214204674381666,0.203347489382963,0,
0.568451868434648,0.546362839614373,0.303663878932696,0.329929657363286,0.302523107669248,0,
0.336490442569313,0.651884312007011,0.500199123855038,0.773542092126163,0.184861353984512,0,
0.373686929567763,0.755652936021034,0.25647152528873,0.588382119355571,0.233075193604796,0,
0.45049078698123,0.687642418930763,0.280565511748307,0.254368050828228,0.565326005495878,0,
0.768555192009644,0.414723926380368,0.458383114297093,0.512820512820513,0.280039970022483,0,
0.894782159462717,0.360210341805434,0.417761847869375,0.294985250737463,0.261054209342993,0,
0.35991045290167,0.782120946538124,0.247112704101951,0.462219196732471,0.486635023732201,0,
0.324780437403134,0.479929886064855,0.587813620071685,0.506013160880417,0.32075943042718,0,
0.584811434475633,0.559859772129711,0.309239346873755,0.390288177898797,0.360229827629278,0,
0.850008610297916,0.336196319018405,0.333532457188371,0.343090537780803,0.306520109917562,0,
0.416049595315998,0.444347063978966,0.319593787335723,0.33741774449739,0.308268798401199,0,
0.402789736524884,0.631375985977213,0.709677419354839,0.263898343544361,0.259055708218836,0,
0.315825727570174,0.289745836985101,0.458183990442055,0.179941002949852,0.720209842618036,0,
0.358705011193387,0.753724802804557,0.257666268418957,0.304061719990924,0.282538096427679,0,
0.485793008438092,0.512883435582822,0.464954201513341,0.433401406852734,0.252060954284287,0,
0.667642500430515,0.47361963190184,0.321585025886101,0.339913773542092,0.342493130152386,0,
0.341656621319098,0.47467134092901,0.302070888092393,0.325391422736555,0.349737696727454,0,
0.576028930600999,0.332515337423313,0.815810434090004,0.227138643067847,0.265550836872346,0,
0.318064405028414,0.283260297984224,0.439466348068499,0.569321533923304,0.719210592055958,0,
0.630790425348717,0.526555652936021,0.29689366786141,0.334014068527343,0.34624031976018,0,
0.417427242982607,0.65977212971078,0.499402628434886,0.449058316314954,0.227579315513365,0,
0.335973824694334,0.411393514460999,0.781959378733572,0.207170410710234,0.259305520859355,0,
0.312898226278629,0.280981595092025,0.47331740342493,0.674381665532108,0.594304271796153,0,
0.79559152746685,0.310780017528484,0.342094782954998,0.376900385749943,0.308518611041719,0,
0.416049595315998,0.72410166520596,0.650338510553564,0.259813932380304,0.270547089682738,0,
0.517306698811779,0.446275197195443,0.316407805655117,0.385976855003404,0.344241818636023,0,
0.407611503358016,0.768098159509202,0.262046993229789,0.307465395960971,0.28878341244067,0,
0.312726020320303,0.302541630148992,0.460573476702509,0.617199909235307,0.32075943042718,0,
0.48097124160496,0.529184925503944,0.451612903225806,0.287950987066031,0.722458156382713,0,
0.713621491303599,0.28045574057844,0.390681003584229,0.394145677331518,0.305271046714964,0,
0.318925434820045,0.291498685363716,0.452608522500996,0.220785114590424,0.765425930552086,0,
0.331496469777854,0.670289219982471,0.250099561927519,0.421828908554572,0.364476642518111,0,
0.338729120027553,0.429447852760736,0.712066905615293,0.248695257544815,0.258306270297277,0,
0.434131220940244,0.580368098159509,0.282357626443648,0.325391422736555,0.360479640269798,0,
0.375064577234372,0.588957055214724,0.793508562325767,0.203993646471523,0.32075943042718,0,
0.473738591355261,0.714285714285714,0.27937076861808,0.427047878375312,0.475393454908818,0,
0.729120027552953,0.331814198071867,0.672441258462764,0.277966870887225,0.287034723957032,0,
0.439814017565008,0.608764241893076,0.290720828355237,0.429543907420014,0.271046714963777,0,
0.602032030308249,0.337773882559159,0.389884508164078,0.406625822555026,0.284786410192356,0,
0.678663681763389,0.369325153374233,0.430904022301872,0.337871567960064,0.30751936047964,0,
0.313931462028586,0.335319894829097,0.532058940661091,0.925119128658952,0.12165875593305,0,
0.420699156190804,0.458369851007888,0.752289924332935,0.262083049693669,0.406445166125406,0,
0.55312553814362,0.593339176161262,0.475906013540422,0.510324483775811,0.44241818636023,0,
0.404339590149819,0.704820333041192,0.267025089605735,0.30428863172226,0.285785660754434,0,
0.328913380402962,0.381069237510955,0.753882915173238,0.145450419786703,0.137896577566825,0,
0.83416566213191,0.185626643295355,0.395659099960175,0.385976855003404,0.292280789407944,0,
0.446013432064749,0.481507449605609,0.299482277976902,0.336737009303381,0.343242568073945,0,
0.358877217151713,0.530762489044698,0.814615690959777,0.213297027456319,0.32075943042718,0,
0.33976235577751,0.413146362839614,0.664675428116288,0.538461538461539,0.423432425680739,0,
0.808679180299638,0.341104294478528,0.38968538430904,0.343544361243476,0.312765425930552,0,
0.325124849319786,0.364066608238387,0.521704500199124,0.650782845473111,0.169372970272296,0,
0.378680902359222,0.569325153374233,0.205495818399044,0.279328341275244,0.374968773419935,0,
0.882727742379886,0.364592462751972,0.33452807646356,0.3380984796914,0.30751936047964,0,
0.464267263647322,0.45749342681858,0.425726802070888,0.334240980258679,0.340244816387709,0,
0.335112794902704,0.316213847502191,0.728594185583433,0.568867710460631,0.440669497876593,0,
0.307387635612192,0.284487291849255,0.421744324970131,0.484002722940776,0.32075943042718,0,
0.43568107456518,0.765644171779141,0.249701314217443,0.482868164284094,0.392705470896827,0,
0.320130876528328,0.355477651183173,0.570888092393469,0.828227819378262,0.165126155383462,0,
0.363182366109867,0.371078001752848,0.610513739545998,0.755162241887906,0.191606295278541,0,
0.342862063027381,0.436108676599474,0.82258064516129,0.557749035625142,0.228578566075443,0,
0.648183227139659,0.347765118317266,0.340900039824771,0.383027002496029,0.339245565825631,0,
0.329602204236267,0.3954425942156,0.841696535244922,0.606761969593828,0.44891331501374,0,
0.493886688479421,0.610517090271692,0.305455993628037,0.331064216019968,0.347989008243817,0,
0.336146030652661,0.636459246275197,0.560732775786539,0.486044928522805,0.383462403197602,0,
0.608920268641295,0.364241893076249,0.393269613699721,0.389153619242115,0.281289033225081,0,
0.370759428276218,0.333742331288344,0.635802469135802,0.786022237349671,0.181613789657757,0,
0.346995006027209,0.446801051709027,0.800278773397053,0.221465849784434,0.21159130652011,0,
0.342345445152402,0.388781770376862,0.747710075667065,0.680962105740867,0.207344491631277,0,
0.32633029102807,0.439439088518843,0.634408602150538,0.274109371454504,0.282787909068199,0,
0.741002238677458,0.431551270815074,0.566109119872561,0.469026548672566,0.286035473394954,0,
0.317547787153435,0.291323400525854,0.457387495021904,0.737236215112321,0.32075943042718,0,
0.581022903392457,0.541805433829974,0.634806849860613,0.304742455184933,0.291281538845866,0,
0.735491648011021,0.191411042944785,0.403026682596575,0.389834354436124,0.287534349238071,0,
0.314620285861891,0.371078001752848,0.788331342094783,0.164964828681643,0.32075943042718,0,
0.329602204236267,0.459421560035057,0.531660692951015,0.604946675743136,0.217087184611541,0,
0.461856380230756,0.702366345311131,0.248705694942254,0.418879056047198,0.362727954034474,0,
0.618908214224212,0.31375985977213,0.448626045400239,0.417063762196506,0.393704721458906,0,
0.348028241777165,0.499561787905346,0.768418956591,0.227819378261856,0.221333999500375,0,
0.773721370759428,0.282559158632778,0.618478693747511,0.287497163603358,0.394953784661504,0,
0.360427070776649,0.548466257668712,0.308243727598566,0.330837304288632,0.30102423182613,0,
0.327019114861374,0.482208588957055,0.736957387495022,0.210574086680281,0.236072945291032,0,
0.33304632340279,0.403155127081507,0.796296296296296,0.590878148400272,0.232575568323757,0,
0.393146202858619,0.674846625766871,0.494026284348865,0.425686407987293,0.382213339995004,0,
0.793869467883589,0.295530236634531,0.419753086419753,0.392557295212162,0.300524606545091,0,
0.639572929223351,0.328133216476775,0.341696535244922,0.345132743362832,0.311266550087434,0,
0.818322713965903,0.29535495179667,0.596575069693349,0.308373042886317,0.295278541094179,0,
0.384535904942311,0.607537248028046,0.488251692552768,0.413433174495121,0.295778166375219,0,
0.316514551403479,0.292199824715162,0.452807646356033,0.655547991831178,0.32075943042718,0,
0.361632512484932,0.398247151621385,0.80147351652728,0.232357612888586,0.244316762428179,0,
0.727053556053039,0.31603856266433,0.401234567901235,0.391876560018153,0.308018985760679,0,
0.488720509729637,0.611744084136722,0.28673835125448,0.417971409121852,0.273544841368973,0,
0.323747201653177,0.379141104294479,0.766029470330546,0.598366235534377,0.32075943042718,0,
0.55398656793525,0.440490797546012,0.451413779370769,0.415021556614477,0.27579315513365,0,
0.4423971069399,0.58965819456617,0.270609318996416,0.318810982527797,0.29502872845366,0,
0.342517651110728,0.458720420683611,0.915372361608921,0.180848649875199,0.236572570572071,0,
0.320130876528328,0.295004382120946,0.48068498606133,0.75879282958929,0.676492630527105,0,
0.506285517478905,0.385977212971078,0.322182397451215,0.341048332198775,0.337496877341994,0,
0.331152057861202,0.470464504820333,0.629828753484667,0.274336283185841,0.261304021983512,0,
0.332185293611159,0.427519719544259,0.759259259259259,0.599727705922396,0.32075943042718,0,
0.853969347339418,0.346538124452235,0.398048586220629,0.384161561152712,0.304271796152885,0,
0.404856208024798,0.675547765118317,0.543010752688172,0.43498978897209,0.32075943042718,0,
0.691234716721199,0.469412795793164,0.450219036240542,0.327433628318584,0.250811891081689,0,
0.316686757361805,0.379491673970202,0.814217443249701,0.196732471068754,0.168373719710217,0,
0.378680902359222,0.755477651183173,0.229589804858622,0.44860449285228,0.281289033225081,0,
0.342517651110728,0.373882559158633,0.724412584627638,0.187202178352621,0.238071446415189,0,
0.35095574306871,0.423137598597721,0.918757467144564,0.171772180621738,0.225580814389208,0,
0.345789564318925,0.690446976336547,0.260055754679411,0.420240526435217,0.364226829877592,0,
0.518339934561736,0.66432953549518,0.296495420151334,0.325164511005219,0.29502872845366,0,
0.319269846736697,0.37353198948291,0.715452011150936,0.181302473337872,0.32075943042718,0,
0.500086102979163,0.369149868536372,0.412783751493429,0.334921715452689,0.351236572570572,0,
0.363698983984846,0.374233128834356,0.779769016328156,0.798275470841842,0.176367724206845,0,
0.25951437919752,0.65398773006135,0.55057745917961,0.470161107329249,0.32075943042718,0,
0.473910797313587,0.630850131463628,0.276782158502589,0.316541865214432,0.50662003497377,0,
0.498019631479249,0.724802804557406,0.548785344484269,0.294077603812117,0.356732450662003,0,
0.377819872567591,0.541630148992112,0.610911987256073,0.461765373269798,0.273794654009493,0,
0.602204236266575,0.628921998247152,0.262445240939865,0.41093714545042,0.373220084936298,0,
0.741691062510763,0.295530236634531,0.386897650338511,0.379850238257318,0.342493130152386,0,
0.478560358188393,0.591586327782647,0.275587415372362,0.693442250964375,0.207094678990757,0,
0.769071809884622,0.287817703768624,0.595181202708084,0.289766280916723,0.387959030726955,0,
0.511107284312037,0.426117440841367,0.809040223018718,0.230769230769231,0.268798401199101,0,
0.282589977613225,0.29307624890447,0.478693747510952,0.211708645336964,0.0094928803397452,0,
0.354055450318581,0.496056091148116,0.616089207487057,0.268890401633764,0.272545590806895,0,
0.402100912691579,0.767922874671341,0.521505376344086,0.429090083957341,0.370971771171621,0,
0.525055966936456,0.686415425065732,0.275388291517324,0.415702291808486,0.430926804896328,0,
0.41191665231617,0.439439088518843,0.694743130227001,0.513728159745859,0.264801398950787,0,
0.593421732391941,0.514460999123576,0.311827956989247,0.330837304288632,0.303022732950287,0,
0.340623385569141,0.548115687992989,0.572281959378734,0.464942137508509,0.273045216087934,0,
0.339934561735836,0.795267309377739,0.262046993229789,0.452008168822328,0.529103172620535,0,
0.330463234027897,0.41262050832603,0.840700915969733,0.204447469934196,0.32075943042718,0,
0.831582572757017,0.287116564417178,0.644763042612505,0.280009076469253,0.28828378715963,0,
0.324436025486482,0.307099035933392,0.552568697729988,0.917177218062174,0.109667749188109,0,
0.319614258653349,0.331463628396144,0.631819992035046,0.776718856364874,0.32075943042718,0,
0.362321336318237,0.588080631025416,0.291716447630426,0.318810982527797,0.296777416937297,0,
0.343034268985707,0.615950920245399,0.772202309836718,0.514408894939868,0.32075943042718,0,
0.483898742896504,0.360385626643295,0.337116686579052,0.378942591331972,0.344241818636023,0,
0.304460134320648,0.280280455740578,0.456590999601752,0.650555933741774,0.32075943042718,0,
0.260892026864129,0.117616126205083,0.203305455993628,0.213523939187656,0.240819385460904,0,
0.621491303599105,0.483610867659947,0.414774990043807,0.388019060585432,0.302273295028728,0,
0.648183227139659,0.564767747589834,0.530067702110713,0.306784660766962,0.361728703472396,0,
0.355088686068538,0.656967572304996,0.263639984070092,0.294304515543454,0.272545590806895,0,
0.419665920440847,0.671516213847502,0.270011947431302,0.416609938733833,0.25655758181364,0,
0.5576028930601,0.331113058720421,0.345280764635603,0.377808032675289,0.338496127904072,0,
0.361804718443258,0.378264680105171,0.747311827956989,0.0846380757885183,0.212340744441669,0,
0.820905803340796,0.185276073619632,0.450219036240542,0.40639891082369,0.300274793904572,0,
0.745824005510591,0.338475021910605,0.33910792512943,0.380984796914,0.305520859355483,0,
0.509729636645428,0.354425942156003,0.338709677419355,0.384161561152712,0.347989008243817,0,
0.777854313759256,0.360385626643295,0.333731581043409,0.408668028137055,0.298775918061454,0,
0.357327363526778,0.595092024539877,0.484866587017125,0.429316995688677,0.28853359980015,0,
0.365421043568107,0.809991235758107,0.261449621664675,0.312684365781711,0.287534349238071,0,
0.363698983984846,0.45749342681858,0.526284348864994,0.455184933061039,0.286535098675993,0,
0.382986051317376,0.692725679228747,0.548387096774194,0.467891990015884,0.272295778166375,0,
0.368176338901326,0.781419807186678,0.259259259259259,0.432266848196052,0.510617037222083,0,
0.856380230755984,0.285363716038563,0.595778574273198,0.308146131154981,0.299775168623532,0,
0.33976235577751,0.540753724802805,0.52568697729988,0.434082142046744,0.361229078191356,0,
0.306698811778888,0.299386503067485,0.473118279569892,0.569775357385977,0.32075943042718,0,
0.3903909075254,0.552322524101665,0.589008363201912,0.437485818016791,0.32075943042718,0,
0.495264336146031,0.596143733567046,0.296097172441258,0.416383027002496,0.287034723957032,0,
0.765455484759773,0.193339176161262,0.39705296694544,0.380757885182664,0.338995753185111,0,
0.612536593766144,0.430674846625767,0.325169255276782,0.34331744951214,0.336747439420435,0,
0.310315136903737,0.337072743207713,0.482676224611708,0.549807125028364,0.520609542842868,0,
0.306354399862235,0.294829097283085,0.489446435682995,0.476514635806671,0.223332500624532,0,
0.333562941277768,0.409465381244522,0.873755475906013,0.166326299069662,0.47414439170622,0,
0.774237988634407,0.329184925503944,0.4778972520908,0.514635806671205,0.420934299275543,0,
0.259342173239194,0.586327782646801,0.540223018717642,0.473110959836624,0.32075943042718,0,
0.330291028069571,0.375635407537248,0.625248904818797,0.838211935557068,0.157132150886835,0,
0.898226278629241,0.169325153374233,0.397451214655516,0.377808032675289,0.337996502623033,0,
0.441536077148269,0.496406660823839,0.315013938669853,0.329248922169276,0.344991256557582,0,
0.326674702944722,0.585451358457493,0.735563520509757,0.222600408441116,0.262303272545591,0,
0.328052350611331,0.454513584574934,0.757467144563919,0.160426594054913,0.32075943042718,0,
0.306871017737214,0.300788781770377,0.438271604938272,0.218742909008396,0.709218086435174,0,
0.414327535732736,0.731288343558282,0.518120270808443,0.312911277513047,0.293030227329503,0,
0.402445324608231,0.750043821209465,0.527479091995221,0.273428636260495,0.287034723957032,0,
0.342689857069055,0.378264680105171,0.707487056949422,0.556160653505786,0.32075943042718,0,
0.343378680902359,0.441191936897458,0.873954599761051,0.195371000680735,0.238321259055708,0,
0.518684346478388,0.472918492550394,0.303663878932696,0.32902201043794,0.33974519110667,0,
0.314792491820217,0.294127957931639,0.47889287136599,0.836396641706376,0.164376717461904,0,
0.53383847081109,0.409640666082384,0.421943448825169,0.394826412525528,0.279290532100924,0,
0.783192698467367,0.364592462751972,0.618876941457587,0.288404810528704,0.289532850362228,0,
0.547959359393835,0.495880806310254,0.467941059338909,0.452461992285001,0.273295028728454,0,
0.562596865851558,0.384574934268186,0.621863799283154,0.594962559564329,0.460404696477642,0,
0.325813673153091,0.323575810692375,0.880326563122262,0.204901293396869,0.420434673994504,0,
0.86912347167212,0.317090271691499,0.410195141377937,0.509870660313138,0.27579315513365,0,
0.523161701394868,0.505170902716915,0.461768219832736,0.475833900612662,0.580064951286535,0,
0.456517995522645,0.656266432953549,0.28494623655914,0.458134785568414,0.5515863102673,0,
0.359221629068366,0.495004382120947,0.604540023894863,0.470614930791922,0.384211841119161,0,
0.312553814361977,0.298334794040315,0.459776981282358,0.754027683231223,0.32075943042718,0,
0.867229206130532,0.191586327782647,0.390880127439267,0.342182890855457,0.340994254309268,0,
0.348028241777165,0.517966695880806,0.789326961369972,0.23144996596324,0.252060954284287,0,
0.617702772515929,0.675197195442594,0.29868578255675,0.324937599273882,0.293280039970022,0,
0.700017220595833,0.282033304119194,0.394464356829948,0.393918765600182,0.306020484636523,0,
0.301877044945755,0.268185801928133,0.40163281561131,0.468345813478557,0.32075943042718,0,
0.618219390390907,0.409465381244522,0.458582238152131,0.441797140912185,0.276042967774169,0,
0.500602720854141,0.418229623137599,0.321585025886101,0.339913773542092,0.307019735198601,0,
0.325641467194765,0.301840490797546,0.491039426523298,0.482187429090084,0.32075943042718,0,
0.352333390735319,0.3977212971078,0.704101951413779,0.562287270251872,0.458656007994005,0,
0.342517651110728,0.449079754601227,0.867980884109916,0.208758792829589,0.231326505121159,0,
0.354055450318581,0.381069237510955,0,0.253460403902882,0.247314514114414,0,
0.460823144480799,0.703943908851884,0.511748307447232,0.552303154073066,0.255058705970522,0,
0.905975546753918,0.184049079754601,0.398645957785743,0.341275243930111,0.337247064701474,0,
0.420182538315826,0.626643295354952,0.239147749900438,0.302019514408895,0.284536597551836,0,
0.40743929739969,0.558282208588957,0.62863401035444,0.26072157930565,0.195353484886335,0,
0.415705183399346,0.698510078878177,0.270011947431302,0.414567733151804,0.281039220584562,0,
0.31823661098674,0.319368974583699,0.587017124651533,0.564556387565237,0.52560579565326,0,
0.363698983984846,0.691849255039439,0.508363201911589,0.484910369866122,0.32075943042718,0,
0.336662648527639,0.31954425942156,0.733572281959379,0.571136827773996,0.434673994504122,0,
0.741518856552437,0.449605609114812,0.437275985663082,0.55593374177445,0.268298775918061,0,
0.521439641811607,0.575284837861525,0.26563122262047,0.404129793510324,0.3847114664002,0,
0.498536249354228,0.502015775635408,0.294504181600956,0.332652598139324,0.300024981264052,0,
0.355777509901843,0.535319894829097,0.527877339705297,0.446335375538915,0.270297277042218,0,
0.397623557775099,0.470815074496056,0.214257268020709,0.297254368050828,0.272545590806895,0,
0.395729292233511,0.547765118317266,0.458383114297093,0.31858407079646,0.32075943042718,0,
0.733597382469433,0.189833479404032,0.340501792114695,0.384161561152712,0.306270297277042,0,
0.376442224900982,0.510254163014899,0.70131421744325,0.249829816201498,0.26255308518611,0,
0.342517651110728,0.378439964943032,0.714456391875747,0.548218742909008,0.442917811641269,0,
0.230239366282073,0.551095530236635,0.563520509757069,0.277513047424552,0.251061703722208,0,
0.719648699845015,0.340578439964943,0.343090402230187,0.344225096437486,0.309767674244317,0,
0.569829516101257,0.612094653812445,0.265033851055356,0.234626730201951,0.32075943042718,0,
0.490959187187877,0.495179666958808,0.315611310234966,0.335148627184025,0.342243317511866,0,
0.476149474771827,0.628571428571429,0.266228594185583,0.415929203539823,0.406195353484886,0,
0.456862407439297,0.362489044697634,0.740342493030665,0.575675062400726,0.227829128153885,0,
0.425865334940589,0.855915863277826,0.231182795698925,0.302019514408895,0.285785660754434,0,
0.449801963147925,0.511305872042068,0.418757467144564,0.38620376673474,0.337496877341994,0,
0.406406061649733,0.529710780017528,0.560135404221426,0.418652144315861,0.358231326505121,0,
0.678319269846737,0.388606485539001,0.433492632417364,0.414340821420467,0.459655258556083,0,
0.336490442569313,0.584399649430324,0.565113500597372,0.496482868164284,0.678740944291781,0,
0.372309281901154,0.708150744960561,0.539028275587415,0.467891990015884,0.381214089432925,0,
0.315825727570174,0.290271691498685,0.451214655515731,0.707510778307238,0.708218835873095,0,
0.365076631651455,0.580543382997371,0.288729589804859,0.460403902881779,0.443167624281789,0,
0.61270879972447,0.563014899211218,0.280167264038232,0.398230088495575,0.265550836872346,0,
0.496814189770966,0.62524101665206,0.268020708880924,0.319945541184479,0.32075943042718,0,
0.50111933872912,0.437160385626643,0.817801672640382,0.255048786022237,0.274544091931052,0,
0.471844325813673,0.370026292725679,0.332337714058144,0.373950533242569,0.32075943042718,0,
0.323747201653177,0.344084136722174,0.508562325766627,0.758565917857953,0.139645266050462,0,
0.337351472360944,0.299386503067485,0.546196734368777,0.894712956659859,0.112665500874344,0,
0.758567246426726,0.327081507449606,0.33452807646356,0.339686861810756,0.355233574818886,0,
0.329257792319614,0.41612620508326,0.754082039028276,0.235988200589971,0.32075943042718,0,
0.319442052695023,0.322699386503067,0.460573476702509,0.216927615157704,0.32075943042718,0,
0.49888066127088,0.477475898334794,0.433293508562326,0.40049920580894,0.350487134649013,0,
0.334079559152747,0.409640666082384,0.441855834328953,0.460630814613115,0.460904321758681,0,
0.759772688135009,0.299912357581069,0.682397451214655,0.278647606081234,0.28853359980015,0,
0.361460306526606,0.789482909728308,0.261648745519713,0.310642160199682,0.285535848113915,0,
0.307732047528844,0.335144609991236,0.229589804858622,0.898797367823917,0.32075943042718,0,
0.35319442052695,0.465907099035933,0.576662684189566,0.469480372135239,0.267549337996503,0,
0.401928706733253,0.634355828220859,0.539028275587415,0.278647606081234,0.368973270047464,0,
0.404684002066471,0.741454864154251,0.211071286340104,0.290447016110733,0.282538096427679,0,
0.731014293094541,0.287992988606486,0.342493030665074,0.378488767869299,0.336247814139395,0,
0.932667470294472,0.329009640666082,0.41636798088411,0.461765373269798,0.290282288283787,0,
0.350266919235405,0.310078878177038,0.553763440860215,0.852280462899932,0.101174119410442,0,
0.889615980712933,0.316914986853637,0.336320191158901,0.383480825958702,0.33999500374719,0,
0.536249354227656,0.336196319018405,0.39426523297491,0.39074200136147,0.269547839120659,0,
0.336662648527639,0.482909728308501,0.656511350059737,0.47787610619469,0.270047464401699,0,
0.678319269846737,0.400525854513585,0.333731581043409,0.387111413660086,0.343992005995503,0,
0.51007404856208,0.599474145486415,0.280565511748307,0.407079646017699,0.362228328753435,0,
0.336834854485965,0.602629272567923,0.596575069693349,0.238030406171999,0.259805146140395,0,
0.366798691234717,0.68624014022787,0.634010354440462,0.274336283185841,0.272045965525856,0,
0.316342345445152,0.389307624890447,0.80326563122262,0.185159972770592,0.32075943042718,0,
0.403306354399862,0.670990359333918,0.510155316606929,0.478103017926027,0.271046714963777,0,
0.641639400723265,0.415074496056091,0.448426921545201,0.477195371000681,0.47439420434674,0,
0.238333046323403,0.481156879929886,0.719832735961768,0.223508055366462,0.460904321758681,0,
0.391424143275357,0.68045574057844,0.666268418956591,0.461311549807125,0.273295028728454,0,
0.516962286895126,0.651358457493427,0.292114695340502,0.322668481960517,0.376967274544092,0,
0.359738246943344,0.665030674846626,0.521306252489048,0.514862718402541,0.620534599050712,0,
0.907180988462201,0.181770376862401,0.39426523297491,0.34263671431813,0.309767674244317,0,
0.394868262441881,0.712357581069238,0.533452807646356,0.282505105513955,0.613789657756682,0,
0.436025486481832,0.821560035056968,0.248904818797292,0.493306103925573,0.396952285785661,0,
0.7472016531772,0.48851884312007,0.312624452409399,0.51168595416383,0.258306270297277,0,
0.411744446357844,0.694653812445224,0.273397052966945,0.413886997957794,0.263302523107669,0,
0.3791975202342,0.612795793163891,0.53126244524094,0.301338779214885,0.281289033225081,0,
0.329774410194593,0.442243645924627,0.544802867383512,0.61311549807125,0.203347489382963,0,
0.568451868434648,0.618229623137599,0.580047789725209,0.489448604492852,0.278790906819885,0,
0.917685551920096,0.411042944785276,0.334328952608522,0.34785568413887,0.310267299525356,0,
0.857413466505941,0.328483786152498,0.426125049780964,0.463807578851827,0.362228328753435,0,
0.635267780265197,0.578790534618756,0.486857825567503,0.317903335602451,0.295278541094179,0,
0.635267780265197,0.674320771253287,0.291517323775388,0.327660540049921,0.298276292780415,0,
0.334596177027725,0.448904469763365,0.648944643568299,0.233038348082596,0.252060954284287,0,
0.35319442052695,0.339000876424189,0.876344086021505,0.544588155207624,0.408943292530602,0,
0.356294127776821,0.766871165644172,0.527877339705297,0.517585659178579,0.32075943042718,0,
0.52040640606165,0.434706397896582,0.443249701314217,0.442931699568868,0.222083437421934,0,
0.311003960737042,0.288343558282209,0.469733174034249,0.314499659632403,0.212090931801149,0,
0.577406578267608,0.36091148115688,0.344086021505376,0.373496709779896,0.332500624531601,0,
0.395384880316859,0.735495179666959,0.275587415372362,0.413660086226458,0.369722707969023,0,
0.393662820733597,0.632778264680105,0.629828753484667,0.275470841842523,0.278790906819885,0,
0.678835887721715,0.459596844872918,0.50278773397053,0.320399364647152,0.371221583812141,0,
0.594454968141898,0.605433829973707,0.463958582238152,0.408668028137055,0.289782663002748,0,
0.346306182193904,0.4943032427695,0.447232178414974,0.427728613569322,0.292530602048464,0,
0.657654554847598,0.419106047326906,0.333731581043409,0.385069208078058,0.305271046714964,0,
0.338384708110901,0.462751971954426,0.911190760653126,0.181756296800545,0.32075943042718,0,
0.35767177544343,0.32410166520596,0.724810832337714,0.674154753800772,0.225830627029728,0,
0.323402789736525,0.367046450482033,0.718040621266428,0.646471522577717,0.32075943042718,0,
0.54417082831066,0.372129710780018,0.452409398645958,0.33287950987066,0.304271796152885,0,
0.262097468572413,0.563891323400526,0.758861011549184,0.211254821874291,0.260054958780914,0,
0.470466678147064,0.668361086765995,0.265232974910394,0.422282732017245,0.472395703222583,0,
0.678319269846737,0.191060473269062,0.445838311429709,0.710233719083277,0.207594304271796,0,
0.479765799896676,0.436459246275197,0.30884109916368,0.331971862945314,0.305770671996003,0,
0.379714138109179,0.700438212094654,0.261449621664675,0.291581574767415,0.32075943042718,0,
0.47063888410539,0.541454864154251,0.311628833134209,0.326979804855911,0.299775168623532,0,
0.355777509901843,0.305170902716915,0.540023894862604,0.797594735647833,0.174868848363727,0,
0.258136731530911,0.42296231375986,0.526881720430108,0.267302019514409,0.370971771171621,0,
0,0.00841367221735321,0.452807646356033,0.404583616972998,0.32075943042718,0,
0.70552781126227,0.305521472392638,0.412783751493429,0.341048332198775,0.33949537846615,0,
0.927156879628035,0.296056091148116,0.343090402230187,0.342863626049467,0.333749687734199,0,
0.315825727570174,0.346713409290096,0.668857029072083,0.839800317676424,0.32075943042718,0,
0.320303082486654,0.452059596844873,0.630824372759857,0.457680962105741,0.276042967774169,0,
0.327535732736353,0.495880806310254,0.769215452011151,0.562287270251872,0.32075943042718,0,
0.442569312898226,0.720946538124452,0.537037037037037,0.296119809394146,0.28228828378716,0,
0.367659721026347,0.662751971954426,0.567702110712863,0.473791695030633,0.247064701473895,0,
0.462372998105734,0.426117440841367,0.717443249701314,0.512820512820513,0.251561329003248,0,
0.437058722231789,0.552497808939527,0.285543608124253,0.425913319718629,0.213339995003747,0,
0.356121921818495,0.764241893076249,0.227598566308244,0.466757431359201,0.491131651261554,0,
0.415532977441019,0.589132340052585,0.562126642771804,0.631495348309508,0.226080439670247,0,
0.773721370759428,0.282559158632778,0.618478693747511,0.287497163603358,0.394703972020984,0,
0.373514723609437,0.684312007011394,0.667064914376742,0.533696392103472,0.260554584061954,0,
0.376614430859308,0.562313759859772,0.666069295101553,0.728386657590197,0.201848613539845,1,
0.378164284484243,0.366520595968449,0.789326961369972,0.221465849784434,0.500874344241819,1,
0.360599276734975,0.521121822962314,0.531859816806053,0.460403902881779,0.395453409942543,1,
0.500258308937489,0.359158632778265,0.902429311031462,0.22169276151577,0.261803647264552,1,
0.371620458067849,0.367572304995618,0.467941059338909,0.617880644429317,0.569822633025231,1,
0.320647494403306,0.32410166520596,0.556152927120669,0.829135466303608,0.10866849862603,1,
0.381091785775788,0.328133216476775,0.751891676622859,0.580894032221466,0.184111916062953,1,
0.386257964525573,0.32182296231376,0.658701712465153,0.660993873383254,0.759680239820135,1,
0.32271396590322,0.397020157756354,0.465153325368379,0.607669616519174,0.542093429927554,1,
0.311348372653694,0.304820333041192,0.46594982078853,0.606081234399819,0.32075943042718,1,
0.31823661098674,0.350394390885188,0.580446037435285,0.705014749262537,0.482638021483887,1,
0.370931634234544,0.369149868536372,0.656113102349661,0.62355343771273,0.221583812140894,1,
0.545720681935595,0.463628396143734,0.697530864197531,0.252325845246199,0.279040719460405,1,
0.335973824694334,0.315687992988606,0.487853444842692,0.656228727025187,0.825630776917312,1,
0.377992078525917,0.665381244522349,0.222023098367184,0.295665985931473,0.283787159630277,1,
0.446013432064749,0.570902716914987,0.651732377538829,0.663489902427955,0.249562827879091,1,
0.490270363354572,0.337423312883436,0.704898446833931,0.502836396641706,0.258805895578316,1,
0.362837954193215,0.690622261174408,0.765232974910394,0.266621284320399,0.274294279290532,1,
0.465644911313931,0.324978089395267,0.683193946634807,0.790787383707738,0.50012490632026,1,
0.306871017737214,0.292725679228747,0.448426921545201,0.171999092353075,0.848613539845116,1,
0.329946616152919,0.372129710780018,0.520708880923935,0.756296800544588,0.32075943042718,1,
0.322369553986568,0.30464504820333,0.752887295898048,0.576355797594736,0.0696977267049713,1,
0.347683829860513,0.448378615249781,0.514536041417762,0.673247106875425,0.137147139645266,1,
0.327535732736353,0.361086765994741,0.540223018717642,0.436578171091445,0.637022233325006,1,
0.375408989151025,0.495880806310254,0.859816806053365,0.201724529158157,0.421184111916063,1,
0.372825899776132,0.719719544259422,0.624850657108722,0.496029044701611,0.273295028728454,1,
0.345617358360599,0.382120946538124,0.825169255276782,0.538461538461539,0.162628028978266,1,
0.281212329946616,0.182471516213848,0.246515332536838,0.766507828454731,0.149138146390207,1,
0.314275873945238,0.407887817703769,0.492433293508562,0.682777399591559,0.32075943042718,1,
0.344067504735664,0.430674846625767,0.512345679012346,0.651463580667121,0.135898076442668,1,
0.355777509901843,0.459070990359334,0.540223018717642,0.544588155207624,0.431676242817887,1,
0.311003960737042,0.367922874671341,0.428116288331342,0.615157703653279,0.562827879090682,1,
0.312037196486998,0.322699386503067,0.186379928315412,0.723848422963467,0.122408193854609,1,
0.454451524022731,0.478001752848379,0.679012345679012,0.654413433174495,0.207094678990757,1,
0.462372998105734,0.696056091148116,0.523297491039426,0.448150669389607,0.278041468898326,1,
0.457895643189254,0.636108676599474,0.601354042214257,0.442477876106195,0.276792405695728,1,
0.363182366109867,0.346187554776512,0.676025487853445,0.850692080780576,0.138895828128903,1,
0.401239882899948,0.407887817703769,0.709080047789725,0.639664170637622,0.636522608043967,1,
0.399173411400034,0.387554776511832,0.648745519713262,0.634445200816882,0.233574818885836,1,
0.332874117444464,0.352673093777388,0.549382716049383,0.83027002496029,0.0959280539595304,1,
0.348889271568796,0.312708150744961,0.73257666268419,0.722033129112775,0.690482138396203,1,
0.344756328568968,0.346538124452235,0.621465551573078,0.788291354663036,0.196102922807894,1,
0.377131048734286,0.310078878177038,0.698128235762644,0.601769911504425,0.228078940794404,1,
0.371620458067849,0.394566170026293,0.755276782158503,0.216927615157704,0.718461154134399,1,
0.31152057861202,0.315337423312883,0.516726403823178,0.514181983208532,0.480139895078691,1,
0.377819872567591,0.647677475898335,0.572680207088809,0.529385069208078,0.248063952035973,1,
0.444291372481488,0.625591586327783,0.68199920350458,0.491944633537554,0.276292780414689,1,
0.358705011193387,0.754601226993865,0.251294305057746,0.599273882459723,0.233325006245316,1,
0.34423971069399,0.347940403155127,0.68936678614098,0.551849330610393,0.497127154634024,1,
0.474083003271913,0.333041191936897,0.746714456391876,0.697980485591105,0.161878591056707,1,
0.428104012398829,0.328308501314636,0.671246515332537,0.752893124574541,0.131651261553835,1,
0.426037540898915,0.415249780893953,0.774392672242134,0.210800998411618,0.519860104921309,1,
0.360082658859997,0.479579316389132,0.64058144165671,0.740639891082369,0.200599550337247,1,
0.345272946443947,0.416301489921122,0.600358422939068,0.660086226457908,0.0786909817636773,1,
0.280179094196659,0.188781770376862,0.274392672242135,0.707964601769911,0.0249812640519611,1,
0.350439125193732,0.374408413672217,0.523496614894464,0.575221238938053,0.536847364476643,1,
0.337179266402618,0.35512708150745,0.529470330545599,0.842750170183799,0.32075943042718,1,
0.38952987773377,0.452234881682734,0.828554360812425,0.207170410710234,0.250811891081689,1,
0.413294299982779,0.658545135845749,0.6121067303863,0.481733605627411,0.517112165875593,1,
0.398828999483382,0.364592462751972,0.799880525686977,0.234853641933288,0.263302523107669,1,
0.344928534527295,0.466257668711656,0.740342493030665,0.231223054231904,0.32075943042718,1,
0.413810917857758,0.38387379491674,0.680605336519315,0.566371681415929,0.694479140644517,1,
0.318925434820045,0.324802804557406,0.529271206690561,0.554345359655094,0.569822633025231,1,
0.317375581195109,0.328308501314636,0.487256073277579,0.610619469026549,0.457656757431926,1,
0.38952987773377,0.41489921121823,0.711469534050179,0.518266394372589,0.238321259055708,1,
0.355949715860169,0.453111305872042,0.680007964954201,0.71454504197867,0.32075943042718,1,
0.331840881694507,0.386503067484663,0.472122660294703,0.789425913319719,0.616537596802398,1,
0.395557086275185,0.43102541630149,0.740342493030665,0.22237349670978,0.26305271046715,1,
0.421387980024109,0.412971078001753,0.631023496614894,0.132289539369185,0.750936797401949,1,
0.315653521611848,0.321297107800175,0.566507367582636,0.549353301565691,0.201598800899326,1,
0.432925779231961,0.399298860648554,0.777976901632816,0.59882005899705,0.581563827129653,1,
0.460650938522473,0.420157756354075,0.809239346873755,0.220331291127751,0.247314514114414,1,
0.390046495608748,0.437160385626643,0.672043010752688,0.241660993873383,0.691231576317762,1,
0.309626313070432,0.35407537248028,0.421545201115094,0.56569094622192,0.651011741194104,1,
0.333218529361116,0.35056967572305,0.56710473914775,0.660993873383254,0.170871846115413,1,
0.328913380402962,0.312182296231376,0.46594982078853,0.192874971636034,0.32075943042718,1,
0.416910625107629,0.49079754601227,0.74352847471127,0.528023598820059,0.645016237821634,1,
0.483037713104873,0.716739702015776,0.571883711668658,0.302019514408895,0.283537346989758,1,
0.33166867573618,0.37931638913234,0.922540820390283,0.172906739278421,0.222832875343492,1,
0.357499569485104,0.465731814198072,0.769812823576264,0.544361243476288,0.562827879090682,1,
0.316514551403479,0.346538124452235,0.603146156909598,0.70546857272521,0.32075943042718,1,
0.362665748234889,0.683786152497809,0.763042612504978,0.265032902201044,0.276542593055209,1,
0.586705700017221,0.508501314636284,0.452409398645958,0.445200816882233,0.32075943042718,1,
0.317203375236783,0.409815950920245,0.487256073277579,0.651917404129794,0.32075943042718,1,
0.353711038401929,0.415249780893953,0.884109916367981,0.193555706830043,0.22458156382713,1,
0.315136903736869,0.354425942156003,0.445639187574671,0.180394826412526,0.32075943042718,1,
0.389874289650422,0.313234005258545,0.792512943050577,0.564329475833901,0.445915563327504,1,
0.312726020320303,0.316389132340053,0.5147351652728,0.358747447243022,0.32075943042718,1,
0.386774582400551,0.311305872042068,0.772003185981681,0.571136827773996,0.730202348238821,1,
0.314275873945238,0.371779141104295,0.494424532058941,0.819378261856138,0.32075943042718,1,
0.353366626485276,0.327432077125329,0.795101553166069,0.538007714998865,0.413439920059955,1,
0.376442224900982,0.428396143733567,0.469334926324174,0.225550260948491,0.611541343992006,1,
0.533149646977785,0.524978089395267,0.709876543209876,0.27501701837985,0.286285286035473,1,
0.540210091269158,0.567397020157756,0.678215850258861,0.486498751985478,0.279540344741444,1,
0.452557258481143,0.672743207712533,0.277379530067702,0.578851826639437,0.24981264051961,1,
0.421560185982435,0.435933391761613,0.521903624054162,0.562060358520535,0.52585560829378,1,
0.355949715860169,0.370727432077125,0.533851055356432,0.673247106875425,0.623532350736947,1,
0.347167211985535,0.369851007887818,0.535244922341696,0.669389607442705,0.619535348488633,1,
0.409161356982952,0.623663453111306,0.634607726005575,0.61833446789199,0.244066949787659,1,
0.387980024108834,0.299211218229623,0.694544006371963,0.520762423417291,0.493130152385711,1,
0.318408816945066,0.34478527607362,0.549382716049383,0.835035171318357,0.140394703972021,1,
0.432753573273635,0.628396143733567,0.596176821983273,0.587247560698888,0.517112165875593,1,
0.369381780609609,0.374408413672217,0.766626841895659,0.68595416383027,0.32075943042718,1,
0.342517651110728,0.384925503943909,0.681003584229391,0.955979124120717,0.12190856857357,1,
0.311692784570346,0.342331288343558,0.54500199123855,0.862491490810075,0.32075943042718,1,
0.47287756156363,0.430850131463628,0.847869374751095,0.245972316768777,0.266300274793905,1,
0.332357499569485,0.302366345311131,0.469135802469136,0.74903562514182,0.745191106669997,1,
0.350266919235405,0.334268185801928,0.557745917960972,0.834581347855684,0.644766425181114,1,
0.314620285861891,0.359509202453988,0.421146953405018,0.476741547538008,0.32075943042718,1,
0.396073704150164,0.478878177037686,0.856232576662684,0.199682323576129,0.252810392205846,1,
0.439469605648355,0.522699386503067,0.820589406610912,0.238938053097345,0.266050462153385,1,
0.337179266402618,0.440841367221735,0.788132218239745,0.20739732244157,0.214838870846865,1,
0.40072326502497,0.385276073619632,0.759657506969335,0.236215112321307,0.224831376467649,1,
0.284139831238161,0.306222611744084,0.546794105933891,0.277739959155888,0.231576317761679,1,
0.317375581195109,0.264855390008764,0.536041417761848,0.246199228500113,0.116662503122658,1,
0.394523850525228,0.429097283085013,0.660095579450418,0.209666439754935,0.746689982513115,1,
0.381780609609092,0.497808939526731,0.679012345679012,0.692534604039029,0.208093929552835,1,
0.386430170483899,0.669588080631025,0.591596973317403,0.624007261175403,0.232075943042718,1,
0.325641467194765,0.370552147239264,0.620868180007965,0.750850918992512,0.166125405945541,1,
0.367143103151369,0.340403155127081,0.757467144563919,0.203993646471523,0.434923807144642,1,
0.339590149819184,0.376511831726556,0.694942254082039,0.560698888132516,0.226580064951287,1,
0.632168073015326,0.636108676599474,0.280963759458383,0.327660540049921,0.298526105420934,1,
0.316858963320131,0.287291849255039,0.42552767821585,0.438393464942137,0.55108668498626,1,
0.391940761150336,0.329184925503944,0.753285543608124,0.622645790787384,0.71796152885336,1,
0.404684002066471,0.44943032427695,0.633014735165273,0.58384388472884,0.695978016487634,1,
0.316858963320131,0.370026292725679,0.431700517722023,0.487179487179487,0.32075943042718,1,
0.397106939900121,0.61840490797546,0.656909597769813,0.64692534604039,0.251811141643767,1,
0.343895298777338,0.348466257668712,0.844086021505376,0.179714091218516,0.575568323757182,1,
0.446357843981402,0.337773882559159,0.639784946236559,0.6761969593828,0.668498626030477,1,
0.395729292233511,0.512182296231376,0.788530465949821,0.518720217835262,0.25655758181364,1,
0.404856208024798,0.707099035933392,0.541019514137794,0.563648740639891,0.240569572820385,1,
0.316858963320131,0.284312007011393,0.477499004380725,0.664851372815975,0.790407194604047,1,
0.315653521611848,0.317966695880806,0.558144165671047,0.23213070115725,0.481388958281289,1,
0.311003960737042,0.343908851884312,0.413181999203505,0.461538461538462,0.556582563077692,1,
0.259169967280868,0.395968448729185,0.639386698526483,0.19832085318811,0.567574319260555,1,
0.374547959359394,0.410692375109553,0.642373556352051,0.537553891536192,0.795903072695478,1,
0.419493714482521,0.364066608238387,0.727399442453206,0.853641933287951,0.182862852860355,1,
0.382297227484071,0.405258545135846,0.609119872560733,0.601996823235761,0.766175368473645,1,
0.384363698983985,0.41840490797546,0.548187972919156,0.911277513047425,0.143892080939296,1,
0.350266919235405,0.385276073619632,0.54320987654321,0.559337417744497,0.516862353235074,1,
0.467194764938867,0.551095530236635,0.756670649143767,0.254141139096891,0.277292030976767,1,
0.362665748234889,0.410692375109553,0.599163679808841,0.823235761288859,0.32075943042718,1,
0.349405889443775,0.372830850131464,0.520708880923935,0.575901974132063,0.538845865600799,1,
0.309798519028758,0.370902716914987,0.197132616487455,0.762877240753347,0.170372220834374,1,
0.527983468228001,0.500262927256792,0.72978892871366,0.263898343544361,0.283287534349238,1,
0.329257792319614,0.363365468886941,0.54320987654321,0.447923757658271,0.623032725455908,1,
0.386430170483899,0.354951796669588,0.776782158502589,0.249149081007488,0.491881089183113,1,
0.345617358360599,0.320070113935145,0.631819992035046,0.712049012933969,0.765176117911566,1,
0.350094713277079,0.56669588080631,0.601354042214257,0.520762423417291,0.665001249063203,1,
0.34647838815223,0.421560035056968,0.573675826363998,0.648513728159746,0.32075943042718,1,
0.394523850525228,0.448203330411919,0.65810434090004,0.54163830270025,0.702473145141144,1,
0.528672292061305,0.401752848378615,0.512345679012346,0.503517131835716,0.401948538596053,1,
0.474083003271913,0.333041191936897,0.746515332536838,0.697980485591105,0.161878591056707,1,
0.422765627690718,0.440666082383874,0.528076463560335,0.613342409802587,0.471646265301024,1,
0.305493370070604,0.2943032427695,0.52389486260454,0.785114590424325,0.1668748438671,1,
0.339590149819184,0.35512708150745,0.446435682994823,0.611754027683231,0.188608543592306,1,
0.412777682107801,0.415425065731814,0.749701314217443,0.549353301565691,0.69223082687984,1,
0.436369898398485,0.297808939526731,0.605137395459976,0.802813705468573,0.596802398201349,1,
