540,5,2,
0.339073531944205,0.499386503067485,0.590800477897252,0.252325845246199,0.405196102922808,0,
0.374031341484415,0.611568799298861,0.288331342094783,0.277739959155888,0.723207594304272,0,
0.379369726192526,0.862401402278703,0.248506571087216,0.470614930791922,0.278291281538846,0,
0.751334596177028,0.188255915863278,0.339705296694544,0.383934649421375,0.336497626779915,0,
0.389185465817117,0.648378615249781,0.512544802867383,0.421828908554572,0.370472145890582,0,
0.447391079731359,0.478878177037686,0.294504181600956,0.333106421601997,0.32075943042718,0,
0.514895815395213,0.569149868536372,0.29410593389088,0.42001361470388,0.277292030976767,0,
0.363871189943172,0.398247151621385,0.935284747112704,0.585205355116859,0.228578566075443,0,
0.574134665059411,0.319018404907975,0.386897650338511,0.386430678466077,0.277541843617287,0,
0.377475460650939,0.544960560911481,0.609916367980884,0.460403902881779,0.368723457406945,0,
0.768210780092991,0.348466257668712,0.333134209478295,0.377808032675289,0.311766175368474,0,
0.50111933872912,0.550043821209465,0.541417761847869,0.463807578851827,0.395953035223582,0,
0.344756328568968,0.457142857142857,0.710075667064914,0.209212616292262,0.245316012990257,0,
0.340795591527467,0.444522348816827,0.870171246515333,0.183571590651237,0.226580064951287,0,
0.334596177027725,0.428220858895706,0.716049382716049,0.228273201724529,0.32075943042718,0,
0.552608920268641,0.569500438212095,0.470330545599363,0.654413433174495,0.237571821134149,0,
0.501808162562425,0.53339176161262,0.314615690959777,0.334240980258679,0.345740694479141,0,
0.333907353194421,0.340929009640666,0.86399840700916,0.571363739505332,0.425181114164377,0,
0.316858963320131,0.297283085013146,0.453205894066109,0.818243703199455,0.0911816137896578,0,
0.243154813156535,0.150394390885188,0.120071684587814,0.0916723394599501,0.504121908568574,0,
0.408989151024625,0.593865030674847,0.502588610115492,0.415021556614477,0.290532100924307,0,
0.334940588944377,0.317440841367222,0.759458383114297,0.558202859087815,0.472645515863103,0,
0.415532977441019,0.703768624014023,0.65531660692951,0.259360108917631,0.271046714963777,0,
0.33976235577751,0.417879053461876,0.746515332536838,0.751531654186521,0.32075943042718,0,
0.361115894609953,0.744609991235758,0.236160892074871,0.477422282732017,0.32075943042718,0,
0.346306182193904,0.695179666958808,0.270808442851454,0.314953483095076,0.254559080689483,0,
0.616152918890994,0.388957055214724,0.514336917562724,0.723848422963467,0.209342992755433,0,
0.650938522472878,0.356529360210342,0.340900039824771,0.343544361243476,0.336497626779915,0,
0.340451179610815,0.421735319894829,0.911987256073278,0.202632176083504,0.32075943042718,0,
0.599621146891682,0.370376862401402,0.332935085623258,0.384842296346721,0.340994254309268,0,
0.375753401067677,0.605258545135846,0.749900438072481,0.248922169276152,0.259305520859355,0,
0.385052522817289,0.434706397896582,0.616089207487057,0.28999319264806,0.383962028478641,0,
0.332701911486137,0.69307624890447,0.499800876144962,0.721125482187429,0.200349737696727,0,
0.52264508351989,0.468361086765995,0.319394663480685,0.338552303154073,0.307019735198601,0,
0.368520750817978,0.403856266432954,0.906810035842294,0.651463580667121,0.217586809892581,0,
0.453934906147753,0.625065731814198,0.517921146953405,0.600181529385069,0.423432425680739,0,
0.759083864301705,0.327256792287467,0.33452807646356,0.339686861810756,0.355483387459405,0,
0.403134148441536,0.580192813321648,0.53126244524094,0.304742455184933,0.290032475643268,0,
0.395557086275185,0.51726555652936,0.661688570290721,0.251418198320853,0.271546340244816,0,
0.337007060444291,0.435056967572305,0.826164874551971,0.22237349670978,0.32075943042718,0,
0.816772860340968,0.17703768624014,0.392871365989646,0.342409802586794,0.30751936047964,0,
0.384019287067333,0.631200701139351,0.255276782158503,0.316541865214432,0.352985261054209,0,
0.324436025486482,0.451007887817704,0.711668657905217,0.245518493306104,0.268298775918061,0,
0.363698983984846,0.425416301489921,0.757068896853843,0.237803494440663,0.260554584061954,0,
0.801790941966592,0.295705521472393,0.648944643568299,0.298388926707511,0.28878341244067,0,
0.586533494058894,0.623488168273444,0.293906810035842,0.48763331064216,0.446665001249063,0,
0.332357499569485,0.539176161262051,0.284348864994026,0.435897435897436,0.290781913564826,0,
0.538143619769244,0.551446099912358,0.313620071684588,0.328114363512594,0.351986010492131,0,
0.421904597899087,0.595267309377739,0.281362007168459,0.314953483095076,0.32075943042718,0,
0.328913380402962,0.487116564417178,0.520310633213859,0.501701837985024,0.32075943042718,0,
0.306354399862235,0.297808939526731,0.428912783751493,0.467665078284547,0.470147389457907,0,
0.471672119855347,0.674496056091148,0.286340103544405,0.323349217154527,0.294029477891581,0,
0.542965386602376,0.331113058720421,0.399044205495818,0.392330383480826,0.302772920309768,0,
0.464439469605648,0.564943032427695,0.528076463560335,0.694349897889721,0.220834374219335,0,
0.421043568107456,0.727081507449606,0.26284348864994,0.302246426140231,0.541593804646515,0,
0.385052522817289,0.738299737072743,0.563719633612107,0.461084638075789,0.32075943042718,0,
0.869295677630446,0.184224364592463,0.340900039824771,0.342863626049467,0.30751936047964,0,
0.330979851902876,0.499211218229623,0.626045400238949,0.242114817336056,0.32075943042718,0,
0.403478560358188,0.67589833479404,0.553166069295101,0.454731109598366,0.375218586060455,0,
0.670053383847081,0.309377738825592,0.392672242134608,0.38688450192875,0.28203847114664,0,
0.632512484931979,0.492375109553024,0.299482277976902,0.409121851599728,0.295528353734699,0,
0.308937489237128,0.299561787905346,0.41636798088411,0.252325845246199,0.577816637521859,0,
0.318581022903392,0.348466257668712,0.642572680207089,0.87451781257091,0.32075943042718,0,
0.654727053556053,0.294829097283085,0.34468339307049,0.380304061719991,0.309018236322758,0,
0.335801618736008,0.410692375109553,0.763042612504978,0.246879963694123,0.255308518611042,0,
0.475460650938522,0.788781770376862,0.237355635205098,0.304742455184933,0.361229078191356,0,
0.458928878939211,0.595793163891323,0.622859418558343,0.491036986612208,0.534599050711966,0,
0.786809023592216,0.421384750219106,0.467144563918757,0.472203312911277,0.287284536597552,0,
0.319614258653349,0.431551270815074,0.669852648347272,0.257090991604266,0.267299525355983,0,
0.707077664887205,0.194040315512708,0.406013540422143,0.403675970047651,0.304271796152885,0,
0.322369553986568,0.399649430324277,0.771405814416567,0.182437031994554,0.177866600049963,0,
0.33166867573618,0.356003505696757,0.506172839506173,0.753800771499887,0.32075943042718,0,
0.357499569485104,0.453286590709904,0.806252489048188,0.223054231903789,0.32075943042718,0,
0.259169967280868,0.0757230499561788,0.739944245320589,0.13455865668255,0.32075943042718,0,
0.362321336318237,0.441717791411043,0.730983671843887,0.586793737236215,0.32075943042718,0,
0.417599448940933,0.682383873794917,0.259856630824373,0.314499659632403,0.32075943042718,0,
0.443258136731531,0.450131463628396,0.306849860613301,0.398457000226912,0.293779665251062,0,
0.593938350266919,0.367747589833479,0.333134209478295,0.385069208078058,0.341743692230827,0,
0.322025142069916,0.313234005258545,0.499203504579849,0.190832766054005,0.32075943042718,0,
0.435336662648528,0.606310254163015,0.266029470330546,0.312230542319038,0.284036972270797,0,
0.579817461684174,0.367922874671341,0.394862604540024,0.386657590197413,0.342992755433425,0,
0.691234716721199,0.350744960560911,0.344882516925528,0.345359655094168,0.332750437172121,0,
0.678835887721715,0.426818580192813,0.333532457188371,0.383707737690039,0.306769922558081,0,
0.339073531944205,0.296056091148116,0.494623655913978,0.872929430451554,0.144641518860854,0,
0.357327363526778,0.547589833479404,0.503982477100757,0.449739051508963,0.32075943042718,0,
0.374031341484415,0.827519719544259,0.259856630824373,0.500567279328341,0.271046714963777,0,
0.425520923023937,0.685714285714286,0.228395061728395,0.455411844792376,0.245815638271297,0,
0.308593077320475,0.334092900964067,0.485862206292314,0.550487860222374,0.32075943042718,0,
0.314275873945238,0.284312007011393,0.454400637196336,0.499432720671659,0.0809392955283537,0,
0.314448079903565,0.36091148115688,0.658303464755078,0.687996369412299,0.450911816137897,0,
0.431375925607026,0.69535495179667,0.521306252489048,0.308146131154981,0.353235073694729,0,
0.355088686068538,0.523926380368098,0.830943847072879,0.214431586113002,0.32075943042718,0,
0.343723092819012,0.588606485539001,0.653126244524094,0.52598139323803,0.241568823382463,0,
0.508179783020492,0.398071866783523,0.327160493827161,0.379850238257318,0.32075943042718,0,
0.403306354399862,0.560560911481157,0.299880525686977,0.326752893124575,0.32075943042718,0,
0.33752367831927,0.332340052585451,0.493827160493827,0.633083730428863,0.32075943042718,0,
0.361804718443258,0.435758106923751,0.773994424532059,0.202178352620831,0.24381713714714,0,
0.444291372481488,0.608238387379492,0.471724412584628,0.428182437031995,0.262303272545591,0,
0.32942999827794,0.486415425065732,0.560533651931501,0.435443612434763,0.32075943042718,0,
0.453246082314448,0.635758106923751,0.265432098765432,0.312911277513047,0.32075943042718,0,
0.332529705527811,0.657843996494303,0.497610513739546,0.761515770365328,0.184611541343992,0,
0.355605303943516,0.573707274320771,0.307447232178415,0.327660540049921,0.298026480139895,0,
0.316170139486826,0.312708150744961,0.474512146555157,0.51168595416383,0.32075943042718,0,
0.333735147236094,0.312182296231376,0.679410593389088,0.67165872475607,0.49362977766675,0,
0.332529705527811,0.315162138475022,0.60015929908403,0.781257090991604,0.545340994254309,0,
0.547442741518857,0.386678352322524,0.423934687375548,0.405945087361017,0.297277042218336,0,
0.417255037024281,0.359333917616126,0.813620071684588,0.20739732244157,0.420934299275543,0,
0.694162218012743,0.346888694127958,0.341696535244922,0.387792148854096,0.308018985760679,0,
0.315309109695195,0.382997370727432,0.729191557148546,0.169503063308373,0.21808643517362,0,
0.318581022903392,0.30692375109553,0.510752688172043,0.776038121170864,0.32075943042718,0,
0.341312209402445,0.537423312883436,0.527279968140183,0.433401406852734,0.360979265550837,0,
0.348889271568796,0.521121822962314,0.797092791716448,0.22759246653052,0.24981264051961,0,
0.569485104184605,0.637861524978089,0.287136598964556,0.409121851599728,0.361478890831876,0,
0.36576545548476,0.648904469763365,0.562923138191955,0.477422282732017,0.518611041718711,0,
0.33976235577751,0.586327782646801,0.71505376344086,0.51690492398457,0.32075943042718,0,
0.656965731014293,0.57125328659071,0.54599761051374,0.315180394826413,0.357731701224082,0,
0.794041673841915,0.36319018404908,0.329549980087614,0.418652144315861,0.297526854858856,0,
0.322541759944894,0.303768624014023,0.480087614496217,0.223961878829135,0.32075943042718,0,
0.66919235405545,0.481682734443471,0.289924332935086,0.331291127751305,0.299525355983013,0,
0.484931978646461,0.663453111305872,0.286340103544405,0.410483321987747,0.289782663002748,0,
0.540726709144136,0.606310254163015,0.286340103544405,0.415248468345813,0.372970272295778,0,
0.349750301360427,0.52182296231376,0.791716447630426,0.227138643067847,0.251311516362728,0,
0.880661270879972,0.179842243645925,0.390083632019116,0.341955979124121,0.30751936047964,0,
0.87807818150508,0.333742331288344,0.33452807646356,0.340821420467438,0.309018236322758,0,
0.388668847942139,0.669763365468887,0.278773397052967,0.428863172226004,0.616787409442918,0,
0.650594110556225,0.424539877300613,0.334129828753485,0.380077149988654,0.341743692230827,0,
0.362837954193215,0.415074496056091,0.753086419753086,0.23734967097799,0.25655758181364,0,
0.647322197348028,0.51954425942156,0.511549183592194,0.320399364647152,0.359980014988758,0,
0.37695884277596,0.82418930762489,0.253484667463162,0.49739051508963,0.273544841368973,0,
0.636817633890133,0.469062226117441,0.326164874551971,0.340594508736102,0.346739945041219,0,
0.338384708110901,0.485539000876424,0.528275587415372,0.445200816882233,0.285785660754434,0,
0.368348544859652,0.584049079754601,0.821784149741139,0.188109825277967,0.32075943042718,0,
0.378164284484243,0.617703768624014,0.598964555953803,0.450646698434309,0.272045965525856,0,
0.603926295849836,0.424364592462752,0.324970131421744,0.340140685273429,0.337746689982513,0,
0.459273290855864,0.622611744084137,0.305057745917961,0.325845246199229,0.294029477891581,0,
0.358532805235061,0.662751971954426,0.544802867383512,0.229407760381212,0.32075943042718,0,
0.338384708110901,0.485363716038563,0.498606133014735,0.428182437031995,0.349487884086935,0,
0.274496297571896,0.328659070990359,0.641178813221824,0.358747447243022,0.32075943042718,0,
0.345617358360599,0.742331288343558,0.267622461170848,0.315634218289086,0.3719710217337,0,
0.393318408816945,0.481507449605609,0.293508562325767,0.322668481960517,0.302772920309768,0,
0.358532805235061,0.539702015775635,0.520708880923935,0.442931699568868,0.275043717212091,0,
0.355260892026864,0.368273444347064,0.846674631620868,0.716814159292035,0.190107419435423,0,
0.733252970552781,0.330937773882559,0.477100756670649,0.466530519627865,0.405945540844367,0,
0.459273290855864,0.703943908851884,0.280764635603345,0.282278193782619,0.523857107169623,0,
0.334940588944377,0.294653812445223,0.515929908403027,0.8738370773769,0.32075943042718,0,
0.369726192526261,0.412795793163891,0.752289924332935,0.185386884501929,0.219335498376218,0,
0.648011021181333,0.436108676599474,0.329749103942652,0.382119355570683,0.347489382962778,0,
0.320647494403306,0.330411919368975,0.485463958582238,0.891309280689812,0.126655008743442,0,
0.376786636817634,0.614548641542507,0.686379928315412,0.490356251418198,0.26255308518611,0,
0.5055966936456,0.572655565293602,0.292114695340502,0.31858407079646,0.294029477891581,0,
0.724814878594799,0.398071866783523,0.443647949024293,0.334467891990016,0.306020484636523,0,
0.643361460306527,0.464855390008764,0.465153325368379,0.443385523031541,0.287034723957032,0,
0.324608231444808,0.425065731814198,0.857825567502987,0.200363058770138,0.223332500624532,0,
0.35457206819356,0.331814198071867,0.633412982875348,0.521896982073973,0.530102423182613,0,
0.518684346478388,0.448553900087642,0.449223416965352,0.443839346494214,0.223082687984012,0,
0.516101257103496,0.49079754601227,0.311230585424134,0.431813024733379,0.32075943042718,0,
0.323574995694851,0.424539877300613,0.728195937873357,0.242114817336056,0.32075943042718,0,
0.504219045978991,0.391060473269062,0.416965352449223,0.383253914227366,0.341244066949788,0,
0.264163940072326,0.0958808063102542,0.141975308641975,0.246879963694123,0.32075943042718,0,
0.375236783192698,0.586678352322524,0.293309438470729,0.408668028137055,0.295778166375219,0,
0.35095574306871,0.316213847502191,0.725607327757865,0.628999319264806,0.569822633025231,0,
0.325985879111417,0.350920245398773,0.638590203106332,0.72884048105287,0.172620534599051,0,
0.390046495608748,0.575109553023663,0.564715252887296,0.240753346948037,0.790657007244567,0,
0.358705011193387,0.454688869412796,0.59099960175229,0.489221692761516,0.267799150637022,0,
0.743929739969003,0.422261174408414,0.648745519713262,0.304515543453597,0.294029477891581,0,
0.353711038401929,0.596669588080631,0.596575069693349,0.220558202859088,0.649013240069948,0,
0.694678835887722,0.465030674846626,0.412982875348467,0.407079646017699,0.296527604296777,0,
0.848803168589633,0.354250657318142,0.416766228594186,0.300204220558203,0.472395703222583,0,
0.340795591527467,0.388957055214724,0.855635205097571,0.238484229634672,0.244066949787659,0,
0.350094713277079,0.459070990359334,0.566706491437674,0.461992285001135,0.271046714963777,0,
0.357499569485104,0.577563540753725,0.493827160493827,0.296346721125482,0.272045965525856,0,
0.559497158601687,0.687817703768624,0.271007566706491,0.477422282732017,0.398950786909818,0,
0.947477182710522,0.163716038562664,0.393468737554759,0.340140685273429,0.307019735198601,0,
0.4535904942311,0.761612620508326,0.266626841895659,0.411617880644429,0.465900574569073,0,
0.523161701394868,0.505170902716915,0.461768219832736,0.476060812343998,0.580064951286535,0,
0.323574995694851,0.493602103418054,0.595181202708084,0.495121397776265,0.32075943042718,0,
0.312037196486998,0.337423312883436,0.62226204699323,0.857499432720672,0.114414189357982,0,
0.356638539693473,0.415249780893953,0.920350457984866,0.180394826412526,0.32075943042718,0,
0.45496814189771,0.401928133216477,0.320390282755874,0.383027002496029,0.349737696727454,0,
0.327363526778026,0.50464504820333,0.528076463560335,0.432039936464715,0.366475143642268,0,
0.344584122610642,0.531288343558282,0.609318996415771,0.786249149081007,0.161129153135149,0,
0.386085758567246,0.780543382997371,0.252090800477897,0.586566825504879,0.253310017486885,0,
0.358705011193387,0.408588957055215,0.808641975308642,0.580213297027456,0.456657506869848,0,
0.442569312898226,0.647852760736196,0.269016328156113,0.313818924438393,0.289033225081189,0,
0.322369553986568,0.389307624890447,0.810234966148945,0.167687769457681,0.210592055958031,0,
0.316170139486826,0.297283085013146,0.507566706491438,0.714318130247334,0.32075943042718,0,
0.427587394523851,0.771779141104295,0.278574273197929,0.427728613569322,0.420434673994504,0,
0.826244188048906,0.29535495179667,0.633612106730386,0.285228046289993,0.289283037721709,0,
0.715171344928534,0.388255915863278,0.439466348068499,0.443839346494214,0.427929053210092,0,
0.836232133631824,0.326730937773883,0.403624054161689,0.343998184706149,0.310766924806395,0,
0.402789736524884,0.775985977212971,0.271007566706491,0.316541865214432,0.289033225081189,0,
0.457034613397624,0.689921121822962,0.281362007168459,0.629906966190152,0.226580064951287,0,
0.30704322369554,0.29307624890447,0.432497013142174,0.624461084638076,0.650761928553585,0,
0.545204064060617,0.530061349693252,0.45957785742732,0.422963467211255,0.27579315513365,0,
0.339934561735836,0.427870289219982,0.650935882118678,0.485364193328795,0.224831376467649,0,
0.364387807818151,0.302541630148992,0.548785344484269,0.610165645563876,0.514364226829878,0,
0.750301360427071,0.309903593339176,0.34010354440462,0.340594508736102,0.337247064701474,0,
0.325985879111417,0.599298860648554,0.572082835523696,0.253914227365555,0.32075943042718,0,
0.488031685896332,0.387204206836109,0.334727200318598,0.374631268436578,0.340244816387709,0,
0.88841053900465,0.316389132340053,0.336121067303863,0.383253914227366,0.339245565825631,0,
0.748751506802135,0.344434706397897,0.333930704898447,0.376900385749943,0.312015988008993,0,
0.33166867573618,0.550920245398773,0.287136598964556,0.432947583390061,0.291031726205346,0,
0.384535904942311,0.781419807186678,0.275388291517324,0.297481279782165,0.24381713714714,0,
0.633201308765283,0.473794916739702,0.302668259657507,0.412298615838439,0.297277042218336,0,
0.177716548992595,0.108326029798422,0.285145360414178,0.326299069661902,0.298526105420934,0,
0.371448252109523,0.75863277826468,0.277379530067702,0.315861130020422,0.279290532100924,0,
0.871189943172034,0.31603856266433,0.581242532855436,0.298842750170184,0.296527604296777,0,
0.771999311176167,0.28501314636284,0.343488649940263,0.378034944406626,0.305520859355483,0,
0.32495264336146,0.430499561787905,0.665870171246515,0.230542319037894,0.268298775918061,0,
0.472016531771999,0.688343558282209,0.286539227399442,0.32312230542319,0.294029477891581,0,
0.32633029102807,0.44364592462752,0.661091198725607,0.26072157930565,0.32075943042718,0,
0.337868090235922,0.360385626643295,0.530067702110713,0.750850918992512,0.32075943042718,0,
0.427415188565524,0.544259421560035,0.277379530067702,0.322895393691854,0.347739195603298,0,
0.722059583261581,0.279053461875548,0.344086021505376,0.37712729748128,0.309018236322758,0,
0.495780954021009,0.465381244522349,0.317005177220231,0.337644656228727,0.304771421433925,0,
0.354055450318581,0.798247151621385,0.281959378733572,0.448377581120944,0.524106919810142,0,
0.345272946443947,0.518667835232252,0.295698924731183,0.32902201043794,0.298775918061454,0,
0.856208024797658,0.357581069237511,0.336917562724014,0.339459950079419,0.30776917312016,0,
0.920268641294989,0.181069237510955,0.394663480684986,0.342409802586794,0.309517861603797,0,
0.85879111417255,0.352673093777388,0.41816009557945,0.556387565237123,0.270547089682738,0,
0.359566040985018,0.4,0.826563122262047,0.209893351486272,0.246814888833375,0,
0.340795591527467,0.477125328659071,0.957387495021904,0.188109825277967,0.32075943042718,0,
0.320819700361632,0.327957931638913,0.463759458383114,0.181302473337872,0.848363727204597,0,
0.347511623902187,0.534092900964067,0.636399840700916,0.270251872021783,0.261304021983512,0,
0.396418116066816,0.626993865030675,0.254878534448427,0.313592012707057,0.290532100924307,0,
0.818322713965903,0.191761612620508,0.395260852250099,0.341048332198775,0.303022732950287,0,
0.400895470983296,0.723575810692375,0.514336917562724,0.470614930791922,0.565825630776917,0,
0.724642672636473,0.484312007011393,0.45957785742732,0.394599500794191,0.395453409942543,0,
0.761322541759945,0.346888694127958,0.343090402230187,0.344452008168822,0.334748938296278,0,
0.724987084553125,0.194566170026293,0.405416168857029,0.394826412525528,0.297776667499375,0,
0.352677802651972,0.315863277826468,0.556750298685783,0.879282958928977,0.0804396702473145,0,
0.913897020836921,0.332865907099036,0.429908403026683,0.432947583390061,0.292280789407944,0,
0.446013432064749,0.774583698510079,0.255874153723616,0.453369639210347,0.404946290282288,0,
0.383330463234028,0.612971078001753,0.252090800477897,0.437712729748128,0.32075943042718,0,
0.372137075942828,0.335144609991236,0.623058542413381,0.761061946902655,0.194604046964776,0,
0.335629412777682,0.459947414548641,0.904619673436878,0.194917177218062,0.224831376467649,0,
0.303943516445669,0.281507449605609,0.449024293110315,0.698434309053778,0.165126155383462,0,
0.464956087480627,0.547239263803681,0.432696136997212,0.413660086226458,0.279790157381964,0,
0.395557086275185,0.763365468886941,0.278574273197929,0.427274790106649,0.554833874594054,0,
0.365248837609781,0.638913234005259,0.582238152130625,0.482641252552757,0.257806645016238,0,
0.368348544859652,0.590184049079755,0.495021903624054,0.461765373269798,0.32075943042718,0,
0.638884105390046,0.420157756354075,0.434488251692553,0.339459950079419,0.308018985760679,0,
0.527294644394696,0.460473269062226,0.459776981282358,0.446108463807579,0.251811141643767,0,
0.504046840020665,0.519018404907975,0.303663878932696,0.400272294077604,0.297526854858856,0,
0.417943860857586,0.506222611744084,0.475308641975309,0.412298615838439,0.374219335498376,0,
0.384708110900637,0.654688869412796,0.268219832735962,0.437031994554118,0.592305770671996,0,
0.696056483554331,0.548992112182296,0.297291915571485,0.601089176310415,0.251811141643767,0,
0.838126399173411,0.32532865907099,0.33452807646356,0.397776265032902,0.305021234074444,0,
0.742379886344067,0.348466257668712,0.395659099960175,0.38234626730202,0.30751936047964,0,
0.909247459962115,0.31954425942156,0.428116288331342,0.436805082822782,0.291031726205346,0,
0.472533149646978,0.67011393514461,0.287534846674632,0.323576128885863,0.294029477891581,0,
0.868090235922163,0.184399649430324,0.34189565909996,0.343090537780803,0.308018985760679,0,
0.404856208024798,0.697984224364593,0.560334528076464,0.489221692761516,0.263802148388708,0,
0.795074909591872,0.409290096406661,0.46136997212266,0.456773315180395,0.41693729702723,0,
0.575856724642673,0.579666958808063,0.478295499800876,0.642840934876333,0.247564326754934,0,
0.330291028069571,0.483610867659947,0.634010354440462,0.266167460857726,0.404946290282288,0,
0.379714138109179,0.570727432077125,0.850457984866587,0.216700703426367,0.240569572820385,0,
0.422765627690718,0.81262050832603,0.269613699721227,0.416383027002496,0.282787909068199,0,
0.560702600309971,0.605083260297984,0.289127837514934,0.322895393691854,0.359480389707719,0,
0.572068193559497,0.574583698510079,0.300677021107129,0.327887451781257,0.355983012740445,0,
0.686585155846392,0.191586327782647,0.405814416567105,0.398683911958248,0.299525355983013,0,
0.350439125193732,0.4965819456617,0.821784149741139,0.20353982300885,0.32075943042718,0,
0.304115722403995,0.282383873794917,0.433293508562326,0.228500113455866,0.854359230577067,0,
0.430687101773721,0.736371603856267,0.578255675029869,0.277286135693215,0.32075943042718,0,
0.342345445152402,0.512357581069238,0.554161688570291,0.452461992285001,0.277292030976767,0,
0.340795591527467,0.71375985977213,0.28215850258861,0.411164057181756,0.360979265550837,0,
0.352677802651972,0.468185801928133,0.896256471525289,0.200363058770138,0.240569572820385,0,
0.345961770277252,0.489219982471516,0.739944245320589,0.233719083276605,0.32075943042718,0,
0.650594110556225,0.393514460999124,0.394663480684986,0.387338325391423,0.341493879590307,0,
0.80368520750818,0.492375109553024,0.437873357228196,0.329248922169276,0.302273295028728,0,
0.691923540554503,0.552673093777388,0.292114695340502,0.583616972997504,0.249562827879091,0,
0.395729292233511,0.510078878177038,0.29231381919554,0.324256864079873,0.302023482388209,0,
0.410883416566213,0.803856266432954,0.258462763839108,0.307692307692308,0.359980014988758,0,
0.791802996383675,0.315687992988606,0.570688968538431,0.305650102110279,0.296027979015738,0,
0.338212502152574,0.456266432953549,0.897252090800478,0.214658497844339,0.226829877591806,0,
0.446357843981402,0.501489921121823,0.420151334129829,0.385523031540731,0.337996502623033,0,
0.307732047528844,0.307099035933392,0.582437275985663,0.793510324483776,0.32075943042718,0,
0.333390735319442,0.297984224364592,0.445639187574671,0.67687769457681,0.831126655008743,0,
0.352677802651972,0.682559158632778,0.283950617283951,0.426140231449966,0.225081189108169,0,
0.348028241777165,0.647677475898335,0.252090800477897,0.291354663036079,0.254808893330003,0,
0.627174100223868,0.339000876424189,0.390282755874154,0.404810528704334,0.286035473394954,0,
0.602032030308249,0.382997370727432,0.425328554360812,0.401633764465623,0.288033974519111,0,
0.34200103323575,0.475547765118317,0.607128634010354,0.464942137508509,0.389957531851112,0,
0.602376442224901,0.544609991235758,0.29689366786141,0.326979804855911,0.29502872845366,0,
0.401067676941622,0.747940403155127,0.21505376344086,0.42977081915135,0.32075943042718,0,
0.511623902187016,0.538124452234882,0.300278773397053,0.267075107783072,0.693979515363477,0,
0.342862063027381,0.382997370727432,0.715452011150936,0.54163830270025,0.447914064451661,0,
0.323747201653177,0.322173531989483,0.612704101951414,0.684592693442251,0.0691981014239321,0,
0.387463406233856,0.653111305872042,0.674432497013142,0.24574540503744,0.32075943042718,0,
0.399345617358361,0.767572304995618,0.482676224611708,0.574540503744044,0.238571071696228,0,
0.332874117444464,0.490096406660824,0.773596176821983,0.588382119355571,0.599050711966026,0,
0.371792664026175,0.562489044697634,0.289326961369972,0.32312230542319,0.295278541094179,0,
0.317547787153435,0.357581069237511,0.712066905615293,0.630360789652825,0.32075943042718,0,
0.883244360254865,0.390008764241893,0.326762246117085,0.390288177898797,0.407944041968524,0,
0.396590322025142,0.79193689745837,0.251891676622859,0.297481279782165,0.224831376467649,0,
0.620113655932495,0.320595968448729,0.400438072481083,0.393011118674835,0.282787909068199,0,
0.713621491303599,0.28045574057844,0.390681003584229,0.394145677331518,0.305021234074444,0,
0.364732219734803,0.674496056091148,0.261648745519713,0.454050374404357,0.283037721708718,0,
0.85879111417255,0.308326029798422,0.464755077658303,0.517585659178579,0.259555333499875,0,
0.332874117444464,0.315512708150745,0.597570688968538,0.754027683231223,0.531351486385211,0,
0.413638711899432,0.633654688869413,0.709876543209876,0.262536873156342,0.381463902073445,0,
0.79473049767522,0.337072743207713,0.421545201115094,0.341729067392784,0.337247064701474,0,
0.361804718443258,0.545311130587204,0.605336519315014,0.462673020195144,0.24981264051961,0,
0.264336146030653,0.549693251533742,0.614097968936679,0.492625368731563,0.412190856857357,0,
0.637678663681763,0.407361963190184,0.333134209478295,0.385296119809394,0.305021234074444,0,
0.689168245221285,0.294127957931639,0.345081640780565,0.346948037213524,0.332000999250562,0,
0.408816945066299,0.730762489044698,0.28673835125448,0.322214658497844,0.289033225081189,0,
0.464956087480627,0.537423312883436,0.540223018717642,0.442477876106195,0.171121658755933,0,
0.434820044773549,0.378790534618756,0.401234567901235,0.377581120943953,0.341993504871347,0,
0.304115722403995,0.284312007011393,0.431700517722023,0.21783526208305,0.32075943042718,0,
0.314964697778543,0.294829097283085,0.507168458781362,0.692080780576356,0.32075943042718,0,
0.333390735319442,0.537773882559159,0.52668259657507,0.445427728613569,0.277042218336248,0,
0.112622696745307,0.0431200701139351,0.293309438470729,0.324937599273882,0.289283037721709,0,
0.475977268813501,0.723400525854514,0.279171644763043,0.312457454050374,0.380464651511366,0,
0.53383847081109,0.453461875547765,0.421146953405018,0.394372589062855,0.279040719460405,0,
0.329085586361288,0.419631901840491,0.709677419354839,0.230769230769231,0.32075943042718,0,
0.347167211985535,0.59193689745837,0.687972919155715,0.514862718402541,0.249562827879091,0,
0.53383847081109,0.514110429447853,0.434886499402628,0.417290673927842,0.356732450662003,0,
0.491820216979507,0.55863277826468,0.309637594583831,0.332652598139324,0.299775168623532,0,
0.486654038229723,0.676599474145486,0.295499800876145,0.400272294077604,0.293280039970022,0,
0.39262958498364,0.827344434706398,0.220430107526882,0.451781257090992,0.278291281538846,0,
0.353022214568624,0.440490797546012,0.788729589804859,0.226230996142501,0.252810392205846,0,
0.648355433097985,0.323575810692375,0.34010354440462,0.390515089630134,0.301773669747689,0,
0.395040468400207,0.776336546888694,0.263042612504978,0.314272747901066,0.286535098675993,0,
0.676769416221801,0.318141980718668,0.384309040223019,0.381892443839347,0.309767674244317,0,
0.341656621319098,0.42524101665206,0.87495021903624,0.17812570909916,0.42917811641269,0,
0.319269846736697,0.292725679228747,0.453006770211071,0.224869525754481,0.755933050212341,0,
0.373859135526089,0.696932515337423,0.246117084826762,0.690719310188337,0.199350487134649,0,
0.361976924401584,0.591411042944785,0.298088410991637,0.319037894259133,0.297776667499375,0,
0.728431203719649,0.195617879053462,0.405416168857029,0.393238030406172,0.306020484636523,0,
0.329257792319614,0.623137598597721,0.245718837116687,0.425686407987293,0.365725705720709,0,
0.402100912691579,0.771603856266433,0.232178414974114,0.469707283866576,0.273295028728454,0,
0.625452040640606,0.388255915863278,0.298486658701712,0.45836169729975,0.238571071696228,0,
0.489237127604615,0.726205083260298,0.278574273197929,0.433628318584071,0.32075943042718,0,
0.325813673153091,0.438212094653812,0.818996415770609,0.201043793964148,0.227329502872845,0,
0.317203375236783,0.291323400525854,0.471724412584628,0.611980939414568,0.738945790657007,0,
0.316170139486826,0.361612620508326,0.730784547988849,0.602223734967098,0.214838870846865,0,
0.382125021525745,0.587204206836109,0.65073675826364,0.506013160880417,0.32075943042718,0,
0.614603065266058,0.374583698510079,0.404022301871764,0.393464942137508,0.346989757681739,0,
0.477182710521784,0.674496056091148,0.29410593389088,0.324256864079873,0.268798401199101,0,
0.713104873428621,0.28624014022787,0.390880127439267,0.398683911958248,0.304521608793405,0,
0.319958670570002,0.281858019281332,0.440461967343688,0.601996823235761,0.686485136147889,0,
0.412777682107801,0.496406660823839,0.562923138191955,0.26140231449966,0.724956282787909,0,
0.388841053900465,0.788255915863278,0.221425726802071,0.294985250737463,0.369972520609543,0,
0.303082486654038,0.272042068361087,0.386698526483473,0.418652144315861,0.548588558581064,0,
0.311864990528672,0.330411919368975,0.633612106730386,0.82051282051282,0.155383462403198,0,
0.827966247632168,0.180893952673094,0.342293906810036,0.342182890855457,0.30751936047964,0,
0.258481143447563,0.134092900964067,0.664277180406213,0.772634445200817,0.165375968023982,0,
0.335801618736008,0.416827344434706,0.932297889287137,0.194463353755389,0.32075943042718,0,
0.345961770277252,0.627870289219982,0.5073675826364,0.426594054912639,0.263552335748189,0,
0.339245737902531,0.400701139351446,0.698924731182796,0.745631949171772,0.32075943042718,0,
0.442913724814879,0.612269938650307,0.481879729191557,0.302473337871568,0.663502373220085,0,
0.540898915102462,0.402629272567923,0.441855834328953,0.418879056047198,0.279790157381964,0,
0.707077664887205,0.461349693251534,0.494424532058941,0.543226684819605,0.260554584061954,0,
0.447735491648011,0.473093777388256,0.428116288331342,0.336056274109371,0.304021983512366,0,
0.703289133804029,0.367747589833479,0.43747510951812,0.331971862945314,0.308018985760679,0,
0.254003788531083,0.610867659947415,0.270808442851454,0.299977308826866,0.32075943042718,0,
0.718615464095058,0.291148115687993,0.404022301871764,0.405945087361017,0.305021234074444,0,
0.8847942138798,0.308676599474145,0.417761847869375,0.498978897208986,0.281538845865601,0,
0.418460478732564,0.473269062226117,0.312425328554361,0.334014068527343,0.306270297277042,0,
0.365593249526434,0.54478527607362,0.224412584627638,0.470161107329249,0.597052210841869,0,
0.35904942311004,0.450306748466258,0.527877339705297,0.281597458588609,0.437172120909318,0,
0.318753228861719,0.333742331288344,0.62226204699323,0.611980939414568,0.32075943042718,0,
0.602893060099879,0.382120946538124,0.632417363600159,0.551622418879056,0.451911066699975,0,
0.338729120027553,0.46205083260298,0.730585424133811,0.526889040163376,0.235323507369473,0,
0.704494575512313,0.344609991235758,0.341696535244922,0.388245972316769,0.30751936047964,0,
0.319442052695023,0.409991235758107,0.816806053365193,0.189244383934649,0.32075943042718,0,
0.370587222317892,0.657668711656442,0.626443647949024,0.514181983208532,0.32075943042718,0,
0.366109867401412,0.29535495179667,0.517323775388291,0.601542999773088,0.614539095678241,0,
0.35767177544343,0.535845749342682,0.508164078056551,0.437031994554118,0.367974019485386,0,
0.456001377647667,0.653286590709904,0.283950617283951,0.454050374404357,0.602048463652261,0,
0.338556914069227,0.377212971078002,0.857626443647949,0.239164964828682,0.241069198101424,0,
0.446185638023076,0.744609991235758,0.521704500199124,0.480599046970728,0.428678491131651,0,
0.778198725675908,0.35863277826468,0.628434886499402,0.29975039709553,0.29477891581314,0,
0.338556914069227,0.559333917616126,0.527080844285145,0.449739051508963,0.277292030976767,0,
0.366626485276391,0.547063978965819,0.294902429311031,0.318130247333787,0.291031726205346,0,
0.350266919235405,0.390359333917616,0.878534448426922,0.653051962786476,0.184861353984512,0,
0.609781298432926,0.392287467134093,0.43110314615691,0.403902881778988,0.240069947539345,0,
0.480799035646633,0.777388255915863,0.234966148944644,0.29906966190152,0.361229078191356,0,
0.532460823144481,0.518667835232252,0.311429709279172,0.335602450646698,0.343242568073945,0,
0.390563113483726,0.388957055214724,0.701115093588212,0.551168595416383,0.19260554584062,0,
0.347339417943861,0.42874671340929,0.762046993229789,0.162695711368278,0.32075943042718,1,
0.320647494403306,0.364592462751972,0.55236957387495,0.795098706603131,0.32075943042718,1,
0.334596177027725,0.319368974583699,0.453604141776185,0.646471522577717,0.587309517861604,1,
0.32856896848631,0.389833479404032,0.509956192751892,0.730882686634899,0.158880839370472,1,
0.395384880316859,0.265381244522349,0.676821983273596,0.554572271386431,0.178616037971521,1,
0.327019114861374,0.344084136722174,0.512943050577459,0.644202405264352,0.32075943042718,1,
0.457895643189254,0.364943032427695,0.68379131819992,0.572498298162015,0.695228578566076,1,
0.372825899776132,0.320070113935145,0.807248108323377,0.571817562968005,0.46789907569323,1,
0.319614258653349,0.305521472392638,0.501592990840303,0.825277966870887,0.148888333749688,1,
0.391251937317031,0.738825591586328,0.258064516129032,0.548445654640345,0.229577816637522,1,
0.31375925607026,0.359509202453988,0.611907606531262,0.651917404129794,0.196852360729453,1,
0.322541759944894,0.296056091148116,0.500995619275189,0.673474018606762,0.119910067449413,1,
0.328913380402962,0.31148115687993,0.511748307447232,0.573405945087361,0.32075943042718,1,
0.340278973652488,0.454338299737073,0.830744723217842,0.211027910142954,0.32075943042718,1,
0.3271913208197,0.321297107800175,0.528872958980486,0.548672566371681,0.32075943042718,1,
0.320303082486654,0.298159509202454,0.416567104739148,0.46811890174722,0.32075943042718,1,
0.373859135526089,0.369675723049956,0.444245320589407,0.713410483321988,0.182613040219835,1,
0.425004305148958,0.497633654688869,0.547988849064118,0.465169049239846,0.478141393954534,1,
0.33304632340279,0.316739702015776,0.584229390681004,0.143862037667347,0.913564826380215,1,
0.343550886860685,0.394040315512708,0.587017124651533,0.58974358974359,0.32075943042718,1,
0.3159979335285,0.307975460122699,0.449820788530466,0.304061719990924,0.32075943042718,1,
0.33304632340279,0.359158632778265,0.61668657905217,0.524846834581348,0.650012490632026,1,
0.328052350611331,0.294127957931639,0.190561529271207,0.72498298162015,0.087184611541344,1,
0.393318408816945,0.480280455740578,0.835125448028674,0.210574086680281,0.252060954284287,1,
0.377131048734286,0.359158632778265,0.146754281162883,0.132062627637849,0.124656507619286,1,
0.369209574651283,0.505346187554777,0.802668259657507,0.239391876560018,0.232075943042718,1,
0.313414844153608,0.321647677475898,0.538829151732378,0.200363058770138,0.32075943042718,1,
0.525572584811434,0.692725679228747,0.556551174830745,0.312230542319038,0.290781913564826,1,
0.308248665403823,0.351971954425942,0.414974113898845,0.533242568640799,0.32075943042718,1,
0.355949715860169,0.321998247151621,0.551373954599761,0.55979124120717,0.48063952035973,1,
0.310487342862063,0.30464504820333,0.505973715651135,0.215339233038348,0.648263802148389,1,
0.313587050111934,0.33339176161262,0.555555555555556,0.572725209893352,0.32075943042718,1,
0.500258308937489,0.358983347940403,0.902230187176424,0.22169276151577,0.261803647264552,1,
0.339417943860858,0.344960560911481,0.523297491039426,0.876786929884275,0.0549587809143143,1,
0.31152057861202,0.323225241016652,0.535444046196734,0.713864306784661,0.101174119410442,1,
0.437058722231789,0.278001752848379,0.725408203902827,0.533242568640799,0.427929053210092,1,
0.342517651110728,0.418229623137599,0.746913580246914,0.160426594054913,0.680989258056458,1,
0.327019114861374,0.334969325153374,0.648944643568299,0.499659632402995,0.649263052710467,1,
0.409333562941278,0.475197195442594,0.739545997610514,0.535284774222827,0.548838371221584,1,
0.33166867573618,0.439263803680982,0.490242931103146,0.567506240072612,0.575068698476143,1,
0.352505596693646,0.400876424189308,0.828753484667463,0.18788291354663,0.428928303772171,1,
0.408472533149647,0.338124452234882,0.499601752289924,0.842296346721126,0.178616037971521,1,
0.346133976235578,0.44487291849255,0.546794105933891,0.870206489675516,0.178616037971521,1,
0.331496469777854,0.401577563540754,0.556551174830745,0.231903789425913,0.542343242568074,1,
0.378680902359222,0.390534618755478,0.231780167264038,0.213977762650329,0.398950786909818,1,
0.340106767694162,0.399649430324277,0.857228195937873,0.633764465622873,0.546590057456907,1,
0.436369898398485,0.591235758106924,0.553166069295101,0.642840934876333,0.206844866350237,1,
0.356294127776821,0.316739702015776,0.727996814018319,0.619922850011346,0.465650761928554,1,
0.378164284484243,0.437861524978089,0.856829948227798,0.573632856818698,0.232825380964277,1,
0.392973996900293,0.302892199824715,0.737753882915173,0.589516678012253,0.32075943042718,1,
0.334423971069399,0.326029798422436,0.500995619275189,0.659859314726571,0.15388458656008,1,
0.356638539693473,0.665907099035933,0.795898048586221,0.26140231449966,0.273295028728454,1,
0.308593077320475,0.304995617879053,0.499800876144962,0.358747447243022,0.32075943042718,1,
0.404167384191493,0.383347940403155,0.712465153325368,0.584070796460177,0.675993005246065,1,
0.354744274151886,0.372304995617879,0.481282357626444,0.626276378488768,0.654758930801899,1,
0.327880144653005,0.362138475021911,0.524691358024691,0.784887678692988,0.0959280539595304,1,
0.272946443946961,0.354776511831727,0.626045400238949,0.747447243022464,0.32075943042718,1,
0.392973996900293,0.31954425942156,0.524293110314616,0.71000680735194,0.1541343992006,1,
0.354227656276907,0.390534618755478,0.573675826363998,0.663489902427955,0.508118910816887,1,
0.323230583778199,0.277475898334794,0.330346475507766,0.560925799863853,0.581563827129653,1,
0.339073531944205,0.324452234881683,0.50457984866587,0.196732471068754,0.32075943042718,1,
0.484759772688135,0.290622261174408,0.609916367980884,0.821420467438167,0.581813639770172,1,
0.377647666609265,0.622261174408414,0.603743528474711,0.672793283412752,0.210342243317512,1,
0.439297399690029,0.58737949167397,0.542811628833134,0.477649194463354,0.479140644516613,1,
0.346995006027209,0.429973707274321,0.569494225408204,0.626730201951441,0.675243567324507,1,
0.356466333735147,0.318141980718668,0.694544006371963,0.96165191740413,0.124656507619286,1,
0.322886171861546,0.323049956178791,0.534647550776583,0.794417971409122,0.127154634024482,1,
0.343895298777338,0.328133216476775,0.432497013142174,0.650555933741774,0.532850362228329,1,
0.345789564318925,0.338475021910605,0.781760254878534,0.562060358520535,0.457406944791406,1,
0.392457379025314,0.725503943908852,0.513739545997611,0.471068754254595,0.495378466150387,1,
0.380058550025831,0.436459246275197,0.536837913181999,0.543453596550942,0.138396202847864,1,
0.32271396590322,0.356879929886065,0.83731581043409,0.159745858860903,0.751186610042468,1,
0.329602204236267,0.399824715162138,0.499004380724811,0.743589743589744,0.159630277292031,1,
0.27432409161357,0.142331288343558,0.230386300278773,0.012480145223508,0.32075943042718,1,
0.350439125193732,0.356178790534619,0.479888490641179,0.757204447469934,0.0609542842867849,1,
0.364732219734803,0.338299737072743,0.790521704500199,0.587020648967552,0.113165126155383,1,
0.386085758567246,0.415600350569676,0.578653922739944,0.182890855457227,0.0597052210841869,1,
0.404339590149819,0.364767747589833,0.746714456391876,0.645790787383708,0.188858356232825,1,
0.395901498191837,0.335144609991236,0.666666666666667,0.542319037894259,0.427929053210092,1,
0.366798691234717,0.415425065731814,0.600557546794106,0.879282958928977,0.590307269547839,1,
0.333735147236094,0.374408413672217,0.782357626443648,0.22169276151577,0.143142643017737,1,
0.397967969691751,0.472743207712533,0.820191158900836,0.198547764919446,0.257057207094679,1,
0.276907180988462,0.164066608238387,0.256073277578654,0.203312911277513,0.32075943042718,1,
0.340967797485793,0.352673093777388,0.786340103544405,0.20285908781484,0.439920059955034,1,
0.335801618736008,0.388781770376862,0.54042214257268,0.88359428182437,0.32075943042718,1,
0.45135181677286,0.526730937773883,0.474313022700119,0.510324483775811,0.32075943042718,1,
0.379541932150852,0.484136722173532,0.67184388689765,0.272974812797822,0.261054209342993,1,
0.346133976235578,0.0902716914986853,0.627240143369176,0.253233492171545,0.44891331501374,1,
0.405889443774755,0.675723049956179,0.599163679808841,0.558883594281824,0.260554584061954,1,
0.335801618736008,0.381419807186678,0.480286738351254,0.756523712275925,0.32075943042718,1,
0.349233683485449,0.423663453111306,0.770011947431302,0.599954617653733,0.581314014489133,1,
0.320130876528328,0.35284837861525,0.587813620071685,0.792375765827093,0.32075943042718,1,
0.358532805235061,0.355477651183173,0.754480286738351,0.737463126843658,0.70522108418686,1,
0.38815223006716,0.341980718667835,0.662485065710872,0.619922850011346,0.477391956032975,1,
0.36352677802652,0.378790534618756,0.526284348864994,0.678466076696165,0.32075943042718,1,
0.390735319442053,0.391761612620508,0.765033851055356,0.238257317903336,0.264301773669748,1,
0.329085586361288,0.370201577563541,0.482477100756671,0.849330610392557,0.087184611541344,1,
0.451179610814534,0.433128834355828,0.795499800876145,0.534830950760154,0.438421184111916,1,
0.395384880316859,0.350219106047327,0.677817602548785,0.607215793056501,0.466400199850112,1,
0.345445152402273,0.429623137598598,0.539824771007567,0.790787383707738,0.137147139645266,1,
0.365421043568107,0.491673970201577,0.701911589008363,0.620830496936692,0.194604046964776,1,
0.410711210607887,0.788606485539001,0.250497809637595,0.500113455865668,0.418186360229828,1,
0.34423971069399,0.381419807186678,0.697331740342493,0.220558202859088,0.447414439170622,1,
0.488376097812984,0.648553900087642,0.654520111509359,0.290673927842069,0.278790906819885,1,
0.339934561735836,0.364066608238387,0.55057745917961,0.448831404583617,0.515613290032476,1,
0.345617358360599,0.380893952673094,0.785344484269215,0.707510778307238,0.636522608043967,1,
0.3271913208197,0.415249780893953,0.483273596176822,0.597231676877695,0.32075943042718,1,
0.237816428448424,0.343908851884312,0.538430904022302,0.645110052189698,0.574069447914064,1,
0.356466333735147,0.432953549517967,0.800079649542015,0.236215112321307,0.176617536847365,1,
0.32942999827794,0.289570552147239,0.502389486260454,0.799183117767189,0.641518860854359,1,
0.331496469777854,0.340929009640666,0.660493827160494,0.502382573179033,0.683237571821134,1,
0.330463234027897,0.331113058720421,0.480485862206292,0.673474018606762,0.32075943042718,1,
0.463750645772344,0.443120070113935,0.760852250099562,0.533015656909462,0.427679240569573,1,
0.336834854485965,0.448729184925504,0.769215452011151,0.234626730201951,0.247814139395453,1,
0.339934561735836,0.365819456617003,0.54958183990442,0.267075107783072,0.32075943042718,1,
0.312726020320303,0.315162138475022,0.536837913181999,0.84002722940776,0.150637022233325,1,
0.332013087652833,0.35056967572305,0.674233373158104,0.655321080099841,0.32075943042718,1,
0.33528500086103,0.331288343558282,0.515929908403027,0.714771953710007,0.0806894828878341,1,
0.309798519028758,0.326205083260298,0.53305455993628,0.257998638529612,0.32075943042718,1,
0.261064232822456,0.317616126205083,0.229390681003584,0.13592012707057,0.32075943042718,1,
0.348544859652144,0.436985100788782,0.771007566706491,0.57476741547538,0.151636272795403,1,
0.495092130187704,0.444347063978966,0.823775388291517,0.252325845246199,0.24981264051961,1,
0.42534871706561,0.636459246275197,0.568498606133015,0.532108009984116,0.559830127404447,1,
0.364904425693129,0.33794916739702,0.587415372361609,0.595870206489675,0.459155633275044,1,
0.420699156190804,0.470990359333918,0.208482676224612,0.617653732697981,0.24381713714714,1,
0.268296883072154,0.320420683610868,0.257268020708881,0.100068073519401,0.32075943042718,1,
0.368004132943,0.483260297984224,0.856232576662684,0.228727025187202,0.417686734948788,1,
0.310315136903737,0.311831726555653,0.466348068498606,0.46358066712049,0.244566575068699,1,
0.268296883072154,0.340052585451358,0.480286738351254,0.631722260040844,0.10891831126655,1,
0.326674702944722,0.410517090271691,0.485663082437276,0.621057408668028,0.32075943042718,1,
0.32047528844498,0.329360210341805,0.558741537236161,0.700022691173134,0.0876842368223832,1,
0.476493886688479,0.320595968448729,0.729589804858622,0.53641933287951,0.258556082937797,1,
0.433786809023592,0.576687116564417,0.583034647550777,0.694576809621057,0.231576317761679,1,
0.35904942311004,0.350043821209465,0.802270011947431,0.549126389834354,0.51911066699975,1,
0.431720337523678,0.521297107800175,0.656909597769813,0.621965055593374,0.21808643517362,1,
0.400378853108318,0.667309377738826,0.703902827558742,0.507374631268437,0.270547089682738,1,
0.474944033063544,0.667134092900964,0.272401433691756,0.684592693442251,0.249313015238571,1,
0.315481315653522,0.327782646801052,0.584229390681004,0.721806217381439,0.183112665500874,1,
0.38952987773377,0.312883435582822,0.663480684986061,0.509416836850465,0.476142892830377,1,
0.324091613569829,0.34022787028922,0.488251692552768,0.460630814613115,0.32075943042718,1,
0.369381780609609,0.401752848378615,0.772401433691756,0.576128885863399,0.648013989507869,1,
0.436714310315137,0.708851884312007,0.665870171246515,0.276151577036533,0.277541843617287,1,
0.626140864473911,0.640666082383874,0.278972520908005,0.325164511005219,0.297526854858856,1,
0.32856896848631,0.37703768624014,0.612504978096376,0.765373269798049,0.136397701723707,1,
0.274668503530222,0.354776511831727,0.653922739944245,0.358747447243022,0.32075943042718,1,
0.35767177544343,0.373006134969325,0.839107925129431,0.190152030859995,0.194354234324257,1,
0.367831926984674,0.361262050832603,0.499402628434886,0.744043567052417,0.067949038221334,1,
0.449801963147925,0.37125328659071,0.540820390282756,0.680054458815521,0.46140394703972,1,
0.367315309109695,0.737423312883436,0.551174830744723,0.506240072611754,0.263302523107669,1,
0.541243327019115,0.574934268185802,0.502389486260454,0.485591105060132,0.32075943042718,1,
0.330463234027897,0.392462751971954,0.550378335324572,0.233719083276605,0.541343992005995,1,
0.436197692440158,0.660473269062226,0.666666666666667,0.457680962105741,0.280289782663003,1,
0.396762527983468,0.46327782646801,0.70589406610912,0.510551395507148,0.619535348488633,1,
0.388496641983813,0.588431200701139,0.530465949820788,0.298842750170184,0.25655758181364,1,
0.323574995694851,0.362664329535495,0.69115890083632,0.68073519400953,0.597302023482388,1,
0.393662820733597,0.433479404031551,0.586618876941458,0.8452461992285,0.145890582063452,1,
0.330979851902876,0.309027169149869,0.466547192353644,0.63262990696619,0.742193354983762,1,
0.310659548820389,0.331638913234005,0.592592592592593,0.567052416609939,0.199100674494129,1,
0.309626313070432,0.286415425065732,0.445639187574671,0.595870206489675,0.220084936297777,1,
