541,5,2,
0.707938694678836,0.459246275197195,0.413978494623656,0.410029498525074,0.29502872845366,0,
0.336662648527639,0.482909728308501,0.656511350059737,0.47787610619469,0.270047464401699,0,
0.34647838815223,0.383698510078878,0.688968538430904,0.203085999546177,0.215088683487384,0,
0.765455484759773,0.356879929886065,0.440063719633612,0.450873610165646,0.28853359980015,0,
0.820561391424143,0.186327782646801,0.340700915969733,0.343544361243476,0.308268798401199,0,
0.346822800068882,0.319719544259422,0.719832735961768,0.55525300658044,0.610292280789408,0,
0.423626657482349,0.680631025416301,0.230187176423736,0.308599954617654,0.358231326505121,0,
0.925951437919752,0.301489921121823,0.331342094782955,0.337644656228727,0.306020484636523,0,
0.532460823144481,0.518667835232252,0.311429709279172,0.335602450646698,0.343242568073945,0,
0.652660582056139,0.340929009640666,0.343488649940263,0.374177444973905,0.311016737446915,0,
0.478388152230067,0.682559158632778,0.283552369573875,0.316088041751759,0.290282288283787,0,
0.883760978129843,0.177914110429448,0.390282755874154,0.341729067392784,0.30751936047964,0,
0.609781298432926,0.392287467134093,0.43110314615691,0.403902881778988,0.240069947539345,0,
0.314103667986912,0.302366345311131,0.449024293110315,0.592693442250964,0.32075943042718,0,
0.338556914069227,0.559333917616126,0.527080844285145,0.449739051508963,0.277292030976767,0,
0.315825727570174,0.346713409290096,0.668857029072083,0.839800317676424,0.32075943042718,0,
0.807645944549681,0.286765994741455,0.332536837913182,0.319945541184479,0.28828378715963,0,
0.353366626485276,0.584925503943909,0.484667463162087,0.429997730882687,0.287034723957032,0,
0.340795591527467,0.520595968448729,0.535244922341696,0.433855230315407,0.291281538845866,0,
0.438264163940072,0.524802804557406,0.251294305057746,0.310869071931019,0.32075943042718,0,
0.555880833476838,0.327256792287467,0.398645957785743,0.392557295212162,0.338246315263552,0,
0.370587222317892,0.657668711656442,0.626443647949024,0.514181983208532,0.32075943042718,0,
0.35767177544343,0.535845749342682,0.508164078056551,0.437031994554118,0.367974019485386,0,
0.424315481315654,0.717440841367222,0.273795300677021,0.309280689811663,0.287784161878591,0,
0.451868434647839,0.641717791411043,0.267622461170848,0.319037894259133,0.293529852610542,0,
0.347856035818839,0.73794916739702,0.277777777777778,0.309734513274336,0.286035473394954,0,
0.402273118649905,0.693602103418054,0.672242134607726,0.465169049239846,0.269797651761179,0,
0.338729120027553,0.46205083260298,0.730585424133811,0.526889040163376,0.235323507369473,0,
0.349750301360427,0.336021034180543,0.870569494225408,0.547991831177672,0.414688983262553,0,
0.426209746857241,0.523575810692375,0.554559936280366,0.461311549807125,0.382213339995004,0,
0.442913724814879,0.612269938650307,0.481879729191557,0.302473337871568,0.663502373220085,0,
0.353366626485276,0.500964066608238,0.723416965352449,0.578851826639437,0.602048463652261,0,
0.462200792147408,0.665907099035933,0.305455993628037,0.324937599273882,0.29502872845366,0,
0.329085586361288,0.478352322524102,0.861409796893668,0.184479237576583,0.236572570572071,0,
0.325641467194765,0.339351446099912,0.722620469932298,0.542545949625596,0.598051461403947,0,
0.453418288272774,0.783347940403155,0.246515332536838,0.48241434082142,0.409193105171122,0,
0.359393835026692,0.390709903593339,0.822381521306252,0.211708645336964,0.235323507369473,0,
0.372309281901154,0.607537248028046,0.285742731979291,0.321533923303835,0.298526105420934,0,
0.816428448424315,0.310780017528484,0.338709677419355,0.378942591331972,0.33999500374719,0,
0.434131220940244,0.776687116564417,0.268418956591,0.550487860222374,0.26255308518611,0,
0.333907353194421,0.328483786152498,0.44205495818399,0.563875652371228,0.586560079940045,0,
0.319958670570002,0.281858019281332,0.440461967343688,0.601996823235761,0.686485136147889,0,
0.471844325813673,0.695004382120947,0.243130227001195,0.565917857953256,0.259305520859355,0,
0.382125021525745,0.587204206836109,0.65073675826364,0.506013160880417,0.32075943042718,0,
0.362321336318237,0.392638036809816,0.875746714456392,0.547311095983662,0.247064701473895,0,
0.678319269846737,0.191060473269062,0.445838311429709,0.710233719083277,0.207594304271796,0,
0.470466678147064,0.668361086765995,0.265232974910394,0.422282732017245,0.472395703222583,0,
0.342517651110728,0.534268185801928,0.563918757467144,0.822555026094849,0.180114913814639,0,
0.375925607026003,0.615950920245399,0.662485065710872,0.496255956432948,0.257057207094679,0,
0.635095574306871,0.578615249780894,0.486857825567503,0.317903335602451,0.295528353734699,0,
0.338384708110901,0.462751971954426,0.911190760653126,0.181756296800545,0.32075943042718,0,
0.703289133804029,0.367747589833479,0.43747510951812,0.331971862945314,0.308018985760679,0,
0.363354572068193,0.597896581945662,0.576463560334528,0.455411844792376,0.248563577317012,0,
0.251592905114517,0.0944785276073619,0.260055754679411,0.293623780349444,0.282787909068199,0,
0.51455140347856,0.359158632778265,0.387495021903624,0.380304061719991,0.347239570322258,0,
0.378680902359222,0.419456617002629,0.700517722023098,0.513501248014522,0.421184111916063,0,
0.433097985190288,0.380718667835232,0.40163281561131,0.377354209212616,0.341743692230827,0,
0.334079559152747,0.411919368974584,0.631023496614894,0.232357612888586,0.187359480389708,0,
0.349578095402101,0.444522348816827,0.888092393468737,0.19310188336737,0.32075943042718,0,
0.412088858274496,0.581419807186678,0.301274392672242,0.399364647152258,0.292280789407944,0,
0.497847425520923,0.592638036809816,0.276981282357626,0.312684365781711,0.376467649263053,0,
0.399345617358361,0.624890446976337,0.279968140183194,0.316995688677105,0.289532850362228,0,
0.434820044773549,0.378790534618756,0.401234567901235,0.377581120943953,0.341993504871347,0,
0.900637162045807,0.18510078878177,0.399044205495818,0.341048332198775,0.338496127904072,0,
0.637678663681763,0.407361963190184,0.333134209478295,0.385296119809394,0.305021234074444,0,
0.306354399862235,0.300788781770377,0.427518916766229,0.455638756523712,0.32075943042718,0,
0.319958670570002,0.305521472392638,0.462365591397849,0.843203993646471,0.0976767424431676,0,
0.731014293094541,0.287992988606486,0.342493030665074,0.378488767869299,0.336247814139395,0,
0.328052350611331,0.483786152497809,0.557347670250896,0.432947583390061,0.370222333250062,0,
0.314964697778543,0.294829097283085,0.507168458781362,0.692080780576356,0.32075943042718,0,
0.327880144653005,0.331989482909728,0.8731581043409,0.211481733605627,0.420184861353984,0,
0.448940933356294,0.501840490797546,0.436479490242931,0.384615384615385,0.32075943042718,0,
0.333390735319442,0.537773882559159,0.52668259657507,0.445427728613569,0.277042218336248,0,
0.316342345445152,0.389307624890447,0.80326563122262,0.185159972770592,0.32075943042718,0,
0.51592905114517,0.625416301489921,0.279968140183194,0.407306557749036,0.355983012740445,0,
0.330463234027897,0.48624014022787,0.85941855834329,0.161788064442932,0.227079690232326,0,
0.323574995694851,0.307274320771253,0.498207885304659,0.743589743589744,0.32075943042718,0,
0.402100912691579,0.771603856266433,0.232178414974114,0.469707283866576,0.273295028728454,0,
0.350611331152058,0.501840490797546,0.763241736360016,0.217381438620377,0.222333250062453,0,
0.74944033063544,0.402979842243646,0.413181999203505,0.377581120943953,0.30776917312016,0,
0.377475460650939,0.544960560911481,0.609916367980884,0.460403902881779,0.272795403447414,0,
0.832099190631996,0.330236634531113,0.336320191158901,0.399591558883594,0.304271796152885,0,
0.333218529361116,0.43908851884312,0.868180007964954,0.194236442024053,0.616537596802398,0,
0.615980712932667,0.619106047326906,0.266626841895659,0.402087587928296,0.291781164126905,0,
0.302738074737386,0.268886941279579,0.337913181999204,0.279782164737917,0.598551086684986,0,
0.902703633545721,0.331113058720421,0.445240939864596,0.336963921034717,0.307019735198601,0,
0.546237299810573,0.543382997370727,0.293906810035842,0.330837304288632,0.30152385710717,0,
0.378508696400895,0.807537248028046,0.241935483870968,0.303834808259587,0.32075943042718,0,
0.357843981401756,0.618755477651183,0.677021107128634,0.53641933287951,0.235823132650512,0,
0.375408989151025,0.601402278702892,0.48068498606133,0.476060812343998,0.292780414688983,0,
0.382986051317376,0.610867659947415,0.749303066507368,0.516451100521897,0.483887084686485,0,
0.34200103323575,0.475547765118317,0.607128634010354,0.464942137508509,0.389957531851112,0,
0.325813673153091,0.404732690622261,0.848665870171247,0.576809621057409,0.194354234324257,0,
0.849319786464612,0.391411042944785,0.460772600557547,0.444973905150896,0.290532100924307,0,
1,0.339000876424189,0.341696535244922,0.348082595870207,0.312515613290032,0,
0.396073704150164,0.546538124452235,0.607925129430506,0.581801679146812,0.605795653260055,0,
0.578095402100913,0.629272567922875,0.288530465949821,0.410029498525074,0.360979265550837,0,
0.41639400723265,0.634005258545136,0.300079649542015,0.323576128885863,0.350736947289533,0,
0.494575512312726,0.575635407537248,0.299283154121864,0.325618334467892,0.35273544841369,0,
0.342345445152402,0.741104294478528,0.276583034647551,0.41547538007715,0.361728703472396,0,
0.339590149819184,0.543908851884312,0.645161290322581,0.473110959836624,0.260554584061954,0,
0.837609781298433,0.186503067484663,0.343488649940263,0.374404356705242,0.306520109917562,0,
0.589288789392113,0.323225241016652,0.821983273596177,0.225777172679828,0.266300274793905,0,
0.383847081109006,0.666783523225241,0.537236160892075,0.248922169276152,0.690981763677242,0,
0.317203375236783,0.416827344434706,0.753285543608124,0.230769230769231,0.32075943042718,0,
0.602032030308249,0.382997370727432,0.425328554360812,0.401633764465623,0.288033974519111,0,
0.397623557775099,0.470815074496056,0.214257268020709,0.297254368050828,0.272545590806895,0,
0.319269846736697,0.300613496932515,0.473516527279968,0.847288404810529,0.113664751436423,0,
0.395729292233511,0.547765118317266,0.458383114297093,0.31858407079646,0.32075943042718,0,
0.570173928017909,0.61384750219106,0.584826762246117,0.48309507601543,0.282538096427679,0,
0.307732047528844,0.307099035933392,0.582437275985663,0.793510324483776,0.32075943042718,0,
0.332185293611159,0.311831726555653,0.467144563918757,0.692080780576356,0.582063452410692,0,
0.5167900809368,0.686765994741455,0.28036638789327,0.302927161334241,0.249313015238571,0,
0.57551231272602,0.442243645924627,0.446435682994823,0.325164511005219,0.216837371971022,0,
0.330291028069571,0.489044697633655,0.667861409796894,0.240072611754028,0.32075943042718,0,
0.649905286722921,0.601226993865031,0.264635603345281,0.495121397776265,0.264051961029228,0,
0.799724470466678,0.427344434706398,0.436678614097969,0.417290673927842,0.39770172370722,0,
0.536421560185982,0.500613496932515,0.313620071684588,0.335829362378035,0.343742193354984,0,
0.322886171861546,0.316389132340053,0.496216646754281,0.186975266621284,0.777916562578066,0,
0.430514895815395,0.57125328659071,0.757068896853843,0.247333787156796,0.400199850112416,0,
0.696056483554331,0.319894829097283,0.413978494623656,0.381438620376673,0.33974519110667,0,
0.451524022731186,0.636108676599474,0.270011947431302,0.41025641025641,0.289033225081189,0,
0.317892199070088,0.303067484662577,0.461569095977698,0.205128205128205,0.764176867349488,0,
0.817978302049251,0.303067484662577,0.613102349661489,0.291127751304742,0.292030976767424,0,
0.323919407611503,0.32182296231376,0.512345679012346,0.805763557975947,0.32075943042718,0,
0.327019114861374,0.328659070990359,0.802668259657507,0.21783526208305,0.401698725955533,0,
0.823661098674014,0.320420683610868,0.336121067303863,0.381892443839347,0.339245565825631,0,
0.621491303599105,0.276248904469763,0.347072879330944,0.381892443839347,0.303272545590807,0,
0.740830032719132,0.306748466257669,0.334328952608522,0.340594508736102,0.350487134649013,0,
0.318064405028414,0.3056967572305,0.465551573078455,0.19310188336737,0.32075943042718,0,
0.486826244188049,0.627695004382121,0.303464755077658,0.397776265032902,0.280789407944042,0,
0.37248148785948,0.751971954425942,0.237554759060135,0.432266848196052,0.568323757182113,0,
0.314792491820217,0.308676599474145,0.464356829948228,0.82187429090084,0.32075943042718,0,
0.5464095057689,0.630148992112182,0.290919952210275,0.401860676196959,0.27554334249313,0,
0.895470983296022,0.181419807186678,0.395061728395062,0.339233038348083,0.299525355983013,0,
0.337007060444291,0.332515337423313,0.7536837913182,0.712502836396642,0.457406944791406,0,
0.54055450318581,0.585626643295355,0.257268020708881,0.320626276378489,0.29502872845366,0,
0.318925434820045,0.37703768624014,0.606929510155317,0.82573179033356,0.32075943042718,0,
0.475805062855175,0.685714285714286,0.28036638789327,0.319037894259133,0.291781164126905,0,
0.325469261236439,0.31954425942156,0.540820390282756,0.762877240753347,0.194104421683737,0,
0.336834854485965,0.290446976336547,0.486459577857427,0.878375312003631,0.136897327004746,0,
0.503185810229034,0.439789658194566,0.325965750696933,0.336283185840708,0.307269547839121,0,
0.313242638195282,0.344609991235758,0.46873755475906,0.483321987746766,0.885585810642018,0,
0.312726020320303,0.302541630148992,0.460573476702509,0.617199909235307,0.32075943042718,0,
0.274840709488548,0.329184925503944,0.632218239745121,0.799410029498525,0.111916062952785,0,
0.483382125021526,0.5011393514461,0.295698924731183,0.333106421601997,0.300524606545091,0,
0.338212502152574,0.436459246275197,0.727996814018319,0.242568640798729,0.26255308518611,0,
0.313931462028586,0.374233128834356,0.597570688968538,0.138416156115271,0.2305770671996,0,
0.416049595315998,0.444347063978966,0.319593787335723,0.33741774449739,0.308268798401199,0,
0.644222490098157,0.391411042944785,0.439665471923536,0.422055820285909,0.439170622033475,0,
0.856380230755984,0.312357581069238,0.460175228992433,0.489448604492852,0.3974519110667,0,
0.394696056483554,0.66327782646801,0.292712066905615,0.319491717721806,0.360229827629278,0,
0.338556914069227,0.454864154250657,0.796694544006372,0.175175856591786,0.32075943042718,0,
0.517306698811779,0.709027169149869,0.278972520908005,0.417063762196506,0.406195353484886,0,
0.377819872567591,0.541630148992112,0.610911987256073,0.461765373269798,0.367724206844866,0,
0.45049078698123,0.687642418930763,0.280565511748307,0.254368050828228,0.565326005495878,0,
0.562769071809885,0.471516213847502,0.445440063719634,0.394145677331518,0.32075943042718,0,
0.404339590149819,0.317440841367222,0.517522899243329,0.792829589289766,0.171121658755933,0,
0.66695367659721,0.451007887817704,0.326164874551971,0.402314499659632,0.303022732950287,0,
0.319614258653349,0.466432953549518,0.593588211867782,0.484910369866122,0.267299525355983,0,
0.495436542104357,0.620333041191937,0.600756670649144,0.508509189925119,0.220584561578816,0,
0.338729120027553,0.429447852760736,0.712066905615293,0.248695257544815,0.258306270297277,0,
0.55312553814362,0.593339176161262,0.475906013540422,0.510324483775811,0.44241818636023,0,
0.325641467194765,0.328308501314636,0.539028275587415,0.804628999319265,0.16662503122658,0,
0.404339590149819,0.704820333041192,0.267025089605735,0.30428863172226,0.285785660754434,0,
0.373686929567763,0.755652936021034,0.25647152528873,0.588382119355571,0.233075193604796,0,
0.568451868434648,0.379141104294479,0.449223416965352,0.32902201043794,0.307019735198601,0,
0.439814017565008,0.608764241893076,0.290720828355237,0.429543907420014,0.271046714963777,0,
0.481660065438264,0.598422436459246,0.2536837913182,0.404129793510324,0.381963527354484,0,
0.52040640606165,0.338299737072743,0.394066109119873,0.391649648286816,0.280039970022483,0,
0.344928534527295,0.507975460122699,0.618876941457587,0.248014522350806,0.32075943042718,0,
0.364215601859824,0.708150744960561,0.236160892074871,0.537780803267529,0.541843617287035,0,
0.618047184432581,0.409465381244522,0.458383114297093,0.441797140912185,0.276042967774169,0,
0.384019287067333,0.565644171779141,0.78494623655914,0.251191286589517,0.246315263552336,0,
0.347167211985535,0.44715162138475,0.570688968538431,0.470841842523259,0.18611041718711,0,
0.391079731358705,0.549167397020158,0.619872560732776,0.274790106648514,0.28203847114664,0,
0.329257792319614,0.448203330411919,0.740342493030665,0.23144996596324,0.32075943042718,0,
0.358877217151713,0.530762489044698,0.814615690959777,0.213297027456319,0.32075943042718,0,
0.434303426898571,0.716389132340053,0.288729589804859,0.321080099841162,0.289283037721709,0,
0.395040468400207,0.576862401402279,0.489645559538033,0.762196505559337,0.193854609043218,0,
0.342862063027381,0.436108676599474,0.82258064516129,0.557749035625142,0.228578566075443,0,
0.38952987773377,0.742857142857143,0.276782158502589,0.307919219423644,0.367474394204347,0,
0.61270879972447,0.609290096406661,0.301672640382318,0.42001361470388,0.505121159130652,0,
0.377475460650939,0.689044697633655,0.244723217841497,0.42977081915135,0.284036972270797,0,
0.656965731014293,0.57125328659071,0.54599761051374,0.315180394826413,0.357731701224082,0,
0.353711038401929,0.542681858019281,0.472919155714855,0.305196278647606,0.292030976767424,0,
0.643189254348201,0.464855390008764,0.465153325368379,0.443385523031541,0.287034723957032,0,
0.50111933872912,0.336371603856266,0.316806053365193,0.399364647152258,0.297776667499375,0,
0.66919235405545,0.481682734443471,0.289924332935086,0.331291127751305,0.299525355983013,0,
0.414327535732736,0.644171779141104,0.675428116288331,0.272974812797822,0.277541843617287,0,
0.322369553986568,0.399649430324277,0.771405814416567,0.182437031994554,0.177866600049963,0,
0.444807990356466,0.573006134969325,0.27479091995221,0.723848422963467,0.200099925056208,0,
0.310659548820389,0.321647677475898,0.577459179609717,0.358747447243022,0.32075943042718,0,
0.412949888066127,0.561262050832603,0.293110314615691,0.398003176764239,0.300524606545091,0,
0.554503185810229,0.477300613496932,0.316806053365193,0.388926707510778,0.300524606545091,0,
0.407955915274668,0.578965819456617,0.703504579848666,0.261175402768323,0.32075943042718,0,
0.452557258481143,0.559684487291849,0.567702110712863,0.294758339006127,0.286784911316513,0,
0.400551059066644,0.643295354951797,0.273596176821983,0.310642160199682,0.290781913564826,0,
0.360082658859997,0.740403155127082,0.245519713261649,0.442931699568868,0.558830876842368,0,
0.332013087652833,0.469938650306748,0.614695340501792,0.270251872021783,0.382213339995004,0,
0.338729120027553,0.468185801928133,0.557745917960972,0.470388019060585,0.280789407944042,0,
0.724126054761495,0.314811568799299,0.412584627638391,0.379623326525981,0.342992755433425,0,
0.722059583261581,0.339526730937774,0.400637196336121,0.395734059450874,0.34624031976018,0,
0.806957120716377,0.375985977212971,0.337514934289128,0.380077149988654,0.336997252060954,0,
0.459273290855864,0.704119193689746,0.280764635603345,0.282278193782619,0.523857107169623,0,
0.390218701567074,0.751796669588081,0.238749502190362,0.446789199001588,0.27554334249313,0,
0.872567590838643,0.34829097283085,0.550378335324572,0.303834808259587,0.297027229577817,0,
0.311003960737042,0.312357581069238,0.559936280366388,0.755389153619242,0.32075943042718,0,
0.313242638195282,0.31726555652936,0.488251692552768,0.842523258452462,0.156132900324756,0,
0.312898226278629,0.280981595092025,0.47331740342493,0.674381665532108,0.594304271796153,0,
0.309109695195454,0.304995617879053,0.435085623257666,0.482187429090084,0.32075943042718,0,
0.416221801274324,0.572129710780018,0.554759060135404,0.300431132289539,0.372970272295778,0,
0.421043568107456,0.727081507449606,0.26284348864994,0.302246426140231,0.541593804646515,0,
0.313587050111934,0.350219106047327,0.55236957387495,0.855230315407307,0.32075943042718,0,
0.313414844153608,0.292550394390885,0.477499004380725,0.847742228273202,0.162378216337747,0,
0.41415532977441,0.547414548641542,0.577658303464755,0.293850692080781,0.374469148138896,0,
0.348544859652144,0.462226117440841,0.554161688570291,0.291127751304742,0.453659755183612,0,
0.278457034613398,0.148992112182296,0.126244524093986,0,0.32075943042718,0,
0.33528500086103,0.345661700262927,0.521704500199124,0.748808713410483,0.564826380214839,0,
0.397795763733425,0.726906222611744,0.535444046196734,0.286816428409349,0.563327504371721,0,
0.571551575684519,0.504294478527607,0.307248108323377,0.336056274109371,0.32075943042718,0,
0.336146030652661,0.432252410166521,0.982477100756671,0.169956886771046,0.32075943042718,0,
0.399862235233339,0.773707274320771,0.212066905615293,0.301565690946222,0.28203847114664,0,
0.666092646805579,0.303067484662577,0.338709677419355,0.339913773542092,0.308018985760679,0,
0.82607198209058,0.33339176161262,0.408403026682597,0.421148173360563,0.30127404446665,0,
0.344584122610642,0.451533742331288,0.926722421346077,0.203312911277513,0.32075943042718,0,
0.938522472877562,0.187730061349693,0.410792512943051,0.402768323122305,0.303022732950287,0,
0.505424487687274,0.582471516213848,0.291517323775388,0.40639891082369,0.355983012740445,0,
0.48768727397968,0.478702892199825,0.318996415770609,0.336056274109371,0.342493130152386,0,
0.552608920268641,0.495705521472393,0.474512146555157,0.702064896755162,0.219085685735698,0,
0.510762872395385,0.677300613496932,0.532258064516129,0.496482868164284,0.270547089682738,0,
0.338040296194248,0.392638036809816,0.881322182397451,0.20285908781484,0.236572570572071,0,
0.575856724642673,0.522524101665206,0.462962962962963,0.675289312457454,0.223582313265051,0,
0.378853108317548,0.62646801051709,0.269812823576264,0.318810982527797,0.296027979015738,0,
0.441536077148269,0.711130587204207,0.272202309836718,0.313592012707057,0.290282288283787,0,
0.549337007060444,0.484136722173532,0.31342094782955,0.337190832766054,0.343492380714464,0,
0.323402789736525,0.425942156003506,0.67283950617284,0.254821874290901,0.32075943042718,0,
0.33166867573618,0.374057843996494,0.790521704500199,0.199228500113456,0.419435423432426,0,
0.344756328568968,0.457142857142857,0.710075667064914,0.209212616292262,0.245316012990257,0,
0.50111933872912,0.550043821209465,0.541417761847869,0.463807578851827,0.395953035223582,0,
0.447391079731359,0.711656441717792,0.287136598964556,0.322214658497844,0.294279290532101,0,
0.794902703633546,0.327081507449606,0.337913181999204,0.387111413660086,0.305770671996003,0,
0.351300154985362,0.449605609114812,0.584826762246117,0.460857726344452,0.184861353984512,0,
0.418460478732564,0.745836985100789,0.264237355635205,0.315861130020422,0.287534349238071,0,
0.317547787153435,0.382997370727432,0.821585025886101,0.195824824143408,0.187109667749188,0,
0.417771654899259,0.411919368974584,0.433492632417364,0.336056274109371,0.337996502623033,0,
0.323230583778199,0.450131463628396,0.627439267224213,0.25164511005219,0.268548588558581,0,
0.447391079731359,0.478878177037686,0.294504181600956,0.333106421601997,0.32075943042718,0,
0.345961770277252,0.684662576687117,0.261449621664675,0.310415248468346,0.244566575068699,0,
0.157740657826761,0.34250657318142,0.457586618876941,0.317222600408441,0.274544091931052,0,
0.382297227484071,0.577914110429448,0.472520908004779,0.415021556614477,0.285535848113915,0,
0.333218529361116,0.297107800175285,0.443448825169255,0.635352847742228,0.852860354733949,0,
0.536938178060961,0.540403155127081,0.287534846674632,0.328795098706603,0.32075943042718,0,
0.378336490442569,0.685889570552147,0.247311827956989,0.425005672793283,0.27579315513365,0,
0.528672292061305,0.590534618755478,0.292114695340502,0.407306557749036,0.37821633774669,0,
0.621319097640778,0.332515337423313,0.341497411389884,0.391649648286816,0.272545590806895,0,
0.385569140692268,0.676248904469763,0.578056551174831,0.477649194463354,0.272545590806895,0,
0.361115894609953,0.401928133216477,0.787335722819594,0.627184025414114,0.454409193105171,0,
0.749956948510419,0.333742331288344,0.405017921146953,0.548218742909008,0.227329502872845,0,
0.395729292233511,0.603856266432954,0.563122262046993,0.248241434082142,0.709218086435174,0,
0.333907353194421,0.340929009640666,0.86399840700916,0.571363739505332,0.425181114164377,0,
0.501808162562425,0.53339176161262,0.314615690959777,0.334240980258679,0.345740694479141,0,
0.363698983984846,0.582997370727432,0.29689366786141,0.31926480599047,0.299025730701974,0,
0.3271913208197,0.330937773882559,0.803464755077658,0.21261629226231,0.402448163877092,0,
0.355088686068538,0.731814198071867,0.243329350856233,0.468345813478557,0.494129402947789,0,
0.402789736524884,0.775985977212971,0.271007566706491,0.316541865214432,0.289033225081189,0,
0.625107628723954,0.396669588080631,0.454599761051374,0.75811209439528,0.233824631526355,0,
0.11296710866196,0.508150744960561,0.17921146953405,0.266621284320399,0.32075943042718,0,
0.436369898398485,0.715863277826468,0.293906810035842,0.321760835035171,0.290781913564826,0,
0.338901325985879,0.469588080631025,0.569095977698128,0.283412752439301,0.374968773419935,0,
0.475977268813501,0.0553900087642419,0.254281162883313,0.721579305650102,0.175118661004247,0,
0.341140003444119,0.333567046450482,0.48805256869773,0.28023598820059,0.568073944541594,0,
0.345789564318925,0.690446976336547,0.260055754679411,0.420240526435217,0.364226829877592,0,
0.643878078181505,0.447502191060473,0.46415770609319,0.438166553210801,0.287034723957032,0,
0.45496814189771,0.401928133216477,0.320390282755874,0.383027002496029,0.349737696727454,0,
0.314448079903565,0.31603856266433,0.609518120270808,0.890401633764466,0.32075943042718,0,
0.387463406233856,0.571078001752848,0.267025089605735,0.311776718856365,0.28878341244067,0,
0.316686757361805,0.379491673970202,0.814217443249701,0.196732471068754,0.168373719710217,0,
0.378680902359222,0.755477651183173,0.229589804858622,0.44860449285228,0.281289033225081,0,
0.772515929051145,0.185451358457493,0.387694145758662,0.383707737690039,0.336497626779915,0,
0.351644566902015,0.614022787028922,0.295499800876145,0.425459496255956,0.290282288283787,0,
0.374203547442741,0.507800175284838,0.280764635603345,0.427955525300658,0.296027979015738,0,
0.650077492681247,0.60806310254163,0.470330545599363,0.462446108463808,0.395953035223582,0,
0.311003960737042,0.339176161262051,0.527678215850259,0.93691853868845,0.0459655258556083,0,
0.368004132943,0.475723049956179,0.823178016726404,0.209439528023599,0.445415938046465,0,
0.4423971069399,0.58965819456617,0.270609318996416,0.318810982527797,0.29502872845366,0,
0.486998450146375,0.37353198948291,0.331939466348068,0.383480825958702,0.32075943042718,0,
0.822800068882383,0.291849255039439,0.402429311031462,0.406625822555026,0.298526105420934,0,
0.788531083175478,0.30692375109553,0.341696535244922,0.376900385749943,0.307019735198601,0,
0.488720509729637,0.611744084136722,0.28673835125448,0.417971409121852,0.273544841368973,0,
0.32942999827794,0.413496932515337,0.811031461569096,0.205355116859542,0.32075943042718,0,
0.358705011193387,0.454688869412796,0.59099960175229,0.489221692761516,0.267799150637022,0,
0.502496986395729,0.535845749342682,0.314018319394663,0.333787156796006,0.345490881838621,0,
0.395901498191837,0.676073619631902,0.267224213460773,0.2809167233946,0.597302023482388,0,
0.488892715687963,0.384399649430324,0.410394265232975,0.380530973451327,0.340994254309268,0,
0.542965386602376,0.609465381244522,0.250298685782557,0.317449512139778,0.294029477891581,0,
0.367659721026347,0.602103418054338,0.767025089605735,0.235307465395961,0.255308518611042,0,
0.262786292405717,0.518141980718668,0.651732377538829,0.505786249149081,0.417436922308269,0,
0.759083864301705,0.394741454864154,0.318598168060534,0.341729067392784,0.308268798401199,0,
0.264163940072326,0.0958808063102542,0.141975308641975,0.246879963694123,0.32075943042718,0,
0.310315136903737,0.337072743207713,0.482676224611708,0.549807125028364,0.520609542842868,0,
0.392457379025314,0.804382120946538,0.221823974512147,0.294077603812117,0.268048963277542,0,
0.340795591527467,0.405258545135846,0.68837116686579,0.533469480372135,0.223832125905571,0,
0.315136903736869,0.301665205959684,0.463958582238152,0.775584297708192,0.566824881338996,0,
0.310315136903737,0.331463628396144,0.478295499800876,0.13977762650329,0.32075943042718,0,
0.66023764422249,0.387554776511832,0.335722819593787,0.38234626730202,0.346739945041219,0,
0.574995694851042,0.547414548641542,0.294305057745918,0.450873610165646,0.577317012240819,0,
0.360254864818323,0.485539000876424,0.572481083233771,0.454731109598366,0.32075943042718,0,
0.403478560358188,0.503768624014023,0.303066507367583,0.394145677331518,0.304521608793405,0,
0.360427070776649,0.548466257668712,0.308243727598566,0.330837304288632,0.30102423182613,0,
0.35991045290167,0.485889570552147,0.950219036240542,0.193555706830043,0.242568073944542,0,
0.384363698983985,0.576687116564417,0.29231381919554,0.402087587928296,0.290282288283787,0,
0.598071293266747,0.519018404907975,0.308044603743528,0.331291127751305,0.346989757681739,0,
0.310315136903737,0.329184925503944,0.466746316208682,0.21715452688904,1,0,
0.82607198209058,0.33339176161262,0.408403026682597,0.421148173360563,0.30152385710717,0,
0.3159979335285,0.279404031551271,0.446833930704898,0.587247560698888,0.744191856107919,0,
0.457895643189254,0.477826468010517,0.312823576264436,0.336056274109371,0.307019735198601,0,
0.618908214224212,0.31375985977213,0.448626045400239,0.417063762196506,0.393704721458906,0,
0.364215601859824,0.499211218229623,0.906013540422142,0.207624234172907,0.240069947539345,0,
0.306182193903909,0.322348816827344,0.113102349661489,0.751531654186521,0.32075943042718,0,
0.378164284484243,0.617703768624014,0.598964555953803,0.450646698434309,0.272045965525856,0,
0.324608231444808,0.317440841367222,0.520111509358821,0.775811209439528,0.32075943042718,0,
0.368348544859652,0.584049079754601,0.821784149741139,0.188109825277967,0.32075943042718,0,
0.421732391940761,0.590885188431201,0.549780963759458,0.639891082368958,0.226829877591806,0,
0.436025486481832,0.538299737072743,0.472919155714855,0.312684365781711,0.359730202348239,0,
0.358532805235061,0.662751971954426,0.544802867383512,0.229407760381212,0.32075943042718,0,
0.788186671258825,0.323751095530237,0.33731581043409,0.388245972316769,0.306520109917562,0,
0.310831754778715,0.319368974583699,0.603146156909598,0.885409575675062,0.32075943042718,0,
0.353366626485276,0.553023663453111,0.287933094384707,0.321307011572498,0.32075943042718,0,
0.778715343550887,0.287992988606486,0.343687773795301,0.379396414794645,0.305271046714964,0,
0.327707938694679,0.325854513584575,0.49084030266826,0.567960063535285,0.920309767674244,0,
0.569485104184605,0.637686240140228,0.287136598964556,0.409121851599728,0.361478890831876,0,
0.389185465817117,0.0275197195442594,0.694344882516926,0.222827320172453,0.242068448663502,0,
0.310487342862063,0.313058720420684,0.559338908801274,0.358747447243022,0.32075943042718,0,
0.350611331152058,0.437686240140228,0.68657905217045,0.53641933287951,0.223332500624532,0,
0.324436025486482,0.443470639789658,0.852648347272003,0.201951440889494,0.224831376467649,0,
0.359566040985018,0.4,0.826563122262047,0.209893351486272,0.246814888833375,0,
0.371964869984501,0.571779141104295,0.600756670649144,0.496482868164284,0.267799150637022,0,
0.384535904942311,0.781419807186678,0.275388291517324,0.297481279782165,0.24381713714714,0,
0.326674702944722,0.382997370727432,0.746117084826762,0.678692988427502,0.200849362977767,0,
0.474599621146892,0.559684487291849,0.296296296296296,0.406625822555026,0.354234324256807,0,
0.406233855691407,0.574233128834356,0.518120270808443,0.301792602677558,0.289532850362228,0,
0.361804718443258,0.378264680105171,0.747311827956989,0.0846380757885183,0.212340744441669,0,
0.364387807818151,0.528659070990359,0.513540422142573,0.301565690946222,0.284536597551836,0,
0.769244015842948,0.287817703768624,0.595181202708084,0.289766280916723,0.387959030726955,0,
0.805235061133115,0.485363716038563,0.428514536041418,0.327206716587248,0.300024981264052,0,
0.347167211985535,0.409290096406661,0.730187176423736,0.236215112321307,0.244566575068699,0,
0.375064577234372,0.784224364592463,0.242532855436081,0.28999319264806,0.238071446415189,0,
0.335112794902704,0.330587204206836,0.74352847471127,0.708645336963921,0.171621284036972,0,
0.733252970552781,0.442243645924627,0.572481083233771,0.46879963694123,0.285036222832875,0,
0.324263819528156,0.469938650306748,0.876941457586619,0.187656001815294,0.239820134898826,0,
0.357843981401756,0.525854513584575,0.527080844285145,0.450646698434309,0.277541843617287,0,
0.729981057344584,0.451183172655565,0.31063321385902,0.391876560018153,0.387959030726955,0,
0.660065438264164,0.49079754601227,0.324372759856631,0.342182890855457,0.343242568073945,0,
0.464956087480627,0.547239263803681,0.432696136997212,0.413660086226458,0.279790157381964,0,
0.37472016531772,0.674320771253287,0.557745917960972,0.286816428409349,0.277541843617287,0,
0.712416049595316,0.480105170902717,0.448626045400239,0.392784206943499,0.397951536347739,0,
0.324263819528156,0.431726555652936,0.703703703703704,0.241434082142047,0.32075943042718,0,
0.337179266402618,0.389307624890447,0.904221425726802,0.204447469934196,0.236322757931551,0,
0.325813673153091,0.512007011393514,0.823775388291517,0.201270705695484,0.32075943042718,0,
0.306871017737214,0.300788781770377,0.438271604938272,0.218742909008396,0.709218086435174,0,
0.552608920268641,0.505521472392638,0.458980485862206,0.422963467211255,0.278541094179365,0,
0.484931978646461,0.582997370727432,0.28036638789327,0.314953483095076,0.264551586310267,0,
0.319786464611676,0.322699386503067,0.520708880923935,0.703653278874518,0.816387709218086,0,
0.523161701394868,0.505170902716915,0.461768219832736,0.475833900612662,0.580064951286535,0,
0.306182193903909,0.291849255039439,0.455595380326563,0.23666893578398,0.0644516612540595,0,
0.430342689857069,0.689921121822962,0.276383910792513,0.299296573632857,0.259305520859355,0,
0.273463061821939,0.412269938650307,0.319992035045798,0.497844338552303,0.272045965525856,0,
0.356638539693473,0.639964943032428,0.272202309836718,0.320626276378489,0.300024981264052,0,
0.320991906319959,0.330061349693252,0.22700119474313,0.817562968005446,0.32075943042718,0,
0.36576545548476,0.667309377738826,0.638988450816408,0.446789199001588,0.272295778166375,0,
0.486137420354744,0.632427695004382,0.297092791716448,0.423871114136601,0.277292030976767,0,
0.350439125193732,0.4965819456617,0.821784149741139,0.20353982300885,0.32075943042718,0,
0.55088686068538,0.353549517966696,0.345280764635603,0.346721125482187,0.330502123407444,0,
0.649905286722921,0.434005258545136,0.461170848267622,0.435670524166099,0.287284536597552,0,
0.422765627690718,0.81262050832603,0.269613699721227,0.416383027002496,0.282787909068199,0,
0.867229206130532,0.191586327782647,0.390880127439267,0.342182890855457,0.340994254309268,0,
0.337179266402618,0.552497808939527,0.561131023496615,0.542319037894259,0.234823882088434,0,
0.749784742552092,0.435933391761613,0.441855834328953,0.448150669389607,0.375218586060455,0,
0.473738591355261,0.714460999123576,0.27937076861808,0.427047878375312,0.475393454908818,0,
0.670914413638712,0.279754601226994,0.465153325368379,0.776491944633537,0.188858356232825,0,
0.384191493025659,0.834706397896582,0.245121465551573,0.304515543453597,0.279540344741444,0,
0.397623557775099,0.343032427695004,0.643966547192354,0.481052870433401,0.223582313265051,1,
0.434992250731875,0.456792287467134,0.756670649143767,0.237803494440663,0.407444416687484,1,
0.347511623902187,0.37475898334794,0.525886101154918,0.545041978670297,0.535598301274045,1,
0.373686929567763,0.344259421560035,0.715850258861012,0.628545495802133,0.689482887834124,1,
0.36214913035991,0.295179666958808,0.735563520509757,0.615838438847288,0.139895078690982,1,
0.352161184776993,0.453637160385627,0.705097570688969,0.656455638756524,0.142892830377217,1,
0.431720337523678,0.521297107800175,0.656909597769813,0.621965055593374,0.21808643517362,1,
0.371964869984501,0.44487291849255,0.460175228992433,0.245064669843431,0.32075943042718,1,
0.493370070604443,0.390885188431201,0.693747510951812,0.505786249149081,0.254808893330003,1,
0.372825899776132,0.441717791411043,0.648347272003186,0.710460630814613,0.148888333749688,1,
0.267952471155502,0.133917616126205,0.155714854639586,0.150896301338779,0.32075943042718,1,
0.321164112278285,0.33567046450482,0.503385105535643,0.779441797140912,0.32075943042718,1,
0.452901670397796,0.4988606485539,0.624850657108722,0.532561833446789,0.602048463652261,1,
0.329602204236267,0.328308501314636,0.445639187574671,0.673020195144089,0.145390956782413,1,
0.329946616152919,0.298510078878177,0.486857825567503,0.751077830723848,0.662752935298526,1,
0.346133976235578,0.399649430324277,0.669653524492234,0.600635352847742,0.480389707719211,1,
0.261064232822456,0.317616126205083,0.229390681003584,0.13592012707057,0.32075943042718,1,
0.340623385569141,0.518317265556529,0.73257666268419,0.620830496936692,0.226080439670247,1,
0.385569140692268,0.347063978965819,0.76284348864994,0.499432720671659,0.508868348738446,1,
0.346650594110556,0.445398773006135,0.522301871764237,0.603131381892444,0.507619285535848,1,
0.369381780609609,0.374408413672217,0.766626841895659,0.68595416383027,0.32075943042718,1,
0.409333562941278,0.310254163014899,0.678414974113899,0.237122759246653,0.431426430177367,1,
0.517134492853453,0.664680105170903,0.489247311827957,0.531427274790107,0.2433175118661,1,
0.32942999827794,0.289570552147239,0.502389486260454,0.799183117767189,0.641518860854359,1,
0.33304632340279,0.360035056967572,0.617881322182397,0.535284774222827,0.682737946540095,1,
0.310831754778715,0.356529360210342,0.653126244524094,0.231223054231904,0.32075943042718,1,
0.3271913208197,0.336196319018405,0.653325368379132,0.502155661447697,0.642018486135398,1,
0.312726020320303,0.315162138475022,0.536837913181999,0.84002722940776,0.150637022233325,1,
0.356982951610126,0.460297984224365,0.750298685782557,0.553891536192421,0.651761179115663,1,
0.313414844153608,0.302366345311131,0.53126244524094,0.841161788064443,0.12840369722708,1,
0.351472360943689,0.446976336546889,0.688172043010753,0.650329022010438,0.32075943042718,1,
0.349061477527122,0.321998247151621,0.656909597769813,0.130928068981166,0.805645765675743,1,
0.516445669020148,0.448028045574058,0.546395858223815,0.496709779895621,0.703722208343742,1,
0.348028241777165,0.350744960560911,0.511350059737157,0.869752666212843,0.842118411191606,1,
0.443085930773205,0.529535495179667,0.669653524492234,0.240753346948037,0.26904821383962,1,
0.32271396590322,0.35863277826468,0.580246913580247,0.709552983889267,0.175618286285286,1,
0.324436025486482,0.330061349693252,0.469334926324174,0.616519174041298,0.32075943042718,1,
0.469950060272085,0.521998247151621,0.725607327757865,0.500567279328341,0.26904821383962,1,
0.438952987773377,0.572304995617879,0.524691358024691,0.647832992965736,0.209342992755433,1,
0.332357499569485,0.302366345311131,0.469135802469136,0.74903562514182,0.745191106669997,1,
0.31375925607026,0.330937773882559,0.547590601354042,0.358747447243022,0.32075943042718,1,
0.309970724987085,0.321647677475898,0.458383114297093,0.775584297708192,0.32075943042718,1,
0.47287756156363,0.430850131463628,0.847869374751095,0.245972316768777,0.266300274793905,1,
0.375925607026003,0.692199824715162,0.512146555157308,0.547991831177672,0.49337996502623,1,
0.421560185982435,0.435933391761613,0.521903624054162,0.562060358520535,0.52585560829378,1,
0.319442052695023,0.353023663453111,0.622859418558343,0.743135920127071,0.32075943042718,1,
0.396590322025142,0.329184925503944,0.665272799681402,0.566144769684593,0.449912565575818,1,
0.386602376442225,0.599649430324277,0.62405416168857,0.496482868164284,0.270796902323258,1,
0.319097640778371,0.329009640666082,0.584428514536041,0.81143635125936,0.108168873344991,1,
0.337007060444291,0.412971078001753,0.78952608522501,0.644656228727025,0.32075943042718,1,
0.483726536938178,0.617177914110429,0.694743130227001,0.277739959155888,0.284536597551836,1,
0.412605476149475,0.370727432077125,0.701911589008363,0.850238257317903,0.32075943042718,1,
0.385569140692268,0.32988606485539,0.770609318996416,0.641706376219651,0.709967524356732,1,
0.449629757189599,0.480280455740578,0.733771405814417,0.601769911504425,0.220834374219335,1,
0.437230928190115,0.421910604732691,0.628434886499402,0.103698661220785,0.696227829128154,1,
0.500258308937489,0.359158632778265,0.902429311031462,0.22169276151577,0.261803647264552,1,
0.314620285861891,0.306573181419807,0.55057745917961,0.802132970274563,0.122158381214089,1,
0.33166867573618,0.380192813321648,0.565909996017523,0.817562968005446,0.136397701723707,1,
0.425004305148958,0.497633654688869,0.547988849064118,0.465169049239846,0.478141393954534,1,
0.334768382986051,0.331113058720421,0.779171644763043,0.549126389834354,0.470647014738946,1,
0.432753573273635,0.399298860648554,0.777976901632816,0.59882005899705,0.581314014489133,1,
0.378680902359222,0.294127957931639,0.434289127837515,0.681642840934876,0.663252560579565,1,
0.360427070776649,0.47817703768624,0.699123855037833,0.616746085772634,0.208093929552835,1,
0.463234027897365,0.69535495179667,0.506571087216248,0.54095756750624,0.253060204846365,1,
0.347511623902187,0.401577563540754,0.531859816806053,0.250510551395507,0.32075943042718,1,
0.329085586361288,0.288694127957932,0.481481481481482,0.722033129112775,0.617536847364477,1,
0.432925779231961,0.291148115687993,0.812624452409399,0.211027910142954,0.222333250062453,1,
0.331152057861202,0.364066608238387,0.821983273596177,0.589970501474926,0.638770921808644,1,
0.318925434820045,0.334618755477651,0.478693747510952,0.60857726344452,0.200349737696727,1,
0.398656793525056,0.405258545135846,0.721425726802071,0.230996142500567,0.420934299275543,1,
0.328913380402962,0.31148115687993,0.511748307447232,0.573405945087361,0.32075943042718,1,
0.322369553986568,0.357756354075372,0.468538430904022,0.438847288404811,0.545590806894829,1,
0.509040812812123,0.648378615249781,0.588809239346874,0.285228046289993,0.28853359980015,1,
0.519545376270019,0.376336546888694,0.673636001592991,0.731109598366236,0.195103672245816,1,
0.358877217151713,0.381945661700263,0.514336917562724,0.641252552756978,0.32075943042718,1,
0.350439125193732,0.374408413672217,0.523496614894464,0.575221238938053,0.536847364476643,1,
0.368692956776304,0.337072743207713,0.815013938669853,0.568186975266621,0.471146640019985,1,
0.343378680902359,0.324276950043821,0.793707686180804,0.617426820966644,0.69223082687984,1,
0.344928534527295,0.466257668711656,0.740342493030665,0.231223054231904,0.32075943042718,1,
0.339073531944205,0.324452234881683,0.50457984866587,0.196732471068754,0.32075943042718,1,
0.355949715860169,0.453111305872042,0.680007964954201,0.71454504197867,0.32075943042718,1,
0.331840881694507,0.386503067484663,0.472122660294703,0.789425913319719,0.616537596802398,1,
0.346995006027209,0.429973707274321,0.569494225408204,0.626730201951441,0.675243567324507,1,
0.338556914069227,0.357230499561788,0.56252489048188,0.616972997503971,0.454659005745691,1,
0.314620285861891,0.338650306748466,0.529669454400637,0.556841388699796,0.133150137396952,1,
0.345789564318925,0.338475021910605,0.781760254878534,0.562060358520535,0.457406944791406,1,
0.388841053900465,0.304469763365469,0.749900438072481,0.245972316768777,0.430676992255808,1,
0.389874289650422,0.313234005258545,0.792512943050577,0.564329475833901,0.445915563327504,1,
0.315136903736869,0.354425942156003,0.445639187574671,0.180394826412526,0.32075943042718,1,
0.494747718271052,0.55056967572305,0.669056152927121,0.526889040163376,0.268798401199101,1,
0.335801618736008,0.388781770376862,0.54042214257268,0.88359428182437,0.32075943042718,1,
0.34871706561047,0.36669588080631,0.509557945041816,0.670297254368051,0.151636272795403,1,
0.318408816945066,0.322524101665206,0.486857825567503,0.660993873383254,0.533349987509368,1,
0.49216462889616,0.65170902716915,0.623257666268419,0.302473337871568,0.28853359980015,1,
0.347511623902187,0.392287467134093,0.581242532855436,0.809167233945995,0.32075943042718,1,
0.384019287067333,0.277651183172656,0.68657905217045,0.564102564102564,0.19260554584062,1,
0.310831754778715,0.333567046450482,0.43110314615691,0.547084184252326,0.32075943042718,1,
0.499397279145858,0.486590709903593,0.722620469932298,0.240753346948037,0.273045216087934,1,
0.392112967108662,0.389482909728309,0.727598566308244,0.206035852053551,0.686485136147889,1,
0.313414844153608,0.310254163014899,0.427718040621266,0.286589516678012,0.546590057456907,1,
0.371964869984501,0.796669588080631,0.60015929908403,0.519854776491945,0.26929802648014,1,
0.321852936111589,0.324276950043821,0.470330545599363,0.786476060812344,0.32075943042718,1,
0.400895470983296,0.411919368974584,0.787136598964556,0.655321080099841,0.144391706220335,1,
0.528672292061305,0.401752848378615,0.512345679012346,0.503517131835716,0.401948538596053,1,
0.33304632340279,0.36546888694128,0.502389486260454,0.599273882459723,0.32075943042718,1,
0.495608748062683,0.342156003505697,0.68837116686579,0.498978897208986,0.388958281289033,1,
0.322369553986568,0.324802804557406,0.467343687773795,0.645110052189698,0.32075943042718,1,
0.322886171861546,0.304820333041192,0.436678614097969,0.67165872475607,0.138895828128903,1,
0.312726020320303,0.35863277826468,0.606133014735165,0.358747447243022,0.32075943042718,1,
0.357499569485104,0.465731814198072,0.769812823576264,0.544361243476288,0.562827879090682,1,
0.344756328568968,0.32988606485539,0.481481481481482,0.633991377354209,0.10267299525356,1,
0.340623385569141,0.431375985977213,0.788331342094783,0.548899478103018,0.571821134149388,1,
0.328913380402962,0.312182296231376,0.46594982078853,0.192874971636034,0.32075943042718,1,
0.344756328568968,0.346538124452235,0.621465551573078,0.788291354663036,0.196102922807894,1,
0.350439125193732,0.356178790534619,0.479888490641179,0.757204447469934,0.0609542842867849,1,
0.339934561735836,0.372480280455741,0.59279171644763,0.826185613796233,0.0549587809143143,1,
0.464783881522301,0.731638913234005,0.54778972520908,0.458134785568414,0.284786410192356,1,
0.311003960737042,0.343908851884312,0.413181999203505,0.461538461538462,0.556582563077692,1,
0.499225073187532,0.675197195442594,0.609916367980884,0.28477422282732,0.279290532100924,1,
0.316686757361805,0.343908851884312,0.466148944643568,0.475380077149989,0.684486635023732,1,
0.386257964525573,0.317791411042945,0.519912385503783,0.711141366008623,0.15388458656008,1,
0.389357671775443,0.437686240140228,0.654520111509359,0.588382119355571,0.648263802148389,1,
0.33304632340279,0.295530236634531,0.513540422142573,0.793737236215112,0.657007244566575,1,
0.420182538315826,0.653637160385627,0.705694942254082,0.254821874290901,0.278291281538846,1,
0.372825899776132,0.719719544259422,0.624850657108722,0.496029044701611,0.273295028728454,1,
0.322541759944894,0.35056967572305,0.513341298287535,0.671204901293397,0.503622283287534,1,
0.35767177544343,0.373006134969325,0.839107925129431,0.190152030859995,0.194354234324257,1,
0.329774410194593,0.324276950043821,0.46594982078853,0.684365781710914,0.0874344241818636,1,
0.352161184776993,0.353198948290973,0.515531660692951,0.857953256183345,0.797651761179116,1,
0.33304632340279,0.359158632778265,0.61668657905217,0.524846834581348,0.650012490632026,1,
0.3159979335285,0.307975460122699,0.449820788530466,0.304061719990924,0.32075943042718,1,
0.364732219734803,0.334268185801928,0.706093189964158,0.610165645563876,0.126904821383962,1,
0.330635439986223,0.356879929886065,0.57168458781362,0.653732697980486,0.140644516612541,1,
0.311003960737042,0.300438212094654,0.529271206690561,0.503744043567052,0.32075943042718,1,
0.346650594110556,0.347239263803681,0.694344882516926,0.537780803267529,0.485635773170122,1,
0.340278973652488,0.326205083260298,0.437076861808045,0.653732697980486,0.510866849862603,1,
0.368348544859652,0.38965819456617,0.748108323377141,0.533242568640799,0.32075943042718,1,
0.33304632340279,0.333567046450482,0.505973715651135,0.573179033356024,0.0686984761428929,1,
0.33166867573618,0.339351446099912,0.478494623655914,0.664397549353302,0.32075943042718,1,
0.3903909075254,0.391586327782647,0.654520111509359,0.218742909008396,0.197851611291531,1,
0.330979851902876,0.308501314636284,0.499203504579849,0.75425459496256,0.32075943042718,1,
0.436369898398485,0.591235758106924,0.553166069295101,0.642840934876333,0.206844866350237,1,
0.358705011193387,0.754601226993865,0.251294305057746,0.599273882459723,0.233325006245316,1,
0.403478560358188,0.419456617002629,0.791119076065313,0.669843430905378,0.181613789657757,1,
0.355605303943516,0.387204206836109,0.600955794504182,0.619469026548673,0.515613290032476,1,
0.345272946443947,0.421910604732691,0.53126244524094,0.868164284093488,0.153384961279041,1,
0.364043395901498,0.333742331288344,0.55973715651135,0.60925799863853,0.32075943042718,1,
0.31375925607026,0.322348816827344,0.527877339705297,0.740639891082369,0.32075943042718,1,
0.340623385569141,0.374408413672217,0.192751891676623,0.759927388245972,0.146140394703972,1,
0.401239882899948,0.407887817703769,0.709080047789725,0.639664170637622,0.636522608043967,1,
0.394351644566902,0.403155127081507,0.665870171246515,0.649648286816428,0.680739445415938,1,
0.46840020664715,0.671165644171779,0.570688968538431,0.2809167233946,0.279040719460405,1,
0.313070432236955,0.319719544259422,0.522301871764237,0.75425459496256,0.514614039470397,1,
0.323058377819873,0.315337423312883,0.746913580246914,0.226457907873837,0.32075943042718,1,
0.310487342862063,0.337248028045574,0.55794504181601,0.875652371227592,0.101174119410442,1,
0.446357843981402,0.337773882559159,0.639784946236559,0.6761969593828,0.668498626030477,1,
0.395729292233511,0.512182296231376,0.788530465949821,0.518720217835262,0.25655758181364,1,
0.527466850353022,0.520245398773006,0.748506571087216,0.275470841842523,0.282538096427679,1,
0.347856035818839,0.376687116564417,0.532058940661091,0.54163830270025,0.526605046215339,1,
