541,5,2,
0.344584122610642,0.549693251533742,0.307048984468339,0.327433628318584,0.297027229577817,0,
0.481143447563286,0.627519719544259,0.275189167662286,0.433628318584071,0.552835373469898,0,
0.437058722231789,0.552497808939527,0.285543608124253,0.425913319718629,0.213339995003747,0,
0.483382125021526,0.52760736196319,0.564516129032258,0.476968459269344,0.399700224831376,0,
0.717410022386775,0.369325153374233,0.435483870967742,0.331971862945314,0.305770671996003,0,
0.309109695195454,0.341980718667835,0.205694942254082,0.951667801225323,0.32075943042718,0,
0.829171689340451,0.332690622261174,0.409796893667861,0.341955979124121,0.310017486884836,0,
0.340795591527467,0.473269062226117,0.589406610911987,0.461538461538462,0.32075943042718,0,
0.465644911313931,0.58737949167397,0.483671843886898,0.632176083503517,0.221583812140894,0,
0.405889443774755,0.318492550394391,0.524691358024691,0.814386203766735,0.180614539095678,0,
0.524711555019804,0.402103418054338,0.325965750696933,0.380077149988654,0.32075943042718,0,
0.751162390218702,0.341980718667835,0.451413779370769,0.597458588609031,0.247064701473895,0,
0.657137936972619,0.318141980718668,0.383910792512943,0.380077149988654,0.308268798401199,0,
0.367659721026347,0.662751971954426,0.567702110712863,0.473791695030633,0.247064701473895,0,
0.328224556569657,0.465381244522349,0.641776184786937,0.266621284320399,0.32075943042718,0,
0.300154985362494,0.280981595092025,0.447232178414974,0.235080553664624,0.32075943042718,0,
0.424315481315654,0.717440841367222,0.273596176821983,0.309053778080327,0.287784161878591,0,
0.329257792319614,0.510780017528484,0.214257268020709,0.281824370319946,0.278790906819885,0,
0.370587222317892,0.622787028921998,0.29231381919554,0.322214658497844,0.296777416937297,0,
0.393662820733597,0.632778264680105,0.629828753484667,0.275470841842523,0.278790906819885,0,
0.539349061477527,0.716213847502191,0.268020708880924,0.318130247333787,0.290532100924307,0,
0.392285173066988,0.69079754601227,0.535444046196734,0.474926253687316,0.612790407194604,0,
0.678491475805063,0.191060473269062,0.445838311429709,0.71068754254595,0.207344491631277,0,
0.33752367831927,0.700262927256792,0.495021903624054,0.519400953029272,0.32075943042718,0,
0.468744618563802,0.615775635407537,0.619076065312624,0.54095756750624,0.264051961029228,0,
0.302738074737386,0.275547765118317,0.436280366387893,0.261856137962333,0.32075943042718,0,
0.319442052695023,0.409991235758107,0.816806053365193,0.189244383934649,0.32075943042718,0,
0.404684002066471,0.812445223488168,0.269812823576264,0.29906966190152,0.470647014738946,0,
0.632684690890305,0.287116564417178,0.346674631620868,0.375085091899251,0.298026480139895,0,
0.320991906319959,0.35635407537248,0.58641975308642,0.798048559110506,0.167374469148139,0,
0.317547787153435,0.385977212971078,0.7610513739546,0.614476968459269,0.187359480389708,0,
0.918202169795075,0.36091148115688,0.330545599362804,0.340140685273429,0.306769922558081,0,
0.335801618736008,0.416827344434706,0.932297889287137,0.194463353755389,0.32075943042718,0,
0.335973824694334,0.32760736196319,0.484468339307049,0.219196732471069,0.32075943042718,0,
0.336662648527639,0.407887817703769,0.782357626443648,0.141139096891309,0.229577816637522,0,
0.431720337523678,0.62296231375986,0.252289924332935,0.307692307692308,0.360979265550837,0,
0.35319442052695,0.339000876424189,0.876344086021505,0.544588155207624,0.408943292530602,0,
0.303082486654038,0.272042068361087,0.386698526483473,0.418652144315861,0.548588558581064,0,
0.372137075942828,0.567922874671341,0.495818399044205,0.41479464488314,0.297027229577817,0,
0.87136214913036,0.345311130587204,0.43110314615691,0.51690492398457,0.276292780414689,0,
0.635267780265197,0.578790534618756,0.486857825567503,0.317903335602451,0.295278541094179,0,
0.378164284484243,0.572304995617879,0.833930704898447,0.212389380530973,0.238571071696228,0,
0.421732391940761,0.4965819456617,0.299084030266826,0.332652598139324,0.340494629028229,0,
0.518684346478388,0.686765994741455,0.537037037037037,0.479918311776719,0.277042218336248,0,
0.507490959187188,0.637510955302366,0.299084030266826,0.32312230542319,0.381963527354484,0,
0.332529705527811,0.460823838737949,0.632616487455197,0.251191286589517,0.261054209342993,0,
0.339245737902531,0.718667835232252,0.273795300677021,0.41479464488314,0.359730202348239,0,
0.318925434820045,0.457318141980719,0.521505376344086,0.434762877240753,0.32075943042718,0,
0.371103840192871,0.653461875547765,0.272003185981681,0.303834808259587,0.290032475643268,0,
0.745307387635612,0.380718667835232,0.44305057745918,0.426594054912639,0.496377716712466,0,
0.393318408816945,0.77703768624014,0.279171644763043,0.427274790106649,0.532600549587809,0,
0.33304632340279,0.547063978965819,0.783751493428913,0.188790560471976,0.249562827879091,0,
0.314964697778543,0.328308501314636,0.540820390282756,0.479010664851373,0.32075943042718,0,
0.53383847081109,0.514110429447853,0.434886499402628,0.417290673927842,0.356732450662003,0,
0.322025142069916,0.33444347063979,0.634408602150538,0.61379623326526,0.32075943042718,0,
0.489237127604615,0.716739702015776,0.539227399442453,0.44020875879283,0.32075943042718,0,
0.824177716548993,0.440841367221735,0.466746316208682,0.446789199001588,0.389208093929553,0,
0.603065266058206,0.382471516213848,0.632417363600159,0.551849330610393,0.451911066699975,0,
0.809195798174617,0.315512708150745,0.338311429709279,0.342409802586794,0.308768423682238,0,
0.434992250731875,0.37703768624014,0.309040223018718,0.317449512139778,0.288033974519111,0,
0.661443085930773,0.369325153374233,0.334328952608522,0.377808032675289,0.342742942792905,0,
0.319269846736697,0.292024539877301,0.453405017921147,0.216927615157704,0.780414688983262,0,
0.379025314275874,0.571603856266433,0.285344484269215,0.310869071931019,0.295778166375219,0,
0.337351472360944,0.299386503067485,0.546196734368777,0.894712956659859,0.112665500874344,0,
0.351127949027036,0.433829973707274,0.804460374352847,0.217381438620377,0.477641768673495,0,
0.855174789047701,0.192287467134093,0.397650338510554,0.384388472884048,0.291531351486385,0,
0.493197864646117,0.5977212971078,0.279569892473118,0.510778307238484,0.254559080689483,0,
0.320130876528328,0.429447852760736,0.637196336121067,0.254594962559564,0.276292780414689,0,
0.606509385224729,0.367046450482033,0.401831939466348,0.392557295212162,0.345490881838621,0,
0.334423971069399,0.383172655565294,0.812823576264436,0.202632176083504,0.32075943042718,0,
0.304115722403995,0.284312007011393,0.431700517722023,0.21783526208305,0.32075943042718,0,
0.257964525572585,0.640666082383874,0.560334528076464,0.493079192194236,0.32075943042718,0,
0.674358532805235,0.320946538124452,0.394663480684986,0.381211708645337,0.298526105420934,0,
0.525400378853108,0.667484662576687,0.570888092393469,0.488540957567506,0.275043717212091,0,
0.726881350094713,0.303242769500438,0.341696535244922,0.381438620376673,0.303772170871846,0,
0.344928534527295,0.52988606485539,0.567502986857826,0.460630814613115,0.260554584061954,0,
0.333735147236094,0.4988606485539,0.491039426523298,0.42001361470388,0.362977766674994,0,
0.309970724987085,0.278352322524102,0.427319792911191,0.673020195144089,0.777666749937547,0,
0.325641467194765,0.323575810692375,0.507168458781362,0.847969140004538,0.131401448913315,0,
0.399517823316687,0.634355828220859,0.257068896853843,0.310642160199682,0.293030227329503,0,
0.329085586361288,0.465205959684487,0.809637594583831,0.2119355570683,0.246565076192855,0,
0.36128810056828,0.503768624014023,0.60752688172043,0.464488314045836,0.253809642767924,0,
0.334940588944377,0.605083260297984,0.564516129032258,0.470841842523259,0.259055708218836,0,
0.7472016531772,0.48851884312007,0.312624452409399,0.51168595416383,0.258306270297277,0,
0.252281728947822,0.531113058720421,0.527479091995221,0.522350805536646,0.32075943042718,0,
0.389702083692096,0.853812445223488,0.222222222222222,0.462219196732471,0.441668748438671,0,
0.619252626140864,0.346187554776512,0.404221425726802,0.390061266167461,0.302772920309768,0,
0.393318408816945,0.733917616126205,0.518319394663481,0.595870206489675,0.226080439670247,0,
0.445496814189771,0.612445223488168,0.491636798088411,0.466530519627865,0.601798651011741,0,
0.496814189770966,0.62524101665206,0.268020708880924,0.319945541184479,0.32075943042718,0,
0.363354572068193,0.409465381244522,0.766029470330546,0.232811436351259,0.253060204846365,0,
0.362493542276563,0.384399649430324,0.726602947033055,0.224642614023145,0.220834374219335,0,
0.489237127604615,0.745836985100789,0.272401433691756,0.311776718856365,0.286285286035473,0,
0.402445324608231,0.776336546888694,0.270410195141378,0.297481279782165,0.268298775918061,0,
0.307387635612192,0.293251533742331,0.482875348466746,0.461765373269798,0.32075943042718,0,
0.699845014637506,0.363540753724803,0.426921545201115,0.341048332198775,0.337746689982513,0,
0.465128293438953,0.493952673093777,0.318199920350458,0.33741774449739,0.344491631276543,0,
0.456862407439297,0.362489044697634,0.740342493030665,0.575675062400726,0.227829128153885,0,
0.489237127604615,0.36091148115688,0.393070489844683,0.378715679600635,0.342992755433425,0,
0.511623902187016,0.538124452234882,0.300278773397053,0.267075107783072,0.693979515363477,0,
0.311348372653694,0.286064855390009,0.439864595778574,0.20807805763558,0.0669497876592556,0,
0.273635267780265,0.350394390885188,0.653126244524094,0.584070796460177,0.32075943042718,0,
0.480626829688307,0.605433829973707,0.289326961369972,0.416383027002496,0.282787909068199,0,
0.883244360254865,0.390008764241893,0.326762246117085,0.390288177898797,0.407944041968524,0,
0.923884966419838,0.376687116564417,0.331541218637993,0.339006126616746,0.307019735198601,0,
0.396934733941794,0.662401402278703,0.256670649143767,0.427728613569322,0.32075943042718,0,
0.482004477354916,0.658194566170026,0.283751493428913,0.320399364647152,0.292780414688983,0,
0.345617358360599,0.723225241016652,0.504978096375946,0.446789199001588,0.244566575068699,0,
0.410883416566213,0.803856266432954,0.258462763839108,0.307692307692308,0.359980014988758,0,
0.341140003444119,0.384574934268186,0.745917960971724,0.239618788291355,0.32075943042718,0,
0.467194764938867,0.543207712532866,0.298486658701712,0.405491263898344,0.354983762178366,0,
0.723781642844842,0.313409290096407,0.404818797291916,0.397322441570229,0.304521608793405,0,
0.40743929739969,0.558282208588957,0.62863401035444,0.26072157930565,0.195353484886335,0,
0.297744101945927,0.199649430324277,0.439267224213461,0.495575221238938,0.32075943042718,0,
0.476493886688479,0.619807186678352,0.296097172441258,0.326525981393238,0.347239570322258,0,
0.351472360943689,0.499561787905346,0.259657506969335,0.443385523031541,0.28828378715963,0,
0.691751334596177,0.282033304119194,0.699123855037833,0.268663489902428,0.387959030726955,0,
0.488031685896332,0.387204206836109,0.334727200318598,0.374631268436578,0.340244816387709,0,
0.325985879111417,0.599298860648554,0.572082835523696,0.253914227365555,0.32075943042718,0,
0.40072326502497,0.826643295354952,0.268418956591,0.301792602677558,0.413689732700475,0,
0.350094713277079,0.307449605609115,0.552568697729988,0.847061493079192,0.12190856857357,0,
0.454623729981057,0.60578439964943,0.730585424133811,0.258679373723621,0.456157881588808,0,
0.339073531944205,0.495004382120947,0.804460374352847,0.19378261856138,0.462153384961279,0,
0.357327363526778,0.595092024539877,0.484866587017125,0.429316995688677,0.28853359980015,0,
0.731358705011193,0.366871165644172,0.421346077260056,0.528250510551395,0.262303272545591,0,
0.471155501980368,0.652585451358457,0.26284348864994,0.6761969593828,0.226829877591806,0,
0.316858963320131,0.335845749342682,0.626443647949024,0.804175175856592,0.165625780664502,0,
0.449974169106251,0.710780017528484,0.284547988849064,0.470388019060585,0.492130901823632,0,
0.42448768727398,0.726029798422436,0.258462763839108,0.542772861356932,0.24981264051961,0,
0.315481315653522,0.511130587204207,0.564516129032258,0.514181983208532,0.32075943042718,0,
0.351816772860341,0.531989482909728,0.482875348466746,0.41547538007715,0.355233574818886,0,
0.548820389185466,0.507449605609115,0.682596575069693,0.299523485364193,0.288033974519111,0,
0.322197348028242,0.400525854513585,0.770011947431302,0.185840707964602,0.171871096677492,0,
0.486998450146375,0.465731814198072,0.305057745917961,0.33287950987066,0.32075943042718,0,
0.319786464611676,0.308326029798422,0.529669454400637,0.790333560245065,0.102173369972521,0,
0.306354399862235,0.294829097283085,0.489446435682995,0.476514635806671,0.223332500624532,0,
0.362493542276563,0.618930762489045,0.535045798486659,0.46811890174722,0.588558581064202,0,
0.552608920268641,0.427695004382121,0.32994822779769,0.341502155661448,0.337996502623033,0,
0.761839159634923,0.284662576687117,0.401234567901235,0.409121851599728,0.299775168623532,0,
0.912174961253659,0.343032427695004,0.433094384707288,0.451100521896982,0.286535098675993,0,
0.722576201136559,0.295705521472393,0.3878932696137,0.380304061719991,0.300774419185611,0,
0.48097124160496,0.529184925503944,0.451612903225806,0.287950987066031,0.722458156382713,0,
0.352505596693646,0.654688869412796,0.487256073277579,0.437485818016791,0.243067699225581,0,
0.595315997933528,0.402979842243646,0.535444046196734,0.717041071023372,0.208343742193355,0,
0.321164112278285,0.452936021034181,0.815810434090004,0.172679827547084,0.233325006245316,0,
0.342345445152402,0.36669588080631,0.491238550378335,0.731336510097572,0.715463402448164,0,
0.321508524194937,0.296406660823839,0.473715651135006,0.432266848196052,0.521608793404946,0,
0.336146030652661,0.592988606485539,0.52110712863401,0.417744497390515,0.362727954034474,0,
0.381952815567419,0.716213847502191,0.544205495818399,0.287950987066031,0.279290532100924,0,
0.435336662648528,0.606310254163015,0.266029470330546,0.312230542319038,0.284036972270797,0,
0.412088858274496,0.648203330411919,0.2463162086818,0.429543907420014,0.360479640269798,0,
0.393662820733597,0.639263803680982,0.780167264038232,0.225550260948491,0.242568073944542,0,
0.318581022903392,0.396143733567046,0.833532457188371,0.190378942591332,0.16662503122658,0,
0.894782159462717,0.360210341805434,0.417761847869375,0.294985250737463,0.261054209342993,0,
0.48183227139659,0.671866783523225,0.293906810035842,0.325164511005219,0.365975518361229,0,
0.348372653693818,0.541104294478528,0.64058144165671,0.266621284320399,0.260554584061954,0,
0.315309109695195,0.287992988606486,0.460971724412585,0.158384388472884,0.32075943042718,0,
0.345445152402273,0.408588957055215,0.949820788530466,0.148173360562741,0.32075943042718,0,
0.778198725675908,0.292199824715162,0.400438072481083,0.378034944406626,0.347739195603298,0,
0.316170139486826,0.312708150744961,0.474512146555157,0.51168595416383,0.32075943042718,0,
0.77320475288445,0.411218229623138,0.445838311429709,0.507601542999773,0.279290532100924,0,
0.333735147236094,0.312182296231376,0.679410593389088,0.67165872475607,0.49362977766675,0,
0.389185465817117,0.57931638913234,0.510155316606929,0.439074200136147,0.370721958531102,0,
0.361804718443258,0.0506573181419807,0.100756670649144,0.191740412979351,0.233325006245316,0,
0.392112967108662,0.819456617002629,0.239346873755476,0.303154073065577,0.32075943042718,0,
0.581195109350783,0.541805433829974,0.635005973715651,0.304742455184933,0.291531351486385,0,
0.330291028069571,0.420508326029798,0.749900438072481,0.221919673247107,0.264301773669748,0,
0.35319442052695,0.624715162138475,0.575069693349263,0.218742909008396,0.653509867599301,0,
0.358360599276735,0.406836108676599,0.753285543608124,0.627184025414114,0.482638021483887,0,
0.335112794902704,0.352322524101665,0.858622062923138,0.181529385069208,0.414688983262553,0,
0.447563285689685,0.751446099912358,0.268618080446037,0.312684365781711,0.284786410192356,0,
0.35543309798519,0.561437335670465,0.884508164078057,0.219650555933742,0.254059455408444,0,
0.443774754606509,0.375109553023663,0.326363998407009,0.343998184706149,0.337496877341994,0,
0.372137075942828,0.672918492550394,0.265033851055356,0.681189017472203,0.21808643517362,0,
0.335112794902704,0.316213847502191,0.728594185583433,0.568867710460631,0.440669497876593,0,
0.340623385569141,0.343382997370727,0.582636399840701,0.686181075561607,0.164876342742943,0,
0.380230755984157,0.627344434706398,0.561728395061728,0.450192874971636,0.26904821383962,0,
0.681074565179955,0.346187554776512,0.340900039824771,0.383934649421375,0.308518611041719,0,
0.74048562080248,0.345486415425066,0.407009159697332,0.388926707510778,0.291781164126905,0,
0.48097124160496,0.515162138475022,0.290123456790123,0.478783753120036,0.4484136897327,0,
0.838987428965042,0.368273444347064,0.321784149741139,0.337871567960064,0.306769922558081,0,
0.363182366109867,0.371078001752848,0.610513739545998,0.755162241887906,0.191606295278541,0,
0.647322197348028,0.51954425942156,0.511549183592194,0.320399364647152,0.359980014988758,0,
0.322541759944894,0.303768624014023,0.480087614496217,0.223961878829135,0.32075943042718,0,
0.83416566213191,0.185626643295355,0.395659099960175,0.385976855003404,0.292280789407944,0,
0.882727742379886,0.364592462751972,0.33452807646356,0.3380984796914,0.30751936047964,0,
0.384191493025659,0.712883435582822,0.595977698128236,0.287043340140685,0.32075943042718,0,
0.325124849319786,0.364066608238387,0.521704500199124,0.650782845473111,0.169372970272296,0,
0.37024281040124,0.808939526730938,0.237355635205098,0.454958021329703,0.32075943042718,0,
0.585500258308937,0.376862401402279,0.281561131023497,0.773995915588836,0.210592055958031,0,
0.405889443774755,0.607361963190184,0.486260454002389,0.425005672793283,0.283537346989758,0,
0.319614258653349,0.431551270815074,0.669852648347272,0.257090991604266,0.267299525355983,0,
0.730842087136215,0.297808939526731,0.422739944245321,0.340367597004765,0.307269547839121,0,
0.382986051317376,0.741279579316389,0.245519713261649,0.628999319264806,0.238820884336747,0,
0.485793008438092,0.512883435582822,0.464954201513341,0.433401406852734,0.252060954284287,0,
0.423798863440675,0.522699386503067,0.280764635603345,0.319037894259133,0.30127404446665,0,
0.320819700361632,0.382296231375986,0.448825169255277,0.522350805536646,0.566075443417437,0,
0.665920440847253,0.287291849255039,0.347670250896057,0.375538915361924,0.29477891581314,0,
0.505768899603926,0.398773006134969,0.313022700119474,0.382119355570683,0.305770671996003,0,
0.368004132943,0.57125328659071,0.594583831142971,0.49217154526889,0.248313764676493,0,
0.41639400723265,0.333216476774759,0.679410593389088,0.628545495802133,0.463652260804397,0,
0.407611503358016,0.768098159509202,0.262046993229789,0.307465395960971,0.28878341244067,0,
0.417427242982607,0.65977212971078,0.499402628434886,0.449058316314954,0.227579315513365,0,
0.643878078181505,0.382471516213848,0.396057347670251,0.38688450192875,0.34624031976018,0,
0.336490442569313,0.787028921998247,0.263440860215054,0.642160199682324,0.226829877591806,0,
0.436025486481832,0.707800175284838,0.235762644364795,0.445200816882233,0.32075943042718,0,
0.670053383847081,0.309377738825592,0.392672242134608,0.38688450192875,0.28203847114664,0,
0.447046667814706,0.579491673970202,0.479689366786141,0.295439074200136,0.672495628278791,0,
0.314792491820217,0.291849255039439,0.426722421346077,0.535057862491491,0.773919560329753,0,
0.368004132943,0.484136722173532,0.462962962962963,0.427501701837985,0.32075943042718,0,
0.582056139142414,0.643120070113935,0.295898048586221,0.327433628318584,0.354484136897327,0,
0.318753228861719,0.305346187554776,0.462763839107925,0.84592693442251,0.0741943542343243,0,
0.514379197520234,0.590008764241893,0.278375149342891,0.250737463126844,0.626030477142143,0,
0.331152057861202,0.42296231375986,0.892273994424532,0.144542772861357,0.32075943042718,0,
0.315481315653522,0.309027169149869,0.462763839107925,0.576809621057409,0.540844366724956,0,
0.445152402273119,0.73567046450482,0.280565511748307,0.319491717721806,0.291531351486385,0,
0.90855863612881,0.176687116564417,0.338311429709279,0.380304061719991,0.304521608793405,0,
0.416738419149303,0.716739702015776,0.519912385503783,0.308599954617654,0.291781164126905,0,
0.776132254175994,0.368624014022787,0.421146953405018,0.402087587928296,0.460904321758681,0,
0.758050628551748,0.191235758106924,0.400637196336121,0.385749943272067,0.285036222832875,0,
0.894782159462717,0.184750219106047,0.398845081640781,0.383707737690039,0.305770671996003,0,
0.524539349061478,0.603505696757231,0.302469135802469,0.321080099841162,0.284536597551836,0,
0.64680557947305,0.435056967572305,0.422939068100358,0.41025641025641,0.304521608793405,0,
0.62304115722404,0.445398773006135,0.414974113898845,0.384615384615385,0.304021983512366,0,
0.753401067676942,0.286765994741455,0.453006770211071,0.582028590878148,0.264551586310267,0,
0.538143619769244,0.551446099912358,0.313620071684588,0.328114363512594,0.351986010492131,0,
0.641639400723265,0.503768624014023,0.310434090003982,0.339459950079419,0.342742942792905,0,
0.485620802479766,0.528834355828221,0.579450418160096,0.487860222373497,0.41693729702723,0,
0.859996555880833,0.308851884312007,0.338510553564317,0.378942591331972,0.30751936047964,0,
0.365937661443086,0.76441717791411,0.278773397052967,0.317449512139778,0.36522608043967,0,
0.395557086275185,0.829447852760736,0.242134607726006,0.505559337417744,0.272795403447414,0,
0.312726020320303,0.288343558282209,0.448626045400239,0.519400953029272,0.646515113664751,0,
0.307387635612192,0.300438212094654,0.494623655913978,0.494894486044929,0.206844866350237,0,
0.788531083175478,0.292375109553024,0.417562724014337,0.392330383480826,0.301773669747689,0,
0.392112967108662,0.72410166520596,0.276383910792513,0.630360789652825,0.233574818885836,0,
0.285173066988118,0.326029798422436,0.626642771804062,0.725209893351486,0.32075943042718,0,
0.328052350611331,0.328834355828221,0.518717642373556,0.761061946902655,0.187359480389708,0,
0.332013087652833,0.315162138475022,0.690959776981282,0.62741093714545,0.496877341993505,0,
0.318064405028414,0.381770376862401,0.661489446435683,0.945314272747901,0.0719460404696478,0,
0.350611331152058,0.385977212971078,0.87594583831143,0.66258225550261,0.181613789657757,0,
0.353022214568624,0.432427695004382,0.612305854241338,0.53188109825278,0.268048963277542,0,
0.528500086102979,0.618930762489045,0.290322580645161,0.415929203539823,0.366475143642268,0,
0.397106939900121,0.58737949167397,0.834328952608522,0.219196732471069,0.240319760179865,0,
0.578267608059239,0.472217353198948,0.322779769016328,0.390515089630134,0.353984511616288,0,
0.578784225934217,0.631901840490798,0.27479091995221,0.456092579986385,0.456657506869848,0,
0.313070432236955,0.278702892199825,0.469135802469136,0.670297254368051,0.629278041468898,0,
0.363698983984846,0.538650306748466,0.289326961369972,0.317222600408441,0.29502872845366,0,
0.404167384191493,0.31726555652936,0.517522899243329,0.79260267755843,0.171121658755933,0,
0.340451179610815,0.431726555652936,0.854440461967344,0.185613796233265,0.218336247814139,0,
0.646633373514724,0.437510955302366,0.422939068100358,0.412071704107102,0.304271796152885,0,
0.315653521611848,0.338475021910605,0.660892074870569,0.856364874063989,0.32075943042718,0,
0.340106767694162,0.431200701139351,0.636798088410992,0.250283639664171,0.32075943042718,0,
0.267435853280523,0.476774758983348,0.676224611708483,0.235534377127297,0.32075943042718,0,
0.316686757361805,0.299912357581069,0.522899243329351,0.712729748127978,0.589308018985761,0,
0.793697261925263,0.323926380368098,0.614496216646754,0.283866575901974,0.285286035473395,0,
0.545892887893921,0.566170026292726,0.300876144962166,0.32834127524393,0.302273295028728,0,
0.854830377131049,0.178965819456617,0.336121067303863,0.38166553210801,0.334748938296278,0,
0.675219562596866,0.289921121822962,0.436678614097969,0.339686861810756,0.336497626779915,0,
0.495264336146031,0.627695004382121,0.294703305455994,0.410029498525074,0.359730202348239,0,
0.429998277940417,0.617703768624014,0.267622461170848,0.315634218289086,0.32075943042718,0,
0.366282073359738,0.503067484662577,0.477698128235763,0.314953483095076,0.290032475643268,0,
0.672464267263647,0.327957931638913,0.395260852250099,0.380530973451327,0.302772920309768,0,
0.391596349233683,0.679404031551271,0.248705694942254,0.419559791241207,0.37796652510617,0,
0.306698811778888,0.286765994741455,0.451612903225806,0.200589970501475,0.776417686734949,0,
0.351472360943689,0.803330411919369,0.251294305057746,0.426820966643976,0.369223082687984,0,
0.457034613397624,0.689921121822962,0.281362007168459,0.629906966190152,0.226580064951287,0,
0.430859307732047,0.562138475021911,0.763241736360016,0.247560698888133,0.32075943042718,0,
0.282762183571552,1,0.26742333731581,0.301338779214885,0.280039970022483,0,
0.344756328568968,0.816476774758983,0.230784547988849,0.431359201270706,0.277791656257807,0,
0.769071809884622,0.287817703768624,0.595181202708084,0.289766280916723,0.387959030726955,0,
0.363698983984846,0.374233128834356,0.779769016328156,0.798275470841842,0.176367724206845,0,
0.402617530566558,0.776687116564417,0.259458383114297,0.302246426140231,0.289532850362228,0,
0.458928878939211,0.463453111305872,0.30426125049781,0.331291127751305,0.304021983512366,0,
0.522817289478216,0.418580192813322,0.609518120270808,0.610619469026549,0.491381463902073,0,
0.330118822111245,0.337423312883436,0.804659498207885,0.221238938053097,0.402947789158131,0,
0.56431892543482,0.517616126205083,0.518319394663481,0.44928522804629,0.419185610791906,0,
0.555880833476838,0.327256792287467,0.398645957785743,0.392557295212162,0.338246315263552,0,
0.348889271568796,0.60578439964943,0.256073277578654,0.438847288404811,0.32075943042718,0,
0.403650766316514,0.557230499561788,0.262445240939865,0.407079646017699,0.292030976767424,0,
0.338556914069227,0.685539000876424,0.510155316606929,0.451327433628319,0.285036222832875,0,
0.518339934561736,0.66432953549518,0.296495420151334,0.325164511005219,0.29502872845366,0,
0.322886171861546,0.451183172655565,0.650139386698526,0.46811890174722,0.274793904571571,0,
0.473738591355261,0.59421560035057,0.277976901632816,0.411164057181756,0.287784161878591,0,
0.761666953676597,0.334794040315513,0.419553962564715,0.34263671431813,0.342992755433425,0,
0.309798519028758,0.315337423312883,0.574870569494225,0.811663262990697,0.125655758181364,0,
0.325641467194765,0.417353198948291,0.812823576264436,0.198093941456773,0.32075943042718,0,
0.359738246943344,0.79193689745837,0.263639984070092,0.312457454050374,0.286784911316513,0,
0.50111933872912,0.653111305872042,0.264834727200319,0.424098025867937,0.283287534349238,0,
0.335629412777682,0.419456617002629,0.831939466348068,0.179260267755843,0.32075943042718,0,
0.338901325985879,0.605609114811569,0.720230983671844,0.219423644202405,0.253559830127404,0,
0.552436714310315,0.539176161262051,0.476304261250498,0.31926480599047,0.32075943042718,0,
0.332874117444464,0.37703768624014,0.804659498207885,0.201270705695484,0.417686734948788,0,
0.741691062510763,0.295530236634531,0.386897650338511,0.379850238257318,0.342493130152386,0,
0.602204236266575,0.628921998247152,0.262445240939865,0.41093714545042,0.373220084936298,0,
0.549853624935423,0.524276950043821,0.479091995221027,0.319037894259133,0.29477891581314,0,
0.353366626485276,0.433654688869413,0.687574671445639,0.505559337417744,0.191356482638021,0,
0.55398656793525,0.440490797546012,0.451413779370769,0.415021556614477,0.27579315513365,0,
0.380747373859135,0.720420683610868,0.258861011549184,0.437031994554118,0.28178865850612,0,
0.332529705527811,0.507099035933392,0.624651533253684,0.466303607896528,0.257556832375718,0,
0.735491648011021,0.191411042944785,0.403026682596575,0.389834354436124,0.287534349238071,0,
0.666437058722232,0.152322524101665,0.417562724014337,0.418652144315861,0.289782663002748,0,
0.534527294644395,0.500964066608238,0.457785742731979,0.722033129112775,0.214838870846865,0,
0.516101257103496,0.49079754601227,0.311230585424134,0.431813024733379,0.32075943042718,0,
0.518684346478388,0.448553900087642,0.449223416965352,0.443839346494214,0.223082687984012,0,
0.314275873945238,0.380718667835232,0.714854639585822,0.191513501248015,0.32075943042718,0,
0.328224556569657,0.468361086765995,0.725806451612903,0.515997277059224,0.32075943042718,0,
0.393146202858619,0.674846625766871,0.494026284348865,0.425686407987293,0.382213339995004,0,
0.458412261064233,0.584224364592463,0.286140979689367,0.319491717721806,0.293030227329503,0,
0.376786636817634,0.614548641542507,0.686379928315412,0.490356251418198,0.26255308518611,0,
0.314103667986912,0.364943032427695,0.797889287136599,0.156796006353528,0.32075943042718,0,
0.567246426726365,0.333917616126205,0.397650338510554,0.393464942137508,0.33949537846615,0,
0.420699156190804,0.333567046450482,0.695937873357228,0.606535057862492,0.469148138895828,0,
0.581022903392457,0.541805433829974,0.634806849860613,0.304742455184933,0.291281538845866,0,
0.690201480971242,0.470464504820333,0.311429709279172,0.403902881778988,0.297027229577817,0,
0.741002238677458,0.431551270815074,0.566109119872561,0.469026548672566,0.286035473394954,0,
0.32633029102807,0.439439088518843,0.634408602150538,0.274109371454504,0.282787909068199,0,
0.369726192526261,0.412795793163891,0.752289924332935,0.185386884501929,0.219335498376218,0,
0.426381952815567,0.621735319894829,0.2536837913182,0.314726571363739,0.356982263302523,0,
0.312209402445325,0.285714285714286,0.462166467542812,0.833446789199002,0.0911816137896578,0,
0.314620285861891,0.371078001752848,0.788331342094783,0.164964828681643,0.32075943042718,0,
0.533149646977785,0.584925503943909,0.30605336519315,0.323349217154527,0.287534349238071,0,
0.34200103323575,0.338124452234882,0.794703305455994,0.6333106421602,0.458905820634524,0,
0.307904253487171,0.280105170902717,0.430704898446834,0.461992285001135,0.32075943042718,0,
0.489409333562941,0.559859772129711,0.293110314615691,0.322214658497844,0.293280039970022,0,
0.480282417771655,0.482033304119194,0.285941855834329,0.330837304288632,0.343242568073945,0,
0.405545031858102,0.588606485539001,0.684986061330147,0.270251872021783,0.273295028728454,0,
0.35904942311004,0.670289219982471,0.499203504579849,0.479464488314046,0.219335498376218,0,
0.264336146030653,0.0718667835232252,0.798486658701712,0.16451100521897,0.191856107919061,0,
0.32495264336146,0.468536371603856,0.71963361210673,0.512820512820513,0.32075943042718,0,
0.339417943860858,0.412094653812445,0.899442453205894,0.164964828681643,0.484636522608044,0,
0.710521784053728,0.399824715162138,0.336121067303863,0.385069208078058,0.341493879590307,0,
0.486481832271397,0.515863277826468,0.290720828355237,0.327433628318584,0.32075943042718,0,
0.518856552436714,0.427344434706398,0.314615690959777,0.382800090764693,0.304521608793405,0,
0.713104873428621,0.314460999123576,0.412783751493429,0.340594508736102,0.338496127904072,0,
0.469950060272085,0.56441717791411,0.494026284348865,0.26072157930565,0.60929303022733,0,
0.856380230755984,0.285363716038563,0.595778574273198,0.308146131154981,0.299775168623532,0,
0.123643878078181,0.5056967572305,0.297889287136599,0.327887451781257,0.299275543342493,0,
0.350783537110384,0.549868536371604,0.658900836320191,0.265713637395053,0.2560579565326,0,
0.389013259858791,0.674496056091148,0.663480684986061,0.505786249149081,0.252810392205846,0,
0.319614258653349,0.331463628396144,0.631819992035046,0.776718856364874,0.32075943042718,0,
0.39400723265025,0.683786152497809,0.657706093189964,0.26525981393238,0.273794654009493,0,
0.349922507318753,0.479053461875548,0.719434488251693,0.257998638529612,0.257057207094679,0,
0.485104184604787,0.356529360210342,0.804062126642772,0.201951440889494,0.398451161628778,0,
0.558291716893405,0.358983347940403,0.343488649940263,0.34717494894486,0.333749687734199,0,
0.6096090924746,0.188080631025416,0.411987256073278,0.393464942137508,0.295528353734699,0,
0.419665920440847,0.671516213847502,0.270011947431302,0.416609938733833,0.25655758181364,0,
0.320303082486654,0.314636283961437,0.458582238152131,0.539823008849557,0.32075943042718,0,
0.327880144653005,0.475372480280456,0.720430107526882,0.219877467665078,0.25006245316013,0,
0.325641467194765,0.301840490797546,0.491039426523298,0.482187429090084,0.32075943042718,0,
0.86912347167212,0.317090271691499,0.410195141377937,0.509870660313138,0.27579315513365,0,
0.310659548820389,0.31954425942156,0.587216248506571,0.267755842977082,0.228078940794404,0,
0.346650594110556,0.603505696757231,0.660493827160494,0.525300658044021,0.400199850112416,0,
0.482348889271569,0.774583698510079,0.238351254480287,0.422282732017245,0.361229078191356,0,
0.328052350611331,0.454513584574934,0.757467144563919,0.160426594054913,0.32075943042718,0,
0.334596177027725,0.41034180543383,0.835523695738749,0.594508736101656,0.32075943042718,0,
0.346133976235578,0.420858895705521,0.855635205097571,0.617199909235307,0.204096927304522,0,
0.556569657310143,0.479929886064855,0.45400238948626,0.422282732017245,0.28203847114664,0,
0.638884105390046,0.420157756354075,0.434488251692553,0.339459950079419,0.308018985760679,0,
0.322025142069916,0.31375985977213,0.479490242931103,0.166326299069662,0.32075943042718,0,
0.304287928362321,0.28273444347064,0.448227797690163,0.255729521216247,0.32075943042718,0,
0.309626313070432,0.324802804557406,0.587216248506571,0.358747447243022,0.32075943042718,0,
0.317719993111762,0.29079754601227,0.455993628036639,0.178579532561833,0.32075943042718,0,
0.26175305665576,0.176161262050833,0.242731979291119,0.597004765146358,0.32075943042718,0,
0.3159979335285,0.309027169149869,0.225408203902828,0.72952121624688,0.760679490382213,0,
0.483554330979852,0.439789658194566,0.432696136997212,0.3380984796914,0.33999500374719,0,
0.84535904942311,0.371078001752848,0.411190760653126,0.518266394372589,0.250811891081689,0,
0.338384708110901,0.376161262050833,0.864994026284349,0.216473791695031,0.235823132650512,0,
0.342345445152402,0.571078001752848,0.744524093986459,0.218515997277059,0.32075943042718,0,
0.790597554675392,0.180368098159509,0.342692154520111,0.376673474018607,0.306520109917562,0,
0.384708110900637,0.654688869412796,0.268219832735962,0.437031994554118,0.592305770671996,0,
0.737902531427587,0.315162138475022,0.336519315013939,0.341729067392784,0.350487134649013,0,
0.399690029275013,0.539176161262051,0.276184786937475,0.317222600408441,0.29502872845366,0,
0.686585155846392,0.191586327782647,0.405814416567105,0.398683911958248,0.299525355983013,0,
0.404856208024798,0.430324276950044,0.737953006770211,0.243930111186748,0.424931301523857,0,
0.701567074220768,0.41384750219106,0.413978494623656,0.40117994100295,0.370721958531102,0,
0.477871534355089,0.583523225241017,0.478096375945838,0.690265486725664,0.232075943042718,0,
0.351988978818667,0.496056091148116,0.551772202309837,0.286362604946676,0.435423432425681,0,
0.330291028069571,0.483610867659947,0.634010354440462,0.266167460857726,0.404946290282288,0,
0.749612536593766,0.311130587204207,0.410991636798088,0.378942591331972,0.343742193354984,0,
0.307559841570518,0.294478527607362,0.507168458781362,0.6761969593828,0.216337746689983,0,
0.448079903564663,0.727782646801052,0.280764635603345,0.319945541184479,0.28878341244067,0,
0.318408816945066,0.384574934268186,0.701712465153325,0.81597458588609,0.152635523357482,0,
0.546065093852247,0.53216476774759,0.563321385902031,0.516451100521897,0.590557082188359,1,
0.219390390907525,0.102716914986854,0.571286340103544,0.238484229634672,0.240819385460904,1,
0.467194764938867,0.551095530236635,0.756670649143767,0.254141139096891,0.277292030976767,1,
0.324780437403134,0.367397020157756,0.6047391477499,0.519854776491945,0.268048963277542,1,
0.38952987773377,0.312883435582822,0.663480684986061,0.509416836850465,0.476142892830377,1,
0.329774410194593,0.298510078878177,0.48984468339307,0.781030179260268,0.632025980514614,1,
0.379541932150852,0.484136722173532,0.67184388689765,0.272974812797822,0.261054209342993,1,
0.377819872567591,0.647502191060473,0.572481083233771,0.529158157476742,0.248063952035973,1,
0.311176166695368,0.341630148992112,0.607925129430506,0.572952121624688,0.32075943042718,1,
0.318753228861719,0.345135845749343,0.65252887295898,0.649421375085092,0.141893579815139,1,
0.376614430859308,0.562313759859772,0.666069295101553,0.728386657590197,0.201848613539845,1,
0.437230928190115,0.460823838737949,0.656113102349661,0.266167460857726,0.285785660754434,1,
0.386430170483899,0.354951796669588,0.776782158502589,0.249149081007488,0.491881089183113,1,
0.444463578439814,0.458720420683611,0.706690561529271,0.607896528250511,0.529103172620535,1,
0.33080764594455,0.364767747589833,0.562325766626842,0.638983435443612,0.32075943042718,1,
0.474599621146892,0.634706397896582,0.672242134607726,0.268890401633764,0.280039970022483,1,
0.491992422937834,0.627519719544259,0.630227001194743,0.255048786022237,0.281289033225081,1,
0.386430170483899,0.452760736196319,0.706889685384309,0.559337417744497,0.614289283037722,1,
0.337179266402618,0.440841367221735,0.788132218239745,0.20739732244157,0.214838870846865,1,
0.431548131565352,0.447502191060473,0.737355635205098,0.595643294758339,0.500874344241819,1,
0.339245737902531,0.378439964943032,0.884309040223019,0.647832992965736,0.53859605296028,1,
0.386430170483899,0.597546012269939,0.54320987654321,0.495575221238938,0.219585311016737,1,
0.469605648355433,0.376336546888694,0.577459179609717,0.600181529385069,0.437921558830877,1,
0.327363526778026,0.388957055214724,0.544006371963361,0.587474472430225,0.201848613539845,1,
0.328052350611331,0.36669588080631,0.221624850657109,0.849103698661221,0.085935548338746,1,
0.388668847942139,0.451183172655565,0.848068498606133,0.217381438620377,0.250562078441169,1,
0.323919407611503,0.351446099912358,0.606531262445241,0.754708418425233,0.193854609043218,1,
0.395384880316859,0.505170902716915,0.648546395858224,0.517358747447243,0.589058206345241,1,
0.339590149819184,0.35863277826468,0.445240939864596,0.59950079419106,0.191356482638021,1,
0.462200792147408,0.600175284837862,0.611708482676225,0.535965509416837,0.263302523107669,1,
0.317892199070088,0.329710780017528,0.505177220230984,0.879509870660313,0.32075943042718,1,
0.501635956604099,0.354776511831727,0.722819593787336,0.638529611980939,0.482388208843367,1,
0.317892199070088,0.330236634531113,0.545798486658702,0.77762650329022,0.206095428428678,1,
0.268296883072154,0.320420683610868,0.257268020708881,0.100068073519401,0.32075943042718,1,
0.443258136731531,0.697107800175285,0.613102349661489,0.491263898343544,0.273045216087934,1,
0.327880144653005,0.3056967572305,0.503385105535643,0.77240753346948,0.742443167624282,1,
0.461167556397451,0.375635407537248,0.746714456391876,0.224642614023145,0.567824131901074,1,
0.328741174444636,0.31375985977213,0.493229788928714,0.615157703653279,0.32075943042718,1,
0.27656276907181,0.172830850131464,0.500597371565113,0.217381438620377,0.32075943042718,1,
0.348544859652144,0.436985100788782,0.771007566706491,0.57476741547538,0.151636272795403,1,
0.331152057861202,0.296932515337423,0.476503385105536,0.764692534604039,0.696227829128154,1,
0.328396762527983,0.286765994741455,0.488450816407806,0.766280916723394,0.649512865350987,1,
0.410022386774582,0.452936021034181,0.822978892871366,0.677785341502156,0.32075943042718,1,
0.454623729981057,0.489219982471516,0.628833134209478,0.482641252552757,0.656007994004497,1,
0.434303426898571,0.496932515337423,0.536240541616886,0.656455638756524,0.694728953285036,1,
0.359738246943344,0.329009640666082,0.541616885702907,0.615157703653279,0.32075943042718,1,
0.322369553986568,0.344434706397897,0.690362405416169,0.551622418879056,0.207344491631277,1,
0.444119166523162,0.358808063102542,0.751095181202708,0.788972089857046,0.190856857356982,1,
0.30928190115378,0.341279579316389,0.590003982477101,0.62287270251872,0.32075943042718,1,
0.36352677802652,0.378790534618756,0.526284348864994,0.678466076696165,0.32075943042718,1,
0.320130876528328,0.35284837861525,0.587813620071685,0.792375765827093,0.32075943042718,1,
0.360599276734975,0.521121822962314,0.531859816806053,0.460403902881779,0.395453409942543,1,
0.337179266402618,0.2988606485539,0.58641975308642,0.668255048786022,0.124906320259805,1,
0.392457379025314,0.72532865907099,0.513938669852648,0.471068754254595,0.495378466150387,1,
0.309454107112106,0.308676599474145,0.511549183592194,0.358747447243022,0.32075943042718,1,
0.321852936111589,0.36091148115688,0.653922739944245,0.683685046516905,0.200599550337247,1,
0.444463578439814,0.458545135845749,0.706690561529271,0.607896528250511,0.529103172620535,1,
0.268813500947133,0.320070113935145,0.498008761449622,0.721125482187429,0.0637022233325007,1,
0.490270363354572,0.337423312883436,0.704898446833931,0.502836396641706,0.258805895578316,1,
0.385396934733942,0.425942156003506,0.677817602548785,0.243249375992739,0.254059455408444,1,
0.391251937317031,0.738825591586328,0.258064516129032,0.548445654640345,0.229577816637522,1,
0.311348372653694,0.304820333041192,0.46594982078853,0.606081234399819,0.32075943042718,1,
0.457034613397624,0.485714285714286,0.683193946634807,0.521216246879964,0.492880339745191,1,
0.360771482693301,0.345486415425066,0.96136997212266,0.235761288858634,0.450662003497377,1,
0.327019114861374,0.344084136722174,0.512943050577459,0.644202405264352,0.32075943042718,1,
0.386257964525573,0.32182296231376,0.658701712465153,0.660993873383254,0.759680239820135,1,
0.395384880316859,0.265381244522349,0.676821983273596,0.554572271386431,0.178616037971521,1,
0.381091785775788,0.328133216476775,0.751891676622859,0.580894032221466,0.184111916062953,1,
0.390563113483726,0.680806310254163,0.524492234169654,0.586339913773542,0.21808643517362,1,
0.421387980024109,0.336546888694128,0.637992831541219,0.798048559110506,0.62178366225331,1,
0.40743929739969,0.340929009640666,0.729390681003584,0.600862264579079,0.46140394703972,1,
0.47511623902187,0.619807186678352,0.555555555555556,0.276832312230542,0.284536597551836,1,
0.413294299982779,0.658545135845749,0.6121067303863,0.481733605627411,0.517112165875593,1,
0.46840020664715,0.338650306748466,0.735165272799681,0.678466076696165,0.509367974019485,1,
0.337007060444291,0.301314636283961,0.516328156113102,0.577944179714091,0.517112165875593,1,
0.386602376442225,0.36441717791411,0.766228594185583,0.22169276151577,0.230077441918561,1,
0.439297399690029,0.58737949167397,0.542811628833134,0.477649194463354,0.479140644516613,1,
0.318925434820045,0.324802804557406,0.529271206690561,0.554345359655094,0.569822633025231,1,
0.329774410194593,0.367747589833479,0.529669454400637,0.787610619469027,0.32075943042718,1,
0.374375753401068,0.360736196319018,0.553564317005177,0.76786929884275,0.162378216337747,1,
0.366970897193043,0.342681858019281,0.620469932297889,0.611980939414568,0.849362977766675,1,
0.389874289650422,0.437335670464505,0.711867781760255,0.246653051962786,0.263552335748189,1,
0.373859135526089,0.490446976336547,0.684388689765034,0.699795779441797,0.19210592055958,1,
0.369037368692957,0.356178790534619,0.514137793707686,0.64692534604039,0.550587059705221,1,
0.315653521611848,0.321297107800175,0.566507367582636,0.549353301565691,0.201598800899326,1,
0.33080764594455,0.397195442594216,0.535244922341696,0.729975039709553,0.32075943042718,1,
0.322369553986568,0.315687992988606,0.774591796097172,0.528931245745405,0.145390956782413,1,
0.385224728775616,0.303593339176161,0.68379131819992,0.513274336283186,0.494129402947789,1,
0.384880316858963,0.38615249780894,0.719036240541617,0.165191740412979,0.622533100174869,1,
0.36576545548476,0.36319018404908,0.515531660692951,0.636714318130247,0.587559330502124,1,
0.369037368692957,0.406134969325153,0.711867781760255,0.572725209893352,0.552335748188858,1,
0.335801618736008,0.381419807186678,0.480286738351254,0.756523712275925,0.32075943042718,1,
0.464783881522301,0.411218229623138,0.590203106332139,0.529385069208078,0.251061703722208,1,
0.353366626485276,0.327432077125329,0.795101553166069,0.538007714998865,0.413439920059955,1,
0.342173239194076,0.514285714285714,0.692751891676623,0.653051962786476,0.199850112415688,1,
0.309626313070432,0.35407537248028,0.421545201115094,0.56569094622192,0.651011741194104,1,
0.326846908903048,0.351270815074496,0.595778574273198,0.71976401179941,0.19260554584062,1,
0.393490614775271,0.342857142857143,0.734767025089606,0.565464034490583,0.219085685735698,1,
0.336146030652661,0.353023663453111,0.526881720430108,0.777399591558884,0.32075943042718,1,
0.355260892026864,0.373181419807187,0.562325766626842,0.71454504197867,0.0869347989008244,1,
0.442741518856552,0.401051709027169,0.65531660692951,0.615611527115952,0.655258556082938,1,
0.436197692440158,0.660473269062226,0.666666666666667,0.457680962105741,0.280289782663003,1,
0.474083003271913,0.333041191936897,0.746515332536838,0.697980485591105,0.161878591056707,1,
0.342345445152402,0.357931638913234,0.573874950219036,0.551395507147719,0.32075943042718,1,
0.368865162734631,0.341805433829974,0.793508562325767,0.566371681415929,0.473644766425181,1,
0.337179266402618,0.383523225241017,0.499004380724811,0.591558883594282,0.32075943042718,1,
0.482693301188221,0.343558282208589,0.92831541218638,0.216700703426367,0.258556082937797,1,
0.379369726192526,0.375109553023663,0.730187176423736,0.533923303834808,0.719710217336997,1,
0.397279145858447,0.335319894829097,0.694942254082039,0.60335829362378,0.222083437421934,1,
0.348028241777165,0.448553900087642,0.694544006371963,0.904470161107329,0.157631776167874,1,
0.344067504735664,0.345135845749343,0.679609717244126,0.535284774222827,0.498875843117662,1,
0.308076459445497,0.32182296231376,0.487654320987654,0.641933287950987,0.201348988258806,1,
0.426037540898915,0.415249780893953,0.774392672242134,0.210800998411618,0.519860104921309,1,
0.470294472188738,0.334969325153374,0.734567901234568,0.706376219650556,0.153135148638521,1,
0.389702083692096,0.437160385626643,0.711867781760255,0.246653051962786,0.263552335748189,1,
0.586705700017221,0.508501314636284,0.452409398645958,0.445200816882233,0.32075943042718,1,
0.322369553986568,0.30464504820333,0.752887295898048,0.576355797594736,0.0696977267049713,1,
0.411055622524539,0.560560911481157,0.48984468339307,0.444520081688223,0.249313015238571,1,
0.316170139486826,0.366871165644172,0.246714456391876,0.869071931018834,0.32075943042718,1,
0.281728947821595,0.320070113935145,0.511150935882119,0.717267982754708,0.0729452910317262,1,
0.355777509901843,0.459070990359334,0.540223018717642,0.544588155207624,0.431676242817887,1,
0.273118649905287,0.145486415425066,0.193548387096774,0.173133651009757,0.206095428428678,1,
0.251592905114517,0.355302366345311,0.533851055356432,0.651917404129794,0.591556332750437,1,
0.351816772860341,0.395092024539877,0.718040621266428,0.629226230996142,0.706969772670497,1,
0.386946788358877,0.419982471516214,0.563520509757069,0.871341048332199,0.138146390207345,1,
0.398828999483382,0.364592462751972,0.800079649542015,0.234626730201951,0.26305271046715,1,
0.341656621319098,0.394390885188431,0.496814018319395,0.510324483775811,0.539095678241319,1,
0.389874289650422,0.702366345311131,0.551573078454799,0.53188109825278,0.501373969522858,1,
0.358877217151713,0.464504820333041,0.146555157307845,0.218515997277059,0.19885086185361,1,
0.329946616152919,0.372129710780018,0.520708880923935,0.756296800544588,0.32075943042718,1,
0.313070432236955,0.32760736196319,0.509956192751892,0.575221238938053,0.67324506620035,1,
0.327535732736353,0.361086765994741,0.540223018717642,0.436578171091445,0.637022233325006,1,
0.347167211985535,0.341279579316389,0.609119872560733,0.24120717041071,0.32075943042718,1,
0.403995178233167,0.2988606485539,0.671047391477499,0.539369185386885,0.500624531601299,1,
0.344928534527295,0.339351446099912,0.457387495021904,0.682550487860222,0.118161378965776,1,
0.280179094196659,0.188781770376862,0.274392672242135,0.707964601769911,0.0249812640519611,1,
0.335801618736008,0.365293602103418,0.586818000796495,0.590424324937599,0.176117911566325,1,
0.345272946443947,0.416301489921122,0.600358422939068,0.660086226457908,0.0786909817636773,1,
0.317031169278457,0.34478527607362,0.546594982078853,0.789652825051055,0.32075943042718,1,
0.31152057861202,0.311656441717791,0.536240541616886,0.547538007714999,0.32075943042718,1,
0.340106767694162,0.399649430324277,0.857228195937873,0.633764465622873,0.546590057456907,1,
0.386257964525573,0.448028045574058,0.656113102349661,0.790333560245065,0.18561079190607,1,
0.219390390907525,0.102892199824715,0.571286340103544,0.238711141366009,0.241069198101424,1,
0.38952987773377,0.684487291849255,0.243926722421346,0.457000226911731,0.443417436922308,1,
0.428620630273807,0.48045574057844,0.582039028275587,0.780122532334922,0.172620534599051,1,
0.355949715860169,0.518667835232252,0.652727996814018,0.486271840254141,0.22408193854609,1,
0.319442052695023,0.448553900087642,0.47331740342493,0.596324029952349,0.590307269547839,1,
0.347856035818839,0.413672217353199,0.818996415770609,0.609711822101203,0.613290032475643,1,
0.534182882727742,0.388957055214724,0.659299084030267,0.672793283412752,0.157881588808394,1,
0.344411916652316,0.357931638913234,0.518518518518518,0.864987519854776,0.033974519110667,1,
0.37695884277596,0.748641542506573,0.492831541218638,0.5357385976855,0.509617786660005,1,
0.35904942311004,0.350043821209465,0.802270011947431,0.549126389834354,0.51911066699975,1,
0.363182366109867,0.346187554776512,0.676025487853445,0.850692080780576,0.138895828128903,1,
0.476493886688479,0.320595968448729,0.729589804858622,0.53641933287951,0.258556082937797,1,
0.335973824694334,0.454864154250657,0.510155316606929,0.554572271386431,0.32075943042718,1,
0.323230583778199,0.328308501314636,0.473715651135006,0.736555479918312,0.616537596802398,1,
0.428448424315481,0.691323400525855,0.574273197929112,0.506920807805764,0.456157881588808,1,
0.397106939900121,0.61840490797546,0.656909597769813,0.64692534604039,0.251811141643767,1,
0.410366798691235,0.0429447852760736,0.66726403823178,0.160653505786249,0.234074444166875,1,
