541,5,2,
0.907180988462201,0.181770376862401,0.39426523297491,0.34263671431813,0.309767674244317,0,
0.898398484587567,0.346538124452235,0.437873357228196,0.47787610619469,0.287784161878591,0,
0.462372998105734,0.426117440841367,0.717443249701314,0.512820512820513,0.251561329003248,0,
0.837609781298433,0.360210341805434,0.334129828753485,0.38166553210801,0.334249313015239,0,
0.915619080420182,0.184925503943909,0.430704898446834,0.409575675062401,0.302523107669248,0,
0.831582572757017,0.287116564417178,0.644763042612505,0.280009076469253,0.28828378715963,0,
0.328052350611331,0.477475898334794,0.634408602150538,0.47401860676197,0.276542593055209,0,
0.726364732219735,0.3954425942156,0.452608522500996,0.570002269117313,0.430427179615289,0,
0.283623213363182,0.989833479404032,0.266228594185583,0.303607896528251,0.280289782663003,0,
0.432409161356983,0.600350569675723,0.529072082835524,0.674154753800772,0.212590557082188,0,
0.383330463234028,0.66783523225241,0.645758661887694,0.499886544134332,0.32075943042718,0,
0.308248665403823,0.287642418930762,0.451612903225806,0.709099160426594,0.32075943042718,0,
0.302910280695712,0.276599474145486,0.44026284348865,0.480145223508055,0.32075943042718,0,
0.366626485276391,0.547063978965819,0.294902429311031,0.318130247333787,0.291031726205346,0,
0.484587566729809,0.633128834355828,0.281561131023497,0.419105967778534,0.571071696227829,0,
0.446185638023076,0.744609991235758,0.521704500199124,0.480599046970728,0.428678491131651,0,
0.327535732736353,0.495880806310254,0.769215452011151,0.562287270251872,0.32075943042718,0,
0.50111933872912,0.437160385626643,0.817801672640382,0.255048786022237,0.274544091931052,0,
0.305493370070604,0.297984224364592,0.424332935085623,0.454731109598366,0.32075943042718,0,
0.488031685896332,0.517966695880806,0.575069693349263,0.449512139777627,0.470896827379465,0,
0.442569312898226,0.54829097283085,0.553365193150139,0.301792602677558,0.28178865850612,0,
0.326846908903048,0.52182296231376,0.503783353245719,0.43430905377808,0.36547589308019,0,
0.518856552436714,0.448553900087642,0.449223416965352,0.443839346494214,0.223082687984012,0,
0.315136903736869,0.330762489044698,0.637196336121067,0.6619015203086,0.213339995003747,0,
0,0.00841367221735321,0.452807646356033,0.404583616972998,0.32075943042718,0,
0.262097468572413,0.563891323400526,0.758861011549184,0.211254821874291,0.260054958780914,0,
0.309109695195454,0.31954425942156,0.428514536041418,0.477422282732017,0.586310267299525,0,
0.493370070604443,0.660473269062226,0.268418956591,0.442024052643522,0.409442917811641,0,
0.602893060099879,0.382120946538124,0.632417363600159,0.551622418879056,0.451911066699975,0,
0.349750301360427,0.641893076248904,0.276184786937475,0.427274790106649,0.291531351486385,0,
0.361632512484932,0.406836108676599,0.835523695738749,0.212843203993646,0.228578566075443,0,
0.384191493025659,0.586327782646801,0.824571883711669,0.229861583843885,0.248063952035973,0,
0.325297055278113,0.437510955302366,0.645758661887694,0.266621284320399,0.32075943042718,0,
0.479765799896676,0.436459246275197,0.30884109916368,0.331971862945314,0.305770671996003,0,
0.413983123816084,0.401928133216477,0.310832337714058,0.391876560018153,0.296527604296777,0,
0.356638539693473,0.658194566170026,0.524093986459578,0.439754935330157,0.37172120909318,0,
0.515240227311865,0.415600350569676,0.290521704500199,0.389153619242115,0.32075943042718,0,
0.357843981401756,0.527256792287467,0.738749502190362,0.589516678012253,0.554833874594054,0,
0.642672636473222,0.324452234881683,0.386499402628435,0.393238030406172,0.273045216087934,0,
0.3791975202342,0.612795793163891,0.53126244524094,0.301338779214885,0.281289033225081,0,
0.489753745479594,0.70464504820333,0.28036638789327,0.31926480599047,0.29477891581314,0,
0.509213018770449,0.62524101665206,0.285145360414178,0.411617880644429,0.261553834624032,0,
0.614603065266058,0.374583698510079,0.404022301871764,0.393464942137508,0.346989757681739,0,
0.84088169450663,0.343558282208589,0.425726802070888,0.469480372135239,0.27554334249313,0,
0.413466505941106,0.594040315512708,0.260852250099562,0.303834808259587,0.289283037721709,0,
0.31823661098674,0.492024539877301,0.690760653126244,0.529838892670751,0.32075943042718,0,
0.718615464095058,0.291148115687993,0.404022301871764,0.405945087361017,0.305021234074444,0,
0.527466850353022,0.477300613496932,0.302469135802469,0.329929657363286,0.338995753185111,0,
0.307904253487171,0.339702015775635,0.50179211469534,0.853641933287951,0.32075943042718,0,
0.433270191148614,0.487817703768624,0.463958582238152,0.315861130020422,0.32075943042718,0,
0.320130876528328,0.461700262927257,0.5221027479092,0.434082142046744,0.32075943042718,0,
0.311692784570346,0.28851884312007,0.465352449223417,0.770138416156115,0.32075943042718,0,
0.560185982434992,0.492550394390885,0.491636798088411,0.316088041751759,0.291031726205346,0,
0.349233683485449,0.390534618755478,0.884707287933094,0.629680054458815,0.182113414938796,0,
0.544687446185638,0.532340052585451,0.487654320987654,0.319945541184479,0.291281538845866,0,
0.499913897020837,0.463803680981595,0.426921545201115,0.403222146584978,0.361478890831876,0,
0.504907869812295,0.42068361086766,0.320589406610912,0.340594508736102,0.306769922558081,0,
0.403306354399862,0.670990359333918,0.510155316606929,0.478103017926027,0.271046714963777,0,
0.408816945066299,0.730762489044698,0.28673835125448,0.322214658497844,0.289033225081189,0,
0.443258136731531,0.763716038562664,0.264237355635205,0.413886997957794,0.440669497876593,0,
0.311003960737042,0.367046450482033,0.720430107526882,0.549807125028364,0.424681488883337,0,
0.273118649905287,0.455565293602103,0.796495420151334,0.21261629226231,0.23082687984012,0,
0.264336146030653,0.549693251533742,0.614097968936679,0.492625368731563,0.412190856857357,0,
0.461511968314104,0.112007011393514,0.282556750298686,0.0637621965055593,0.111916062952785,0,
0.482348889271569,0.358282208588957,0.342891278375149,0.374177444973905,0.303772170871846,0,
0.868434647838815,0.183523225241017,0.342692154520111,0.376219650555934,0.30776917312016,0,
0.410883416566213,0.561437335670465,0.57168458781362,0.28477422282732,0.281289033225081,0,
0.31375925607026,0.333041191936897,0.640382317801673,0.855911050601316,0.32075943042718,0,
0.656965731014293,0.418580192813322,0.333930704898447,0.384842296346721,0.305520859355483,0,
0.664370587222318,0.387204206836109,0.337514934289128,0.384161561152712,0.348238820884337,0,
0.679352505596694,0.427169149868536,0.333333333333333,0.383707737690039,0.306270297277042,0,
0.355777509901843,0.494478527607362,0.611509358821187,0.265032902201044,0.275293529852611,0,
0.334940588944377,0.329360210341805,0.478693747510952,0.238938053097345,0.32075943042718,0,
0.367831926984674,0.681507449605609,0.581441656710474,0.540730655774904,0.32075943042718,0,
0.324608231444808,0.395968448729185,0.820191158900836,0.219877467665078,0.25630776917312,0,
0.35991045290167,0.45170902716915,0.684189565909996,0.51622418879056,0.207094678990757,0,
0.648355433097985,0.323575810692375,0.34010354440462,0.390515089630134,0.301773669747689,0,
0.527294644394696,0.460648553900088,0.459776981282358,0.446108463807579,0.251561329003248,0,
0.416566213190976,0.693251533742331,0.266029470330546,0.41615611527116,0.26255308518611,0,
0.431720337523678,0.377388255915863,0.562126642771804,0.296573632856819,0.32075943042718,0,
0.441708283106595,0.43680981595092,0.619872560732776,0.269117313365101,0.265800649512865,0,
0.779576373342518,0.377212971078002,0.422341696535245,0.417063762196506,0.483887084686485,0,
0.365248837609781,0.417528483786152,0.821983273596177,0.234626730201951,0.406694978765926,0,
0.635095574306871,0.402629272567923,0.399641577060932,0.39074200136147,0.35273544841369,0,
0.713621491303599,0.28045574057844,0.390681003584229,0.394145677331518,0.305021234074444,0,
0.332874117444464,0.430324276950044,0.897650338510554,0.142727479010665,0.32075943042718,0,
0.429826071982091,0.622085889570552,0.275985663082437,0.276605400499206,0.688733449912565,0,
0.387463406233856,0.814548641542507,0.242333731581043,0.506240072611754,0.539345490881839,0,
0.328052350611331,0.436459246275197,0.690163281561131,0.245518493306104,0.270796902323258,0,
0.819011537799208,0.332865907099036,0.573078454798885,0.309053778080327,0.297526854858856,0,
0.389185465817117,0.616476774758983,0.632616487455197,0.242568640798729,0.264801398950787,0,
0.724814878594799,0.284136722173532,0.398048586220629,0.407306557749036,0.303772170871846,0,
0.788358877217152,0.292375109553024,0.417562724014337,0.392330383480826,0.301773669747689,0,
0.61856380230756,0.501665205959684,0.287534846674632,0.400953029271613,0.289283037721709,0,
0.448940933356294,0.501840490797546,0.28952608522501,0.33287950987066,0.32075943042718,0,
0.935250559669365,0.341805433829974,0.329151732377539,0.339913773542092,0.306520109917562,0,
0.816600654382642,0.315337423312883,0.338908801274393,0.379850238257318,0.338995753185111,0,
0.485104184604787,0.679579316389132,0.271804062126643,0.308373042886317,0.287034723957032,0,
0.342862063027381,0.382997370727432,0.715452011150936,0.54163830270025,0.447914064451661,0,
0.32047528844498,0.387554776511832,0.526483472720032,0.799863852961198,0.151886085435923,0,
0.401067676941622,0.747940403155127,0.21505376344086,0.42977081915135,0.32075943042718,0,
0.314448079903565,0.375284837861525,0.620270808442851,0.742682096664397,0.32075943042718,0,
0.336490442569313,0.584399649430324,0.565113500597372,0.496482868164284,0.678740944291781,0,
0.406406061649733,0.529710780017528,0.560135404221426,0.418652144315861,0.358231326505121,0,
0.333735147236094,0.515687992988606,0.605933890880127,0.248241434082142,0.32075943042718,0,
0.311692784570346,0.314811568799299,0.508363201911589,0.505559337417744,0.32075943042718,0,
0.305493370070604,0.286415425065732,0.433691756272401,0.223961878829135,0.32075943042718,0,
0.335457206819356,0.349517966695881,0.508164078056551,0.176310415248468,0.891831126655009,0,
0.348028241777165,0.647677475898335,0.252090800477897,0.291354663036079,0.254808893330003,0,
0.333390735319442,0.297984224364592,0.445639187574671,0.67687769457681,0.831126655008743,0,
0.361460306526606,0.37703768624014,0.875547590601354,0.203085999546177,0.475893080189858,0,
0.673325297055278,0.55512708150745,0.440063719633612,0.57476741547538,0.259555333499875,0,
0.547787153435509,0.511656441717791,0.297690163281561,0.271386430678466,0.665251061703722,0,
0.541759944894093,0.736196319018405,0.259259259259259,0.31926480599047,0.292030976767424,0,
0.338212502152574,0.456266432953549,0.897252090800478,0.214658497844339,0.226829877591806,0,
0.791802996383675,0.315687992988606,0.570688968538431,0.305650102110279,0.296027979015738,0,
0.361632512484932,0.832778264680105,0.25089605734767,0.299977308826866,0.282787909068199,0,
0.307732047528844,0.285539000876424,0.423536439665472,0.480145223508055,0.32075943042718,0,
0.313070432236955,0.330937773882559,0.610513739545998,0.860449285228046,0.32075943042718,0,
0.763561219218185,0.319368974583699,0.34189565909996,0.374631268436578,0.33349987509368,0,
0.750301360427071,0.309903593339176,0.34010354440462,0.340594508736102,0.337247064701474,0,
0.26760805923885,0.593689745836985,0.562126642771804,0.458815520762423,0.32075943042718,0,
0.341312209402445,0.421910604732691,0.909398645957786,0.194009530292716,0.32075943042718,0,
0.349233683485449,0.426643295354952,0.754082039028276,0.534830950760154,0.259055708218836,0,
0.633201308765283,0.473794916739702,0.302668259657507,0.412298615838439,0.297277042218336,0,
0.55088686068538,0.606134969325153,0.281561131023497,0.432039936464715,0.521358980764427,0,
0.471155501980368,0.545135845749343,0.437674233373158,0.415248468345813,0.283287534349238,0,
0.33528500086103,0.437686240140228,0.771405814416567,0.231676877694577,0.463902073444916,0,
0.685896332013088,0.197546012269939,0.381322182397451,0.374858180167915,0.304021983512366,0,
0.314792491820217,0.320245398773006,0.448227797690163,0.591558883594282,0.578316262802898,0,
0.609436886516273,0.361437335670464,0.40442054958184,0.391195824824143,0.302023482388209,0,
0.355260892026864,0.354250657318142,0.747311827956989,0.539823008849557,0.229078191356483,0,
0.363354572068193,0.548641542506573,0.6194743130227,0.468345813478557,0.251311516362728,0,
0.419493714482521,0.669588080631025,0.290720828355237,0.406625822555026,0.356982263302523,0,
0.349061477527122,0.707800175284838,0.509956192751892,0.428409348763331,0.368473644766425,0,
0.368692956776304,0.482909728308501,0.794703305455994,0.220785114590424,0.423682238321259,0,
0.315825727570174,0.339877300613497,0.652727996814018,0.818016791468119,0.32075943042718,0,
0.340795591527467,0.388957055214724,0.855635205097571,0.238257317903336,0.244066949787659,0,
0.796452557258481,0.493602103418054,0.314416567104739,0.474245518493306,0.271546340244816,0,
0.340795591527467,0.445223488168273,0.914376742333732,0.164057181756297,0.227829128153885,0,
0.475460650938522,0.71726555652936,0.271405814416567,0.423644202405264,0.503122658006495,0,
0.341484415360771,0.469062226117441,0.469534050179211,0.312684365781711,0.291031726205346,0,
0.480454623729981,0.578439964943032,0.28036638789327,0.401633764465623,0.292780414688983,0,
0.394868262441881,0.617703768624014,0.640382317801673,0.279101429543907,0.283037721708718,0,
0.404167384191493,0.492550394390885,0.635404221425727,0.501021102791014,0.574569073195104,0,
0.388324436025486,0.705170902716915,0.225009956192752,0.293396868618108,0.32075943042718,0,
0.402789736524884,0.631375985977213,0.709677419354839,0.263898343544361,0.259055708218836,0,
0.332357499569485,0.445398773006135,0.744524093986459,0.233945995007942,0.187109667749188,0,
0.412088858274496,0.776687116564417,0.285941855834329,0.427501701837985,0.515613290032476,0,
0.781815050800758,0.354250657318142,0.441656710473915,0.339006126616746,0.340744441668748,0,
0.324780437403134,0.479929886064855,0.587813620071685,0.506013160880417,0.32075943042718,0,
0.741518856552437,0.187028921998247,0.336519315013939,0.341048332198775,0.347739195603298,0,
0.34423971069399,0.388781770376862,0.735563520509757,0.243022464261402,0.32075943042718,0,
0.568279662476322,0.334092900964067,0.344882516925528,0.377354209212616,0.338995753185111,0,
0.344067504735664,0.450131463628396,0.573078454798885,0.287497163603358,0.164876342742943,0,
0.808506974341312,0.476073619631902,0.314814814814815,0.334694803721352,0.303522358231327,0,
0.339073531944205,0.334092900964067,0.534249303066507,0.225096437485818,0.81388958281289,0,
0.386602376442225,0.840315512708151,0.266825965750697,0.308373042886317,0.283037721708718,0,
0.493025658687791,0.567572304995618,0.491039426523298,0.310869071931019,0.270297277042218,0,
0.365421043568107,0.525503943908852,0.65989645559538,0.498751985477649,0.446415188608544,0,
0.339245737902531,0.431375985977213,0.754082039028276,0.24120717041071,0.262053459905071,0,
0.39262958498364,0.54022787028922,0.579450418160096,0.434535965509417,0.32075943042718,0,
0.737213707594283,0.361437335670464,0.430904022301872,0.340594508736102,0.337496877341994,0,
0.379025314275874,0.700438212094654,0.242931103146157,0.428636260494668,0.284286784911317,0,
0.401928706733253,0.767221735319895,0.245519713261649,0.557522123893805,0.238571071696228,0,
0.562941277768211,0.48501314636284,0.318598168060534,0.388019060585432,0.30102423182613,0,
0.3159979335285,0.317440841367222,0.487654320987654,0.814159292035398,0.32075943042718,0,
0.476321680730153,0.725854513584575,0.277777777777778,0.312911277513047,0.384211841119161,0,
0.318581022903392,0.30692375109553,0.510752688172043,0.776038121170864,0.32075943042718,0,
0.315309109695195,0.382997370727432,0.729191557148546,0.169503063308373,0.21808643517362,0,
0.354055450318581,0.329184925503944,0.719434488251693,0.605854322668482,0.567074693979515,0,
0.301016015154124,0.27361963190184,0.421545201115094,0.465169049239846,0.0479640269797652,0,
0.547442741518857,0.386678352322524,0.423934687375548,0.405945087361017,0.297277042218336,0,
0.780609609092475,0.334618755477651,0.336917562724014,0.399137735420921,0.346989757681739,0,
0.650594110556225,0.424539877300613,0.334129828753485,0.380077149988654,0.341743692230827,0,
0.39848458756673,0.667659947414549,0.608721624850657,0.484229634672113,0.274793904571571,0,
0.388668847942139,0.669763365468887,0.278773397052967,0.428863172226004,0.616787409442918,0,
0.87807818150508,0.333742331288344,0.33452807646356,0.340821420467438,0.309018236322758,0,
0.388496641983813,0.768799298860649,0.608721624850657,0.497163603358294,0.261304021983512,0,
0.692267952471155,0.451533742331288,0.428514536041418,0.395280235988201,0.302023482388209,0,
0.334596177027725,0.410867659947415,0.799283154121864,0.174041297935103,0.32075943042718,0,
0.887549509213019,0.342156003505697,0.557745917960972,0.305423190378943,0.298276292780415,0,
0.350611331152058,0.741279579316389,0.231182795698925,0.484002722940776,0.577566824881339,0,
0.653004993972791,0.43908851884312,0.426324173636002,0.413660086226458,0.304021983512366,0,
0.319786464611676,0.351446099912358,0.674830744723218,0.615384615384615,0.32075943042718,0,
0.322541759944894,0.401226993865031,0.519912385503783,0.597231676877695,0.225830627029728,0,
0.751851214052006,0.290271691498685,0.400438072481083,0.410029498525074,0.30102423182613,0,
0.831754778715344,0.330236634531113,0.336320191158901,0.399818470614931,0.304521608793405,0,
0.307387635612192,0.295004382120946,0.451214655515731,0.722713864306785,0.122907819135648,0,
0.847253314964698,0.337423312883436,0.425925925925926,0.380530973451327,0.30776917312016,0,
0.505768899603926,0.455915863277826,0.316407805655117,0.336056274109371,0.305520859355483,0,
0.458928878939211,0.571779141104295,0.529669454400637,0.65736328568187,0.219835123657257,0,
0.661443085930773,0.51375985977213,0.571087216248507,0.292489221692761,0.287284536597552,0,
0.353538832443603,0.724627519719544,0.255276782158503,0.427501701837985,0.285785660754434,0,
0.411227828482865,0.691323400525855,0.606929510155317,0.468345813478557,0.440669497876593,0,
0.308593077320475,0.334092900964067,0.485862206292314,0.550487860222374,0.32075943042718,0,
0.499052867229206,0.628396143733567,0.497013142174432,0.253914227365555,0.517112165875593,0,
0.394868262441881,0.658895705521472,0.269215452011151,0.41547538007715,0.374219335498376,0,
0.358705011193387,0.753724802804557,0.257666268418957,0.304061719990924,0.282538096427679,0,
0.355088686068538,0.523926380368098,0.830943847072879,0.214431586113002,0.32075943042718,0,
0.795247115550198,0.406836108676599,0.511350059737157,0.325164511005219,0.30102423182613,0,
0.781126226967453,0.334618755477651,0.336718438868976,0.399137735420921,0.347239570322258,0,
0.336662648527639,0.348115687992989,0.679808841099164,0.657817109144543,0.495628278790907,0,
0.322025142069916,0.405433829973707,0.858622062923138,0.215112321307012,0.32075943042718,0,
0.343723092819012,0.588606485539001,0.653126244524094,0.52598139323803,0.241568823382463,0,
0.564835543309799,0.432427695004382,0.331142970927917,0.383707737690039,0.337247064701474,0,
0.707594282762184,0.283435582822086,0.393468737554759,0.395507147719537,0.305520859355483,0,
0.548992595143792,0.577914110429448,0.465551573078455,0.628999319264806,0.238571071696228,0,
0.788703289133804,0.29079754601227,0.402031063321386,0.377808032675289,0.347739195603298,0,
0.0180816256242466,0.351621384750219,0.325567502986858,0.329929657363286,0.297776667499375,0,
0.31823661098674,0.368799298860649,0.668259657506969,0.738143862037667,0.32075943042718,0,
0.349578095402101,0.502716914986854,0.75826363998407,0.236442024052643,0.32075943042718,0,
0.389185465817117,0.467659947414549,0.745121465551573,0.247787610619469,0.26929802648014,0,
0.420182538315826,0.639263803680982,0.299084030266826,0.405945087361017,0.358231326505121,0,
0.308076459445497,0.35635407537248,0.495021903624054,0.450873610165646,0.432425680739445,0,
0.417255037024281,0.784925503943909,0.260653126244524,0.423190378942591,0.271296527604297,0,
0.337351472360944,0.334794040315513,0.482676224611708,0.276378488767869,0.706969772670497,0,
0.84759772688135,0.321998247151621,0.332935085623258,0.395053324256864,0.305770671996003,0,
0.419493714482521,0.646275197195443,0.46694544006372,0.685273428636261,0.235573320009993,0,
0.363698983984846,0.874145486415425,0.242333731581043,0.2809167233946,0.281039220584562,0,
0.348372653693818,0.444347063978966,0.875348466746316,0.199455411844792,0.212590557082188,0,
0.816772860340968,0.17703768624014,0.392871365989646,0.342409802586794,0.30751936047964,0,
0.431892543482004,0.528834355828221,0.289127837514934,0.324483775811209,0.29502872845366,0,
0.404167384191493,0.795617879053462,0.266825965750697,0.308146131154981,0.284286784911317,0,
0.425520923023937,0.70920245398773,0.280963759458383,0.320626276378489,0.289782663002748,0,
0.360771482693301,0.392813321647678,0.866786140979689,0.17426820966644,0.242318261304022,0,
0.260375408989151,0.512182296231376,0.782755874153724,0.521216246879964,0.237821633774669,0,
0.256414671947649,0.14250657318142,0.482078853046595,0.600408441116406,0.32075943042718,0,
0.42896504219046,0.474496056091148,0.315611310234966,0.331518039482641,0.32075943042718,0,
0.339073531944205,0.428396143733567,0.89247311827957,0.206489675516224,0.238820884336747,0,
0.460134320647494,0.575284837861525,0.273596176821983,0.425686407987293,0.388458656007994,0,
0.713104873428621,0.423663453111306,0.310035842293907,0.405037440435671,0.366225331001749,0,
0.70415016359566,0.344609991235758,0.341696535244922,0.388245972316769,0.30751936047964,0,
0.351300154985362,0.552147239263804,0.469733174034249,0.42069434989789,0.286535098675993,0,
0.332701911486137,0.69307624890447,0.499800876144962,0.721125482187429,0.200349737696727,0,
0.504563457895643,0.507624890446976,0.469534050179211,0.434082142046744,0.391956032975269,0,
0.400551059066644,0.650832602979842,0.267224213460773,0.431586113002042,0.286784911316513,0,
0.363871189943172,0.398247151621385,0.935284747112704,0.585205355116859,0.228578566075443,0,
0.462028586189082,0.426818580192813,0.428116288331342,0.340140685273429,0.336247814139395,0,
0.376614430859308,0.665030674846626,0.277777777777778,0.310415248468346,0.290532100924307,0,
0.325813673153091,0.512708150744961,0.515929908403027,0.431132289539369,0.363227579315513,0,
0.385741346650594,0.721121822962314,0.230187176423736,0.303834808259587,0.281538845865601,0,
0.343034268985707,0.412971078001753,0.838311429709279,0.208304969366916,0.232825380964277,0,
0.334768382986051,0.353900087642419,0.55236957387495,0.715906512366689,0.32075943042718,0,
0.674530738763561,0.560560911481157,0.285941855834329,0.534830950760154,0.265051211591307,0,
0.343895298777338,0.307624890446976,0.699123855037833,0.597912412071704,0.600549587809143,0,
0.433270191148614,0.625591586327783,0.297092791716448,0.320172452915816,0.290781913564826,0,
0.339245737902531,0.46327782646801,0.736559139784946,0.194690265486726,0.224831376467649,0,
0.43344239710694,0.372129710780018,0.40720828355237,0.343771272974813,0.333999500374719,0,
0.786292405717238,0.195267309377739,0.396057347670251,0.381438620376673,0.297277042218336,0,
0.36576545548476,0.307624890446976,0.570290720828355,0.611527115951895,0.518611041718711,0,
0.842431548131565,0.350920245398773,0.524890481879729,0.312911277513047,0.300024981264052,0,
0.52040640606165,0.434706397896582,0.443249701314217,0.442931699568868,0.222083437421934,0,
0.358188393318409,0.745661700262927,0.263042612504978,0.442024052643522,0.469148138895828,0,
0.408300327191321,0.62068361086766,0.264635603345281,0.309053778080327,0.32075943042718,0,
0.370587222317892,0.628921998247152,0.615292712066906,0.5214431586113,0.259555333499875,0,
0.517478904770105,0.622611744084137,0.292712066905615,0.312684365781711,0.365725705720709,0,
0.490098157396246,0.748466257668712,0.273197929111908,0.465849784433855,0.267549337996503,0,
0.243154813156535,0.150394390885188,0.120071684587814,0.0916723394599501,0.504121908568574,0,
0.316858963320131,0.297283085013146,0.453205894066109,0.818243703199455,0.0911816137896578,0,
0.766488720509729,0.2965819456617,0.341696535244922,0.379396414794645,0.341743692230827,0,
0.315481315653522,0.33567046450482,0.665870171246515,0.657817109144543,0.21159130652011,0,
0.566902014809712,0.520771253286591,0.478693747510952,0.317222600408441,0.293280039970022,0,
0.339417943860858,0.667484662576687,0.266427718040621,0.429543907420014,0.285785660754434,0,
0.516962286895126,0.553198948290973,0.28673835125448,0.32834127524393,0.295278541094179,0,
0.339245737902531,0.615775635407537,0.551971326164874,0.302473337871568,0.375468398700974,0,
0.342689857069055,0.582296231375986,0.647550776583035,0.533923303834808,0.32075943042718,0,
0.733252970552781,0.330762489044698,0.476901632815611,0.466757431359201,0.405945540844367,0,
0.388668847942139,0.590184049079755,0.551174830744723,0.242795552530066,0.758680989258056,0,
0.337007060444291,0.434180543382997,0.728195937873357,0.188336737009303,0.245565825630777,0,
0.337007060444291,0.456441717791411,0.73436877737953,0.221465849784434,0.32075943042718,0,
0.745824005510591,0.412094653812445,0.475308641975309,0.542999773088269,0.399450412190857,0,
0.500086102979163,0.369149868536372,0.412783751493429,0.334921715452689,0.351236572570572,0,
0.652488376097813,0.35056967572305,0.39247311827957,0.402768323122305,0.286285286035473,0,
0.36352677802652,0.510780017528484,0.64336917562724,0.491490810074881,0.201099175618286,0,
0.619597038057517,0.346713409290096,0.39426523297491,0.404810528704334,0.289782663002748,0,
0.322541759944894,0.303943908851884,0.533253683791318,0.906739278420694,0.122907819135648,0,
0.62751851214052,0.156529360210342,0.334129828753485,0.340821420467438,0.306769922558081,0,
0.375236783192698,0.671165644171779,0.243727598566308,0.432039936464715,0.283287534349238,0,
0.618736008265886,0.313935144609991,0.448626045400239,0.417063762196506,0.393704721458906,0,
0.337351472360944,0.359684487291849,0.534249303066507,0.606535057862492,0.32075943042718,0,
0.350094713277079,0.459070990359334,0.566706491437674,0.461992285001135,0.271046714963777,0,
0.42534871706561,0.712007011393514,0.270609318996416,0.315634218289086,0.284536597551836,0,
0.340795591527467,0.388957055214724,0.855635205097571,0.238484229634672,0.244066949787659,0,
0.398656793525056,0.774057843996494,0.283353245718837,0.596097118221012,0.23732200849363,0,
0.339073531944205,0.430674846625767,0.802867383512545,0.180394826412526,0.240069947539345,0,
0.517134492853453,0.557230499561788,0.290521704500199,0.450873610165646,0.665251061703722,0,
0.366626485276391,0.375460122699387,0.607925129430506,0.742455184933061,0.196852360729453,0,
0.76734975030136,0.279228746713409,0.394464356829948,0.402768323122305,0.305021234074444,0,
0.322886171861546,0.38965819456617,0.814018319394663,0.569321533923304,0.32075943042718,0,
0.32495264336146,0.363014899211218,0.53584229390681,0.644656228727025,0.176367724206845,0,
0.328396762527983,0.325854513584575,0.495818399044205,0.64238711141366,0.948038970771921,0,
0.345789564318925,0.485188431200701,0.738749502190362,0.224188790560472,0.32075943042718,0,
0.409333562941278,0.556529360210342,0.27757865392274,0.433401406852734,0.231576317761679,0,
0.340451179610815,0.514285714285714,0.574074074074074,0.457680962105741,0.400699475393455,0,
0.336318236610987,0.303768624014023,0.456192751891677,0.71454504197867,0.738695978016488,0,
0.309626313070432,0.291323400525854,0.46415770609319,0.694122986158384,0.32075943042718,0,
0.390046495608748,0.575109553023663,0.564715252887296,0.240753346948037,0.790657007244567,0,
0.386085758567246,0.780543382997371,0.252090800477897,0.586566825504879,0.253310017486885,0,
0.368004132943,0.330937773882559,0.624651533253684,0.769684592693442,0.192855358481139,0,
0.705872223178922,0.372304995617879,0.441059338908801,0.332425686407987,0.309517861603797,0,
0.83864301704839,0.32532865907099,0.33452807646356,0.397776265032902,0.304771421433925,0,
0.818322713965903,0.29535495179667,0.596575069693349,0.308373042886317,0.295278541094179,0,
0.793869467883589,0.295530236634531,0.419753086419753,0.392557295212162,0.300524606545091,0,
0.468916824522128,0.409465381244522,0.321385902031063,0.339459950079419,0.305770671996003,0,
0.850697434131221,0.307975460122699,0.522500995619275,0.315634218289086,0.298526105420934,0,
0.61047012226623,0.62068361086766,0.288132218239745,0.324937599273882,0.291031726205346,0,
0.862063027380747,0.347063978965819,0.425328554360812,0.510551395507148,0.266300274793905,0,
0.589633201308765,0.727432077125329,0.286539227399442,0.329929657363286,0.302023482388209,0,
0.773721370759428,0.282559158632778,0.618478693747511,0.287497163603358,0.394953784661504,0,
0.545376270018943,0.365819456617003,0.335125448028674,0.383027002496029,0.340744441668748,0,
0.349061477527122,0.458895705521472,0.592393468737555,0.481506693896074,0.191606295278541,0,
0.413122094024453,0.539702015775635,0.611708482676225,0.281370546857273,0.32075943042718,0,
0.317547787153435,0.291323400525854,0.457387495021904,0.737236215112321,0.32075943042718,0,
0.355777509901843,0.756529360210342,0.260454002389486,0.433855230315407,0.287534349238071,0,
0.332185293611159,0.539000876424189,0.489247311827957,0.417517585659179,0.32075943042718,0,
0.348889271568796,0.523225241016652,0.805057745917961,0.230088495575221,0.32075943042718,0,
0.817289478215946,0.403856266432954,0.31800079649542,0.390968913092807,0.382213339995004,0,
0.334940588944377,0.294653812445223,0.515929908403027,0.8738370773769,0.32075943042718,0,
0.88841053900465,0.354425942156003,0.338908801274393,0.340367597004765,0.334499125655758,0,
0.352161184776993,0.738299737072743,0.233373158104341,0.498978897208986,0.599800149887584,0,
0.338384708110901,0.485539000876424,0.528275587415372,0.445200816882233,0.285785660754434,0,
0.386085758567246,0.618930762489045,0.300079649542015,0.320172452915816,0.349737696727454,0,
0.459273290855864,0.622611744084137,0.305057745917961,0.325845246199229,0.294029477891581,0,
0.346995006027209,0.446801051709027,0.800278773397053,0.221465849784434,0.21159130652011,0,
0.388496641983813,0.837510955302366,0.244125846276384,0.303154073065577,0.282538096427679,0,
0.724642672636473,0.484312007011393,0.45957785742732,0.394599500794191,0.395453409942543,0,
0.612536593766144,0.430674846625767,0.325169255276782,0.34331744951214,0.336747439420435,0,
0.717926640261753,0.288694127957932,0.385503783353246,0.377354209212616,0.336497626779915,0,
0.121749612536594,0.091498685363716,0.304460374352847,0.324483775811209,0.292780414688983,0,
0.308765283278801,0.301840490797546,0.415173237753883,0.254141139096891,0.573569822633025,0,
0.40967797485793,0.588957055214724,0.566507367582636,0.622418879056047,0.212840369722708,0,
0.85879111417255,0.352673093777388,0.41816009557945,0.556387565237123,0.270547089682738,0,
0.380747373859135,0.588606485539001,0.478096375945838,0.420240526435217,0.287784161878591,0,
0.700189426554159,0.440841367221735,0.439466348068499,0.587474472430225,0.252060954284287,0,
0.239538488031686,0.391586327782647,0.753484667463162,0.209212616292262,0.228078940794404,0,
0.238677458240055,0.1056967572305,0.270808442851454,0.321760835035171,0.295528353734699,0,
0.368865162734631,0.68273444347064,0.532457188371167,0.465169049239846,0.252060954284287,0,
0.417427242982607,0.659947414548642,0.267622461170848,0.426820966643976,0.248563577317012,0,
0.455312553814362,0.453111305872042,0.424332935085623,0.334014068527343,0.338745940544592,0,
0.472016531771999,0.576161262050833,0.299681401831939,0.402995234853642,0.218336247814139,0,
0.556053039435164,0.421560035056968,0.332337714058144,0.342409802586794,0.337247064701474,0,
0.3159979335285,0.334969325153374,0.510553564317005,0.893124574540504,0.32075943042718,0,
0.415016359566041,0.626993865030675,0.505973715651135,0.420467438166553,0.291531351486385,0,
0.329257792319614,0.462226117440841,0.869374751095181,0.175856591785795,0.32075943042718,0,
0.58808334768383,0.527432077125329,0.482477100756671,0.648059904697073,0.227079690232326,0,
0.648183227139659,0.564767747589834,0.530067702110713,0.306784660766962,0.361728703472396,0,
0.621491303599105,0.483610867659947,0.414774990043807,0.388019060585432,0.302273295028728,0,
0.848458756672981,0.323926380368098,0.337714058144166,0.340594508736102,0.311016737446915,0,
0.321164112278285,0.413321647677476,0.750696933492632,0.235307465395961,0.263802148388708,0,
0.715860168761839,0.36091148115688,0.397252090800478,0.379623326525981,0.309268048963278,0,
0.330635439986223,0.410166520595968,0.824970131421744,0.608804175175857,0.23107669248064,0,
0.460306526605821,0.638737949167397,0.271405814416567,0.688223281143635,0.219835123657257,0,
0.374031341484415,0.639439088518843,0.70589406610912,0.521216246879964,0.245815638271297,0,
0.814017565007749,0.177388255915863,0.395659099960175,0.334014068527343,0.292530602048464,0,
0.473566385396935,0.580017528483786,0.485065710872162,0.708418425232584,0.23107669248064,0,
0.334940588944377,0.317440841367222,0.759458383114297,0.558202859087815,0.472645515863103,0,
0.342517651110728,0.484312007011393,0.882915173237754,0.209212616292262,0.242068448663502,0,
0.414327535732736,0.731288343558282,0.518120270808443,0.312911277513047,0.293030227329503,0,
0.368348544859652,0.590184049079755,0.495021903624054,0.461765373269798,0.32075943042718,0,
0.486654038229723,0.336196319018405,0.428116288331342,0.412298615838439,0.276792405695728,0,
0.575856724642673,0.579666958808063,0.478295499800876,0.642840934876333,0.247564326754934,0,
0.338556914069227,0.442944785276074,0.307447232178415,0.326525981393238,0.298526105420934,0,
0.354227656276907,0.506047326906223,0.835324571883712,0.209439528023599,0.32075943042718,0,
0.469089030480455,0.653812445223488,0.262445240939865,0.417290673927842,0.42917811641269,0,
0.562596865851558,0.384574934268186,0.621863799283154,0.594962559564329,0.460404696477642,0,
0.358188393318409,0.675372480280456,0.570091596973317,0.253006580440209,0.32075943042718,0,
0.382813845359049,0.585276073619632,0.483273596176822,0.442931699568868,0.2433175118661,0,
0.696056483554331,0.548992112182296,0.297291915571485,0.601089176310415,0.251811141643767,0,
0.402100912691579,0.838913234005258,0.258462763839108,0.292716133424098,0.40369722707969,0,
0.275185121405201,0.353900087642419,0.678614097968937,0.630360789652825,0.32075943042718,0,
0.365076631651455,0.383698510078878,0.871166865790522,0.60925799863853,0.217087184611541,0,
0.62975718959876,0.484312007011393,0.307447232178415,0.411390968913093,0.295278541094179,0,
0.638367487515068,0.582646801051709,0.267821585025886,0.321760835035171,0.295528353734699,0,
0.470294472188738,0.58159509202454,0.301075268817204,0.402768323122305,0.217586809892581,0,
0.314620285861891,0.356178790534619,0.68936678614098,0.85568413886998,0.32075943042718,0,
0.321336318236611,0.295179666958808,0.469334926324174,0.286135693215339,0.32075943042718,0,
0.52264508351989,0.330587204206836,0.392672242134608,0.390288177898797,0.267299525355983,0,
0.533494058894438,0.446976336546889,0.428116288331342,0.407987292943045,0.295778166375219,0,
0.348544859652144,0.425591586327783,0.867980884109916,0.629226230996142,0.219335498376218,0,
0.336146030652661,0.436985100788782,0.990043807248108,0.194009530292716,0.219835123657257,0,
0.324263819528156,0.48045574057844,0.855037833532457,0.193555706830043,0.32075943042718,0,
0.252281728947822,0.359859772129711,0.535444046196734,0.687315634218289,0.32075943042718,1,
0.32633029102807,0.310254163014899,0.513341298287535,0.506240072611754,0.510117411941044,1,
0.311864990528672,0.302191060473269,0.522301871764237,0.513728159745859,0.32075943042718,1,
0.350783537110384,0.352147239263804,0.5221027479092,0.848649875198548,0.787159630277292,1,
0.379541932150852,0.625591586327783,0.491437674233373,0.513955071477195,0.53185111166625,1,
0.352333390735319,0.324802804557406,0.655714854639586,0.629906966190152,0.789407944041969,1,
0.456345789564319,0.32988606485539,0.62405416168857,0.694803721352394,0.694479140644517,1,
0.259169967280868,0.395968448729185,0.639386698526483,0.19832085318811,0.567574319260555,1,
0.374547959359394,0.410692375109553,0.642373556352051,0.537553891536192,0.795903072695478,1,
0.34647838815223,0.421560035056968,0.573675826363998,0.648513728159746,0.32075943042718,1,
0.31152057861202,0.309903593339176,0.537435284747113,0.530519627864761,0.32075943042718,1,
0.473221973480282,0.535144609991236,0.710872162485066,0.516678012253234,0.26929802648014,1,
0.325813673153091,0.283786152497809,0.472720031859817,0.666893578398003,0.565076192855358,1,
0.349233683485449,0.323225241016652,0.659697331740342,0.560245064669843,0.808393704721459,1,
0.314103667986912,0.307274320771253,0.551772202309837,0.519854776491945,0.32075943042718,1,
0.333735147236094,0.339526730937774,0.513341298287535,0.554799183117767,0.0914314264301774,1,
0.330979851902876,0.350394390885188,0.236160892074871,0.90832766054005,0.0582063452410692,1,
0.311692784570346,0.342331288343558,0.54500199123855,0.862491490810075,0.32075943042718,1,
0.374375753401068,0.42418930762489,0.629032258064516,0.51690492398457,0.226829877591806,1,
0.330463234027897,0.331113058720421,0.480485862206292,0.673474018606762,0.32075943042718,1,
0.320303082486654,0.331814198071867,0.590203106332139,0.245518493306104,0.187359480389708,1,
0.516617874978474,0.474496056091148,0.723616089207487,0.240299523485364,0.273544841368973,1,
0.488376097812984,0.648553900087642,0.654520111509359,0.290673927842069,0.278790906819885,1,
0.3159979335285,0.31726555652936,0.453803265631223,0.246879963694123,0.597551836122908,1,
0.571723781642845,0.444522348816827,0.650935882118678,0.521216246879964,0.529852610542093,1,
0.303254692612364,0.281156879929886,0.499601752289924,0.302473337871568,0.252060954284287,1,
0.280867918029964,0.184750219106047,0.249502190362405,0.630587701384162,0.639020734449163,1,
0.36352677802652,0.361612620508326,0.78494623655914,0.549126389834354,0.208093929552835,1,
0.324608231444808,0.363365468886941,0.623855037833532,0.797594735647833,0.125405945540844,1,
0.364215601859824,0.529184925503944,0.667662285941856,0.563194917177218,0.603297526854859,1,
0.349233683485449,0.423663453111306,0.770011947431302,0.599954617653733,0.581314014489133,1,
0.367143103151369,0.340403155127081,0.757467144563919,0.203993646471523,0.434923807144642,1,
0.334940588944377,0.297458369851008,0.509956192751892,0.56954844565464,0.505370971771172,1,
0.305665576028931,0.295530236634531,0.563520509757069,0.780122532334922,0.112915313514864,1,
0.342173239194076,0.375284837861525,0.571883711668658,0.604265940549126,0.233574818885836,1,
0.358360599276735,0.47239263803681,0.683193946634807,0.53641933287951,0.170622033474894,1,
0.334079559152747,0.329184925503944,0.491835921943449,0.631949171772181,0.676992255808144,1,
0.330463234027897,0.354425942156003,0.577857427319793,0.609938733832539,0.162128403697227,1,
0.330463234027897,0.317440841367222,0.248904818797292,0.109825277966871,0.163627279540345,1,
0.340623385569141,0.59649430324277,0.530465949820788,0.672566371681416,0.217336997252061,1,
0.349061477527122,0.348115687992989,0.515332536837913,0.857272520989335,0.857606794903822,1,
0.387118994317203,0.339702015775635,0.752090800477897,0.220331291127751,0.2305770671996,1,
0.25727570173928,0.397020157756354,0.696336121067304,0.181756296800545,0.560579565326005,1,
0.449285345272946,0.603155127081507,0.535045798486659,0.306557749035625,0.294279290532101,1,
0.366282073359738,0.331638913234005,0.706093189964158,0.619469026548673,0.761179115663252,1,
0.306009987945583,0.217177914110429,0.402230187176424,0.28477422282732,0.32075943042718,1,
0.364387807818151,0.357055214723926,0.766029470330546,0.698661220785115,0.17287034723957,1,
0.395384880316859,0.350219106047327,0.677817602548785,0.607215793056501,0.466400199850112,1,
0.473049767521956,0.595092024539877,0.668060533651932,0.291354663036079,0.286285286035473,1,
0.332185293611159,0.346362839614373,0.537435284747113,0.857499432720672,0.0691981014239321,1,
0.255381436197692,0.371603856266433,0.259657506969335,0.717948717948718,0.128903322508119,1,
0.381952815567419,0.31148115687993,0.628833134209478,0.657590197413206,0.824131901074194,1,
0.330979851902876,0.309027169149869,0.466547192353644,0.63262990696619,0.742193354983762,1,
0.339073531944205,0.359684487291849,0.891875746714456,0.670524166099387,0.543842118411192,1,
0.393662820733597,0.433479404031551,0.586618876941458,0.8452461992285,0.145890582063452,1,
0.369037368692957,0.468361086765995,0.696535244922342,0.533242568640799,0.497626779915064,1,
0.316342345445152,0.357756354075372,0.631819992035046,0.57930565010211,0.163377466899825,1,
0.32495264336146,0.315687992988606,0.472122660294703,0.584751531654186,0.32075943042718,1,
0.358877217151713,0.784224364592463,0.70131421744325,0.265713637395053,0.277791656257807,1,
0.313242638195282,0.347239263803681,0.414177618478694,0.450419786702973,0.538845865600799,1,
0.406578267608059,0.372480280455741,0.632815611310235,0.539369185386885,0.044216837371971,1,
0.322541759944894,0.296056091148116,0.500995619275189,0.673474018606762,0.119910067449413,1,
0.452385052522817,0.67011393514461,0.56989247311828,0.539823008849557,0.260304771421434,1,
0.482521095229895,0.385801928133217,0.704301075268817,0.504197867029725,0.25630776917312,1,
0.456517995522645,0.305170902716915,0.757467144563919,0.215112321307012,0.405695728203847,1,
0.371620458067849,0.367572304995618,0.467941059338909,0.617880644429317,0.569822633025231,1,
0.457895643189254,0.364943032427695,0.68379131819992,0.572498298162015,0.695228578566076,1,
0.322541759944894,0.293777388255916,0.487256073277579,0.717041071023372,0.0422183362478141,1,
0.467883588772171,0.445574057843996,0.580246913580247,0.451554345359655,0.378965775668249,1,
0.519545376270019,0.376336546888694,0.673636001592991,0.731109598366236,0.195103672245816,1,
0.378164284484243,0.366520595968449,0.789326961369972,0.221465849784434,0.500874344241819,1,
0.369553986567935,0.336021034180543,0.770808442851454,0.559337417744497,0.48713464901324,1,
0.371620458067849,0.430499561787905,0.457188371166866,0.235761288858634,0.638021483887085,1,
0.3791975202342,0.688869412795793,0.544603743528475,0.582482414340821,0.457406944791406,1,
0.408472533149647,0.337072743207713,0.492433293508562,0.840254141139097,0.182613040219835,1,
0.408644739107973,0.337072743207713,0.492433293508562,0.840481052870433,0.182613040219835,1,
0.458756672980885,0.491673970201577,0.610712863401035,0.550487860222374,0.616537596802398,1,
0.403134148441536,0.457668711656442,0.814217443249701,0.70093033809848,0.215588308768424,1,
0.32495264336146,0.306573181419807,0.441258462763839,0.676423871114137,0.133899575318511,1,
0.392457379025314,0.725503943908852,0.513739545997611,0.471068754254595,0.495378466150387,1,
0.337007060444291,0.365293602103418,0.628036638789327,0.530519627864761,0.635523357481889,1,
0.373686929567763,0.331814198071867,0.773795300677021,0.631268436578171,0.496627529352985,1,
0.317375581195109,0.328308501314636,0.487256073277579,0.610619469026549,0.457656757431926,1,
0.274496297571896,0.16897458369851,0.283154121863799,0.653732697980486,0.32075943042718,1,
0.381952815567419,0.376161262050833,0.810234966148945,0.589289766280917,0.635773170122408,1,
0.395557086275185,0.43102541630149,0.740342493030665,0.22237349670978,0.26305271046715,1,
0.375236783192698,0.295179666958808,0.739545997610514,0.90764692534604,0.151636272795403,1,
0.346133976235578,0.31954425942156,0.641975308641975,0.743589743589744,0.761928553584811,1,
0.486654038229723,0.39193689745837,0.862007168458781,0.223734967097799,0.232575568323757,1,
0.45135181677286,0.526730937773883,0.474313022700119,0.510324483775811,0.32075943042718,1,
0.32633029102807,0.360736196319018,0.585424133811231,0.787610619469027,0.143642268298776,1,
0.31152057861202,0.310604732690622,0.538032656312226,0.556160653505786,0.32075943042718,1,
0.405889443774755,0.675723049956179,0.599163679808841,0.558883594281824,0.260554584061954,1,
0.479249182021698,0.334268185801928,0.754679410593389,0.645563875652371,0.585810642018486,1,
0.344756328568968,0.33444347063979,0.767622461170848,0.613342409802587,0.672495628278791,1,
0.334423971069399,0.372304995617879,0.620868180007965,0.739959155888359,0.32075943042718,1,
0.423971069399001,0.549693251533742,0.536041417761848,0.462219196732471,0.395203597302023,1,
0.405028413983124,0.438913234005259,0.705097570688969,0.253687315634218,0.490881838621034,1,
0.436369898398485,0.297808939526731,0.605137395459976,0.802813705468573,0.596802398201349,1,
0.380747373859135,0.317966695880806,0.727797690163281,0.606988881325164,0.221583812140894,1,
0.332874117444464,0.300087642418931,0.679410593389088,0.700022691173134,0.846864851361479,1,
0.397967969691751,0.472743207712533,0.820191158900836,0.198547764919446,0.257057207094679,1,
0.329085586361288,0.385801928133217,0.871764237355635,0.602450646698434,0.615788158880839,1,
0.309798519028758,0.348466257668712,0.435284747112704,0.506013160880417,0.483137646764926,1,
0.316514551403479,0.346538124452235,0.603146156909598,0.70546857272521,0.32075943042718,1,
0.315136903736869,0.341805433829974,0.560732775786539,0.842069434989789,0.122658006495129,1,
0.27432409161357,0.142331288343558,0.230386300278773,0.012480145223508,0.32075943042718,1,
0.328741174444636,0.327782646801052,0.449024293110315,0.798048559110506,0.135898076442668,1,
0.333735147236094,0.374408413672217,0.782357626443648,0.22169276151577,0.143142643017737,1,
0.326674702944722,0.356178790534619,0.691557148546396,0.590197413206263,0.190856857356982,1,
0.355605303943516,0.38615249780894,0.542214257268021,0.701157249829816,0.32075943042718,1,
0.343723092819012,0.334969325153374,0.47331740342493,0.595643294758339,0.633275043717212,1,
0.309626313070432,0.353900087642419,0.423337315810434,0.520308599954618,0.32075943042718,1,
0.316514551403479,0.347414548641542,0.566905615292712,0.358747447243022,0.32075943042718,1,
0.354055450318581,0.422261174408414,0.812027080844285,0.228273201724529,0.159880089932551,1,
0.343206474944033,0.463803680981595,0.713460772600558,0.585659178579533,0.632525605795653,1,
0.3271913208197,0.366520595968449,0.540621266427718,0.640344905831632,0.12790407194604,1,
0.373514723609437,0.328659070990359,0.700318598168061,0.658044020875879,0.717212090931801,1,
0.361460306526606,0.34829097283085,0.953604141776185,0.201951440889494,0.43617287034724,1,
0.323919407611503,0.312357581069238,0.473118279569892,0.547311095983662,0.221333999500375,1,
0.384363698983985,0.308676599474145,0.605137395459976,0.686181075561607,0.814639020734449,1,
0.320303082486654,0.337598597721297,0.664277180406213,0.561379623326526,0.20534599050712,1,
0.426898570690546,0.6022787028922,0.71963361210673,0.263671431813025,0.281039220584562,1,
0.525572584811434,0.692725679228747,0.556551174830745,0.312230542319038,0.290781913564826,1,
0.340967797485793,0.383172655565294,0.783353245718837,0.66258225550261,0.613040219835124,1,
0.449801963147925,0.371078001752848,0.540820390282756,0.680054458815521,0.46140394703972,1,
0.3271913208197,0.349342681858019,0.512146555157308,0.27569775357386,0.668248813389957,1,
0.360254864818323,0.396844872918493,0.618876941457587,0.643748581801679,0.516112915313515,1,
0.316686757361805,0.306573181419807,0.455197132616487,0.702972543680508,0.560829377966525,1,
0.277768210780093,0.173882559158633,0.199721226602947,0.0683004311322895,0.124156882338246,1,
0.345445152402273,0.336546888694128,0.597371565113501,0.541411390968913,0.571821134149388,1,
0.527639056311348,0.374233128834356,0.632815611310235,0.242795552530066,0.225830627029728,1,
0.272946443946961,0.341104294478528,0.542612504978096,0.747674154753801,0.113914564076942,1,
0.328052350611331,0.294127957931639,0.190561529271207,0.72498298162015,0.087184611541344,1,
0.31152057861202,0.315337423312883,0.516726403823178,0.514181983208532,0.480139895078691,1,
0.371792664026175,0.403155127081507,0.651334129828753,0.512593601089176,0.233075193604796,1,
0.30928190115378,0.308501314636284,0.488649940262843,0.834354436124348,0.0969273045216088,1,
0.386430170483899,0.597370727432077,0.543010752688172,0.495575221238938,0.219835123657257,1,
0.308593077320475,0.304995617879053,0.499800876144962,0.358747447243022,0.32075943042718,1,
0.311348372653694,0.303067484662577,0.415571485463959,0.306557749035625,0.32075943042718,1,
0.379025314275874,0.313584574934268,0.67184388689765,0.713183571590651,0.746440169872596,1,
0.329774410194593,0.339702015775635,0.643170051772202,0.257544815066939,0.439920059955034,1,
0.370070604442914,0.336371603856266,0.629430505774592,0.641706376219651,0.820134898825881,1,
0.358705011193387,0.301665205959684,0.722819593787336,0.610165645563876,0.14089432925306,1,
0.309626313070432,0.291323400525854,0.475308641975309,0.560018152938507,0.785910567074694,1,
0.345272946443947,0.337598597721297,0.527479091995221,0.794417971409122,0.162128403697227,1,
0.327707938694679,0.353374233128834,0.520908004778972,0.267755842977082,0.692980264801399,1,
0.380058550025831,0.511656441717791,0.550776583034647,0.751758565917858,0.186360229827629,1,
0.327019114861374,0.334969325153374,0.648944643568299,0.499659632402995,0.649263052710467,1,
0.327363526778026,0.361262050832603,0.539625647152529,0.435897435897436,0.630527104671496,1,
0.388668847942139,0.337072743207713,0.681800079649542,0.631949171772181,0.491381463902073,1,
0.315653521611848,0.317966695880806,0.558144165671047,0.23213070115725,0.481388958281289,1,
0.421904597899087,0.472217353198948,0.662485065710872,0.258906285454958,0.280289782663003,1,
0.373686929567763,0.308851884312007,0.71326164874552,0.527342863626049,0.426180364726455,1,
0.264336146030653,0.312883435582822,0.494822779769016,0.769684592693442,0,1,
0.419149302565869,0.34601226993865,0.639187574671446,0.484910369866122,0.433424931301524,1,
0.338901325985879,0.330411919368975,0.445041816009558,0.680281370546857,0.497876592555583,1,
0.382641639400723,0.327081507449606,0.676622859418558,0.629680054458815,0.605046215338496,1,
0.380402961942483,0.566345311130587,0.59557945041816,0.288631722260041,0.252560579565326,1,
