541,5,2,
0.518512140520062,0.597020157756354,0.276782158502589,0.404356705241661,0.257806645016238,0,
0.368865162734631,0.403680981595092,0.783751493428913,0.238030406171999,0.22408193854609,0,
0.536249354227656,0.336196319018405,0.39426523297491,0.39074200136147,0.269547839120659,0,
0.469433442397107,0.615600350569676,0.255675029868578,0.405491263898344,0.383712215838121,0,
0.762183571551576,0.401928133216477,0.455993628036639,0.461992285001135,0.377716712465651,0,
0.440675047356639,0.498334794040316,0.435085623257666,0.412298615838439,0.274044466650012,0,
0.340795591527467,0.477125328659071,0.957387495021904,0.188109825277967,0.32075943042718,0,
0.890304804546237,0.332865907099036,0.44763042612505,0.332198774676651,0.305271046714964,0,
0.562252453934906,0.646099912357581,0.290720828355237,0.323349217154527,0.356982263302523,0,
0.574995694851042,0.665731814198072,0.27021107128634,0.31336510097572,0.293280039970022,0,
0.442569312898226,0.720946538124452,0.537037037037037,0.296119809394146,0.28228828378716,0,
0.484759772688135,0.628921998247152,0.29410593389088,0.421148173360563,0.28178865850612,0,
0.362321336318237,0.412971078001753,0.906610911987256,0.177444973905151,0.236322757931551,0,
0.400551059066644,0.607537248028046,0.582437275985663,0.286135693215339,0.279040719460405,0,
0.338556914069227,0.377212971078002,0.857626443647949,0.239164964828682,0.241069198101424,0,
0.316170139486826,0.351621384750219,0.454599761051374,0.509189925119129,0.503122658006495,0,
0.355605303943516,0.308501314636284,0.541019514137794,0.807805763557976,0.187109667749188,0,
0.39262958498364,0.827344434706398,0.220430107526882,0.451781257090992,0.278291281538846,0,
0.777509901842604,0.405959684487292,0.45957785742732,0.480599046970728,0.422682987759181,0,
0.439125193731703,0.475197195442594,0.315611310234966,0.333333333333333,0.308018985760679,0,
0.395729292233511,0.613146362839614,0.496614894464357,0.434082142046744,0.370971771171621,0,
0.308420871362149,0.336371603856266,0.485065710872162,0.553437712729748,0.537596802398201,0,
0.275185121405201,0.136371603856266,0.130426125049781,0.0503744043567052,0.162628028978266,0,
0.764766660926468,0.395092024539877,0.567901234567901,0.296800544588155,0.291531351486385,0,
0.315825727570174,0.351971954425942,0.687176423735564,0.587928295892898,0.460654509118161,0,
0.42672636473222,0.414548641542507,0.543010752688172,0.286816428409349,0.279790157381964,0,
0.353883244360255,0.550920245398773,0.875149342891278,0.21783526208305,0.252810392205846,0,
0.318064405028414,0.370902716914987,0.441855834328953,0.511232130701157,0.0874344241818636,0,
0.338901325985879,0.586503067484663,0.604340900039825,0.501474926253687,0.32075943042718,0,
0.316514551403479,0.295880806310254,0.467741935483871,0.801452235080554,0.154634024481639,0,
0.305148958153952,0.290972830850131,0.473715651135006,0.473791695030633,0.430177366974769,0,
0.514895815395213,0.721647677475898,0.27479091995221,0.298388926707511,0.278291281538846,0,
0.52040640606165,0.434706397896582,0.443249701314217,0.442931699568868,0.222083437421934,0,
0.47063888410539,0.426292725679229,0.312425328554361,0.335829362378035,0.32075943042718,0,
0.316170139486826,0.39421560035057,0.805854241338112,0.191286589516678,0.240319760179865,0,
0.646633373514724,0.435056967572305,0.422739944245321,0.41025641025641,0.304521608793405,0,
0.610125710349578,0.411919368974584,0.436479490242931,0.405037440435671,0.286535098675993,0,
0.325297055278113,0.425766871165644,0.803066507367582,0.161334240980259,0.447414439170622,0,
0.857413466505941,0.328483786152498,0.426125049780964,0.463807578851827,0.362228328753435,0,
0.43568107456518,0.578264680105171,0.271405814416567,0.316768776945768,0.32075943042718,0,
0.36214913035991,0.548641542506573,0.59557945041816,0.475833900612662,0.263552335748189,0,
0.813673153091097,0.184750219106047,0.396853843090402,0.42001361470388,0.297027229577817,0,
0.311348372653694,0.313935144609991,0.62226204699323,0.603812117086453,0.233574818885836,0,
0.371103840192871,0.916564417177914,0.236160892074871,0.278647606081234,0.283287534349238,0,
0.316170139486826,0.361612620508326,0.730784547988849,0.602223734967098,0.214838870846865,0,
0.416566213190976,0.523751095530237,0.313819195539626,0.326752893124575,0.347489382962778,0,
0.353711038401929,0.466432953549518,0.757666268418956,0.199909235307465,0.32075943042718,0,
0.353883244360255,0.527782646801052,0.61768219832736,0.466984343090538,0.26305271046715,0,
0.70776648872051,0.283435582822086,0.393468737554759,0.395507147719537,0.305271046714964,0,
0.544859652143964,0.359859772129711,0.337116686579052,0.381892443839347,0.343492380714464,0,
0.364043395901498,0.648729184925504,0.550378335324572,0.474699341955979,0.25630776917312,0,
0.30928190115378,0.292900964066608,0.425925925925926,0.466757431359201,0.203597302023482,0,
0.318753228861719,0.409114811568799,0.563719633612107,0.427728613569322,0.32075943042718,0,
0.557947304976752,0.6045574057844,0.29131819992035,0.270705695484457,0.524356732450662,0,
0.404684002066471,0.548641542506573,0.290123456790123,0.325164511005219,0.32075943042718,0,
0.365076631651455,0.775284837861525,0.242731979291119,0.453142727479011,0.26305271046715,0,
0.832960220423627,0.44943032427695,0.321385902031063,0.459269344225096,0.283787159630277,0,
0.702083692095747,0.346538124452235,0.338709677419355,0.34263671431813,0.332500624531601,0,
0.349061477527122,0.541805433829974,0.477499004380725,0.421601996823236,0.296777416937297,0,
0.317719993111762,0.290622261174408,0.454201513341298,0.190605854322668,0.32075943042718,0,
0.361804718443258,0.545311130587204,0.605336519315014,0.462673020195144,0.24981264051961,0,
0.338212502152574,0.419106047326906,0.77757865392274,0.216473791695031,0.244566575068699,0,
0.334079559152747,0.409640666082384,0.441855834328953,0.460630814613115,0.460904321758681,0,
0.335112794902704,0.440666082383874,0.864794902429311,0.206262763784888,0.636272795403447,0,
0.329946616152919,0.511305872042068,0.588410991636798,0.469026548672566,0.270547089682738,0,
0.932667470294472,0.329009640666082,0.41636798088411,0.461765373269798,0.290282288283787,0,
0.3271913208197,0.331638913234005,0.562126642771804,0.803040617199909,0.169622782912815,0,
0.334079559152747,0.419807186678352,0.838311429709279,0.189244383934649,0.246565076192855,0,
0.358705011193387,0.561437335670465,0.499800876144962,0.428182437031995,0.32075943042718,0,
0.343378680902359,0.312007011393514,0.711071286340103,0.573405945087361,0.605046215338496,0,
0.385052522817289,0.371954425942156,0.831740342493031,0.599273882459723,0.234074444166875,0,
0.35319442052695,0.465907099035933,0.576662684189566,0.469480372135239,0.267549337996503,0,
0.517306698811779,0.422261174408414,0.423934687375548,0.389834354436124,0.346739945041219,0,
0.341140003444119,0.498685363716039,0.97610513739546,0.156115271159519,0.230327254559081,0,
0.48183227139659,0.704469763365469,0.524691358024691,0.437712729748128,0.32075943042718,0,
0.336834854485965,0.602629272567923,0.596575069693349,0.238030406171999,0.259805146140395,0,
0.469261236438781,0.65398773006135,0.262445240939865,0.417517585659179,0.42942792905321,0,
0.335629412777682,0.329535495179667,0.739745121465551,0.734967097798956,0.178116412690482,0,
0.359738246943344,0.665030674846626,0.521306252489048,0.514862718402541,0.620534599050712,0,
0.668331324263819,0.496406660823839,0.540621266427718,0.517131835715906,0.269797651761179,0,
0.461339762355777,0.451183172655565,0.508363201911589,0.781030179260268,0.191606295278541,0,
0.34871706561047,0.369149868536372,0.553166069295101,0.0515089630133878,0.32075943042718,0,
0.648011021181333,0.298685363716039,0.391477499004381,0.383253914227366,0.345740694479141,0,
0.350094713277079,0.487291849255039,0.823576264436479,0.213750850918992,0.32075943042718,0,
0.463234027897365,0.719018404907976,0.505774591796097,0.547764919446335,0.264801398950787,0,
0.710866195970381,0.4045574057844,0.421545201115094,0.413206262763785,0.430926804896328,0,
0.449801963147925,0.383523225241017,0.331342094782955,0.37644656228727,0.347489382962778,0,
0.365076631651455,0.652234881682734,0.633412982875348,0.511912865895167,0.32075943042718,0,
0.344756328568968,0.781069237510955,0.251294305057746,0.424324937599274,0.369722707969023,0,
0.408989151024625,0.609114811568799,0.271007566706491,0.309734513274336,0.290781913564826,0,
0.380230755984157,0.747414548641543,0.263839107925129,0.418425232584525,0.281039220584562,0,
0.90184260375409,0.30464504820333,0.339705296694544,0.342182890855457,0.337247064701474,0,
0.531427587394524,0.460122699386503,0.317204301075269,0.383480825958702,0.344491631276543,0,
0.401067676941622,0.692900964066608,0.242333731581043,0.303154073065577,0.281289033225081,0,
0.785086964008955,0.188080631025416,0.339904420549582,0.37712729748128,0.337746689982513,0,
0.476149474771827,0.628571428571429,0.266228594185583,0.415929203539823,0.406195353484886,0,
0.556569657310143,0.479929886064855,0.45400238948626,0.422282732017245,0.28203847114664,0,
0.333735147236094,0.661349693251534,0.254480286738351,0.489448604492852,0.32075943042718,0,
0.501980368520751,0.425591586327783,0.315013938669853,0.340140685273429,0.305770671996003,0,
0.315309109695195,0.320245398773006,0.621266427718041,0.74449739051509,0.186859855108668,0,
0.513862579645256,0.745661700262927,0.266427718040621,0.304061719990924,0.267549337996503,0,
0.888754950921302,0.312708150744961,0.340900039824771,0.34331744951214,0.310267299525356,0,
0.333735147236094,0.315863277826468,0.608323377140581,0.73020195144089,0.516862353235074,0,
0.672119855346995,0.167046450482033,0.337514934289128,0.337871567960064,0.304521608793405,0,
0.71895987601171,0.464855390008764,0.492831541218638,0.51690492398457,0.270547089682738,0,
0.395212674358533,0.522348816827344,0.294305057745918,0.405264352167007,0.299775168623532,0,
0.520923023936628,0.443996494303243,0.304062126642772,0.336963921034717,0.33949537846615,0,
0.757534010676769,0.186327782646801,0.342094782954998,0.380077149988654,0.308518611041719,0,
0.343034268985707,0.417703768624014,0.852648347272003,0.210800998411618,0.236322757931551,0,
0.400378853108318,0.637510955302366,0.258861011549184,0.311776718856365,0.295528353734699,0,
0.714654727053556,0.445048203330412,0.330744723217841,0.340367597004765,0.341244066949788,0,
0.496297571895988,0.643470639789658,0.280565511748307,0.318357159065124,0.291031726205346,0,
0.400551059066644,0.638737949167397,0.515531660692951,0.452008168822328,0.244566575068699,0,
0.446357843981402,0.501489921121823,0.420151334129829,0.385523031540731,0.337996502623033,0,
0.410366798691235,0.510429447852761,0.537833532457188,0.269117313365101,0.750437172120909,0,
0.342689857069055,0.44715162138475,0.915372361608921,0.209893351486272,0.24381713714714,0,
0.197348028241777,0.439263803680982,0.224014336917563,0.292035398230088,0.283787159630277,0,
0.323747201653177,0.398071866783523,0.815013938669853,0.22237349670978,0.32075943042718,0,
0.275357327363527,0.167397020157756,0.279171644763043,0.557975947356478,0.783662253310017,0,
0.563974513518168,0.51726555652936,0.517921146953405,0.449058316314954,0.419185610791906,0,
0.653349405889444,0.501665205959684,0.512345679012346,0.319037894259133,0.357232075943043,0,
0.458928878939211,0.699561787905346,0.278972520908005,0.613569321533923,0.225580814389208,0,
0.820561391424143,0.294829097283085,0.340501792114695,0.342182890855457,0.336497626779915,0,
0.361804718443258,0.550394390885188,0.610911987256073,0.47333787156796,0.262303272545591,0,
0.392973996900293,0.802453987730061,0.261250497809638,0.518039482641253,0.258306270297277,0,
0.140003444119167,0.401402278702892,0.277180406212664,0.3238030406172,0.301773669747689,0,
0.774754606509385,0.456091148115688,0.314615690959777,0.523258452461992,0.261803647264552,0,
0.387980024108834,0.744960560911481,0.277976901632816,0.309961425005673,0.368223832125906,0,
0.388324436025486,0.706748466257669,0.515133412982875,0.29975039709553,0.28178865850612,0,
0.336490442569313,0.468711656441718,0.309637594583831,0.286589516678012,0.430177366974769,0,
0.403478560358188,0.519018404907975,0.309637594583831,0.326752893124575,0.32075943042718,0,
0.332874117444464,0.503593339176161,0.6415770609319,0.521216246879964,0.215338496127904,0,
0.337351472360944,0.480280455740578,0.55973715651135,0.279782164737917,0.382213339995004,0,
0.326846908903048,0.470289219982471,0.650139386698526,0.247333787156796,0.27554334249313,0,
0.337868090235922,0.502541630148992,0.767025089605735,0.186294531427275,0.483137646764926,0,
0.341484415360771,0.826117440841367,0.259259259259259,0.446562287270252,0.481139145640769,0,
0.38591355260892,0.738825591586328,0.228992433293509,0.301111867483549,0.282787909068199,0,
0.321852936111589,0.302191060473269,0.498008761449622,0.73405945087361,0.158131401448913,0,
0.349405889443775,0.308326029798422,0.682994822779769,0.685500340367597,0.124906320259805,0,
0.463406233855691,0.414373356704645,0.52568697729988,0.428636260494668,0.382463152635523,0,
0.32942999827794,0.486415425065732,0.560533651931501,0.435443612434763,0.32075943042718,0,
0.333390735319442,0.313234005258545,0.769812823576264,0.56501021102791,0.482138396202848,0,
0.314792491820217,0.341454864154251,0.648347272003186,0.824370319945541,0.32075943042718,0,
0.841053900464956,0.317791411042945,0.341497411389884,0.344225096437486,0.311266550087434,0,
0.329085586361288,0.351621384750219,0.548586220629231,0.69639210347175,0.32075943042718,0,
0.530222145686241,0.535845749342682,0.436678614097969,0.397549353301566,0.302273295028728,0,
0.323919407611503,0.47239263803681,0.735165272799681,0.205582028590878,0.215588308768424,0,
0.432753573273635,0.656792287467134,0.492035045798487,0.466757431359201,0.556082937796653,0,
0.476149474771827,0.578790534618756,0.293508562325767,0.407987292943045,0.352235823132651,0,
0.608575856724643,0.680806310254163,0.300677021107129,0.326299069661902,0.296027979015738,0,
0.302221456862407,0.268536371603856,0.402827558741537,0.469026548672566,0.659505370971771,0,
0.322025142069916,0.313234005258545,0.499203504579849,0.190832766054005,0.32075943042718,0,
0.716893404511796,0.411218229623138,0.333731581043409,0.384388472884048,0.340744441668748,0,
0.346822800068882,0.80806310254163,0.221823974512147,0.436351259360109,0.276292780414689,0,
0.444807990356466,0.327782646801052,0.616885702907208,0.859995461765373,0.49337996502623,0,
0.348544859652144,0.30464504820333,0.660493827160494,0.689130928068981,0.126655008743442,0,
0.900120544170828,0.172830850131464,0.340700915969733,0.344905831631495,0.337247064701474,0,
0.307559841570518,0.313935144609991,0.424532058940661,0.471068754254595,0.550836872345741,0,
0.458928878939211,0.595793163891323,0.622859418558343,0.491036986612208,0.534599050711966,0,
0.33080764594455,0.464154250657318,0.706690561529271,0.244610846380758,0.263552335748189,0,
0.320130876528328,0.451358457493427,0.589008363201912,0.278647606081234,0.32075943042718,0,
0.672119855346995,0.452059596844873,0.454798884906412,0.458134785568414,0.262303272545591,0,
0.343895298777338,0.446801051709027,0.683990442054958,0.247560698888133,0.255558331251561,0,
0.755295333218529,0.176511831726556,0.340501792114695,0.340367597004765,0.341244066949788,0,
0.304115722403995,0.281682734443471,0.446037435284747,0.235307465395961,0.32075943042718,0,
0.330979851902876,0.410867659947415,0.845878136200717,0.602904470161107,0.229078191356483,0,
0.704838987428965,0.291498685363716,0.344285145360414,0.346721125482187,0.331501373969523,0,
0.424143275357327,0.570727432077125,0.455794504181601,0.416609938733833,0.262303272545591,0,
0.40743929739969,0.544960560911481,0.289326961369972,0.327660540049921,0.30102423182613,0,
0.339245737902531,0.778615249780894,0.257467144563919,0.636260494667574,0.220584561578816,0,
0.31823661098674,0.308851884312007,0.546993229788929,0.862945314272748,0.140394703972021,0,
0.729120027552953,0.331814198071867,0.672441258462764,0.277966870887225,0.287034723957032,0,
0.473738591355261,0.714285714285714,0.27937076861808,0.427047878375312,0.475393454908818,0,
0.370759428276218,0.40806310254163,0.810434090003982,0.243476287724075,0.268298775918061,0,
0.421732391940761,0.670639789658195,0.669255276782158,0.261629226230996,0.266050462153385,0,
0.615636301016015,0.615074496056091,0.512743926722421,0.308373042886317,0.35873095178616,0,
0.359566040985018,0.682559158632778,0.27757865392274,0.29975039709553,0.289033225081189,0,
0.307215429653866,0.304469763365469,0.527678215850259,0.511005218969821,0.440169872595553,0,
0.349750301360427,0.754601226993865,0.266228594185583,0.305877013841616,0.282787909068199,0,
0.513862579645256,0.532340052585451,0.299084030266826,0.415248468345813,0.27554334249313,0,
0.636817633890133,0.469062226117441,0.326164874551971,0.340594508736102,0.346739945041219,0,
0.407267091441364,0.666608238387379,0.486658701712465,0.66712049012934,0.229577816637522,0,
0.415705183399346,0.460473269062226,0.718239745121466,0.229180848649875,0.26929802648014,0,
0.318408816945066,0.294829097283085,0.465750696933493,0.680054458815521,0.32075943042718,0,
0.313414844153608,0.299211218229623,0.445240939864596,0.584978443385523,0.32075943042718,0,
0.372998105734458,0.707099035933392,0.227996814018319,0.498751985477649,0.572070946789908,0,
0.402617530566558,0.670464504820333,0.285941855834329,0.413886997957794,0.245565825630777,0,
0.437747546065094,0.695530236634531,0.271405814416567,0.410710233719083,0.290032475643268,0,
0.321164112278285,0.399824715162138,0.705097570688969,0.813251645110052,0.32075943042718,0,
0.473221973480282,0.571428571428571,0.296694544006372,0.329929657363286,0.350237322008494,0,
0.3903909075254,0.0872918492550394,0.590402230187176,0.230769230769231,0.32075943042718,0,
0.354399862235233,0.550219106047327,0.599761051373955,0.458815520762423,0.273544841368973,0,
0.541587738935767,0.472217353198948,0.306252489048188,0.331064216019968,0.347489382962778,0,
0.60151541243327,0.543382997370727,0.510752688172043,0.595416383027002,0.239820134898826,0,
0.353022214568624,0.44136722173532,0.48805256869773,0.295892897662809,0.290282288283787,0,
0.576028930600999,0.332515337423313,0.815810434090004,0.227138643067847,0.265550836872346,0,
0.369898398484588,0.58737949167397,0.542015133412983,0.433628318584071,0.32075943042718,0,
0.305837781987257,0.277475898334794,0.409199522102748,0.447016110732925,0.235323507369473,0,
0.270535560530394,0.424364592462752,0.874551971326165,0.167233945995008,0.216837371971022,0,
0.335973824694334,0.411393514460999,0.781959378733572,0.207170410710234,0.259305520859355,0,
0.33752367831927,0.332340052585451,0.493827160493827,0.633083730428863,0.32075943042718,0,
0.384708110900637,0.731814198071867,0.230983671843887,0.309961425005673,0.291281538845866,0,
0.403306354399862,0.714636283961437,0.532656312226205,0.431813024733379,0.367724206844866,0,
0.610642328224557,0.314460999123576,0.393866985264835,0.384615384615385,0.347489382962778,0,
0.401412088858274,0.687992988606486,0.511350059737157,0.451554345359655,0.251811141643767,0,
0.333907353194421,0.324452234881683,0.476702508960573,0.266394372589063,0.0594554084436672,0,
0.333562941277768,0.490446976336547,0.768618080446037,0.582482414340821,0.620034973769673,0,
0.728603409677975,0.300438212094654,0.490442054958184,0.589970501474926,0.236572570572071,0,
0.657137936972619,0.607361963190184,0.471326164874552,0.488087134104833,0.386959780164876,0,
0.69295677630446,0.346538124452235,0.340700915969733,0.388472884048105,0.30776917312016,0,
0.724987084553125,0.194566170026293,0.405416168857029,0.394826412525528,0.297776667499375,0,
0.319786464611676,0.380017528483786,0.544603743528475,0.817789879736782,0.148638521109168,0,
0.330635439986223,0.465205959684487,0.617283950617284,0.273428636260495,0.261803647264552,0,
0.317547787153435,0.311130587204207,0.471127041019514,0.534604039028818,0.32075943042718,0,
0.333390735319442,0.313234005258545,0.769812823576264,0.56501021102791,0.482138396202848,0,
0.33166867573618,0.444697633654689,0.308442851453604,0.457454050374404,0.458156382712965,0,
0.36128810056828,0.563365468886941,0.266427718040621,0.292489221692761,0.393954534099425,0,
0.305148958153952,0.428220858895706,0.306849860613301,0.500340367597005,0.260054958780914,0,
0.352333390735319,0.545661700262927,0.608920748705695,0.462899931926481,0.268548588558581,0,
0.332357499569485,0.539176161262051,0.284348864994026,0.435897435897436,0.290781913564826,0,
0.589460995350439,0.61262050832603,0.287933094384707,0.294985250737463,0.501373969522858,0,
0.277251592905114,0.330587204206836,0.598765432098765,0.886771046063081,0.0709467899075693,0,
0.819872567590839,0.334794040315513,0.407606531262445,0.432720671658725,0.298775918061454,0,
0.38591355260892,0.661349693251534,0.678215850258861,0.258906285454958,0.267799150637022,0,
0.400034441191665,0.658895705521472,0.264436479490243,0.312684365781711,0.367224581563827,0,
0.675391768555192,0.449780893952673,0.433094384707288,0.392103471749489,0.297027229577817,0,
0.395557086275185,0.51726555652936,0.661688570290721,0.251418198320853,0.271546340244816,0,
0.408989151024625,0.771779141104295,0.542612504978096,0.439981847061493,0.374968773419935,0,
0.354227656276907,0.52410166520596,0.470728793309438,0.314272747901066,0.291031726205346,0,
0.344584122610642,0.571603856266433,0.694743130227001,0.516451100521897,0.242068448663502,0,
0.507663165145514,0.75863277826468,0.277379530067702,0.319945541184479,0.28878341244067,0,
0.474771827105218,0.384399649430324,0.336718438868976,0.375312003630588,0.33974519110667,0,
0.446357843981402,0.501489921121823,0.305854241338112,0.331971862945314,0.303522358231327,0,
0.317892199070088,0.370376862401402,0.440661091198726,0.518039482641253,0.548088933300025,0,
0.550370242810401,0.606134969325153,0.292114695340502,0.291354663036079,0.507119660254809,0,
0.377475460650939,0.544960560911481,0.609916367980884,0.460403902881779,0.368723457406945,0,
0.338384708110901,0.526730937773883,0.523496614894464,0.432266848196052,0.360229827629278,0,
0.352677802651972,0.44715162138475,0.690163281561131,0.547084184252326,0.219335498376218,0,
0.367487515068021,0.677651183172656,0.634607726005575,0.273882459723168,0.272545590806895,0,
0.267780265197176,0.482208588957055,0.709080047789725,0.177671885636487,0.32075943042718,0,
0.639400723265025,0.608238387379492,0.266029470330546,0.477195371000681,0.393454908818386,0,
0.87583950404684,0.179842243645925,0.390083632019116,0.341048332198775,0.307019735198601,0,
0.313242638195282,0.338475021910605,0.52847471127041,0.916269571136828,0.111916062952785,0,
0.405889443774755,0.318492550394391,0.524691358024691,0.814386203766735,0.180614539095678,0,
0.377819872567591,0.660648553900088,0.274990043807248,0.411617880644429,0.287284536597552,0,
0.497847425520923,0.590359333917616,0.289924332935086,0.412525527569775,0.374718960779415,0,
0.325297055278113,0.296231375985977,0.468140183193947,0.179714091218516,0.704721458905821,0,
0.39848458756673,0.530061349693252,0.274990043807248,0.321760835035171,0.294529103172621,0,
0.832271396590322,0.347589833479404,0.399044205495818,0.385296119809394,0.304021983512366,0,
0.589116583433787,0.333917616126205,0.324571883711669,0.329248922169276,0.295778166375219,0,
0.364732219734803,0.607361963190184,0.729191557148546,0.519174041297935,0.236572570572071,0,
0.327019114861374,0.465381244522349,0.197929111907607,0.287497163603358,0.369223082687984,0,
0.811951093507835,0.291673970201578,0.339705296694544,0.341048332198775,0.30776917312016,0,
0.332013087652833,0.313234005258545,0.687176423735564,0.649648286816428,0.498626030477142,0,
0.450318581022903,0.744259421560035,0.522700119474313,0.502836396641706,0.417187109667749,0,
0.308765283278801,0.281858019281332,0.436877737953007,0.458815520762423,0.32075943042718,0,
0.583261580850697,0.568098159509203,0.300278773397053,0.325164511005219,0.295528353734699,0,
0.408989151024625,0.593865030674847,0.502588610115492,0.415021556614477,0.290532100924307,0,
0.662992939555708,0.298510078878177,0.414974113898845,0.343998184706149,0.32075943042718,0,
0.422765627690718,0.456441717791411,0.303863002787734,0.262083049693669,0.796152885335998,0,
0.558463922851731,0.582120946538124,0.306650736758264,0.330156569094622,0.346490132400699,0,
0.463578439814018,0.606485539000876,0.304460374352847,0.324256864079873,0.293280039970022,0,
0.420354744274152,0.483435582822086,0.55794504181601,0.466076696165192,0.378965775668249,0,
0.819700361632512,0.334969325153374,0.407606531262445,0.432720671658725,0.298775918061454,0,
0.338901325985879,0.611919368974584,0.560334528076464,0.501701837985024,0.32075943042718,0,
0.356638539693473,0.441893076248904,0.671445639187575,0.514635806671205,0.202348238820884,0,
0.345617358360599,0.455565293602103,0.891875746714456,0.144088949398684,0.204096927304522,0,
0.445496814189771,0.517791411042945,0.308442851453604,0.397776265032902,0.285785660754434,0,
0.382125021525745,0.582997370727432,0.848466746316209,0.215339233038348,0.24356732450662,0,
0.313587050111934,0.358457493426819,0.441855834328953,0.521216246879964,0.32075943042718,0,
0.396073704150164,0.37125328659071,0.762445240939865,0.525073746312684,0.407694229328004,0,
0.251420699156191,0.154425942156004,0.27299880525687,0.571817562968005,0.585061204096927,0,
0.446013432064749,0.714285714285714,0.28036638789327,0.318810982527797,0.290532100924307,0,
0.448252109522989,0.623312883435583,0.267224213460773,0.314726571363739,0.292280789407944,0,
0.384363698983985,0.823137598597721,0.243329350856233,0.481506693896074,0.32075943042718,0,
0.362493542276563,0.434706397896582,0.827558741537236,0.183571590651237,0.32075943042718,0,
0.492509040812812,0.449255039439088,0.315611310234966,0.337644656228727,0.306270297277042,0,
0.387463406233856,0.62646801051709,0.511150935882119,0.472884048105287,0.230077441918561,0,
0.76734975030136,0.279228746713409,0.394464356829948,0.402768323122305,0.305021234074444,0,
0.347683829860513,0.41262050832603,0.844086021505376,0.66643975493533,0.32075943042718,0,
0.436886516273463,0.656967572304996,0.243329350856233,0.297254368050828,0.286784911316513,0,
0.814017565007749,0.38387379491674,0.333333333333333,0.381211708645337,0.336497626779915,0,
0.323747201653177,0.379141104294479,0.766029470330546,0.598366235534377,0.32075943042718,0,
0.414671947649389,0.621910604732691,0.254480286738351,0.316088041751759,0.32075943042718,0,
0.643361460306527,0.464855390008764,0.465153325368379,0.443385523031541,0.287034723957032,0,
0.865851558463923,0.17703768624014,0.38968538430904,0.380304061719991,0.334499125655758,0,
0.36128810056828,0.542681858019281,0.660493827160494,0.240526435216701,0.25031226580065,0,
0.320130876528328,0.295004382120946,0.48068498606133,0.75879282958929,0.676492630527105,0,
0.477182710521784,0.397020157756354,0.516129032258065,0.437258906285455,0.375718211341494,0,
0.343723092819012,0.408588957055215,0.717443249701314,0.541865214431586,0.2305770671996,0,
0.353711038401929,0.596669588080631,0.596575069693349,0.220558202859088,0.649013240069948,0,
0.628896159807129,0.320070113935145,0.400438072481083,0.393011118674835,0.283537346989758,0,
0.30704322369554,0.283610867659947,0.420350457984867,0.481279782164738,0.32075943042718,0,
0.877561563630102,0.323225241016652,0.339307048984468,0.343998184706149,0.308768423682238,0,
0.427415188565524,0.678878177037686,0.668857029072083,0.261175402768323,0.32075943042718,0,
0.473910797313587,0.630850131463628,0.276782158502589,0.316541865214432,0.50662003497377,0,
0.408128121232995,0.780192813321648,0.248307447232178,0.294077603812117,0.229328003997002,0,
0.404339590149819,0.844171779141104,0.25547590601354,0.436805082822782,0.388958281289033,0,
0.629584983640434,0.484312007011393,0.307447232178415,0.411164057181756,0.295278541094179,0,
0.404684002066471,0.765819456617003,0.266029470330546,0.300658044020876,0.26929802648014,0,
0.323574995694851,0.424539877300613,0.728195937873357,0.242114817336056,0.32075943042718,0,
0.3271913208197,0.472217353198948,0.680007964954201,0.240072611754028,0.271796152885336,0,
0.65352161184777,0.384925503943909,0.336320191158901,0.381892443839347,0.346490132400699,0,
0.441019459273291,0.550043821209465,0.305057745917961,0.406852734286363,0.256807394454159,0,
0.387463406233856,0.537598597721297,0.53305455993628,0.443385523031541,0.368223832125906,0,
0.647666609264681,0.569500438212095,0.304659498207885,0.398230088495575,0.349238071446415,0,
0.404856208024798,0.587204206836109,0.597172441258463,0.280689811663263,0.27579315513365,0,
0.877733769588428,0.182646801051709,0.399442453205894,0.384615384615385,0.306020484636523,0,
0.596865851558464,0.487992988606485,0.464356829948228,0.42001361470388,0.519860104921309,0,
0.619941449974169,0.379141104294479,0.429311031461569,0.33877921488541,0.309018236322758,0,
0.498708455312554,0.648553900087642,0.294902429311031,0.323576128885863,0.3974519110667,0,
0.541759944894093,0.47817703768624,0.307248108323377,0.331744951213978,0.350736947289533,0,
0.349405889443775,0.636108676599474,0.276981282357626,0.431813024733379,0.291531351486385,0,
0.311348372653694,0.294829097283085,0.446236559139785,0.493079192194236,0.833624781413939,0,
0.398140175650077,0.656441717791411,0.544006371963361,0.455184933061039,0.376967274544092,0,
0.587566729808851,0.541805433829974,0.437674233373158,0.474699341955979,0.46789907569323,0,
0.34871706561047,0.373882559158633,0.853046594982079,0.645110052189698,0.206345241069198,0,
0.562252453934906,0.384574934268186,0.621664675428116,0.594962559564329,0.460404696477642,0,
0.360599276734975,0.398948290972831,0.821784149741139,0.701611073292489,0.191856107919061,0,
0.376442224900982,0.423312883435583,0.789326961369972,0.608123439981847,0.437421933549838,0,
0.412088858274496,0.532865907099036,0.267821585025886,0.308599954617654,0.28178865850612,0,
0.810056827966248,0.17703768624014,0.395858223815213,0.387338325391423,0.343992005995503,0,
0.565696573101429,0.303943908851884,0.40900039824771,0.340367597004765,0.308518611041719,0,
0.371276046151197,0.497808939526731,0.802270011947431,0.235080553664624,0.32075943042718,0,
0.407267091441364,0.753549517966696,0.275786539227399,0.416836850465169,0.289283037721709,0,
0.369726192526261,0.521998247151621,0.803066507367582,0.234626730201951,0.248563577317012,0,
0.339245737902531,0.448203330411919,0.921943448825169,0.174495121397776,0.222333250062453,0,
0.393662820733597,0.654688869412796,0.239545997610514,0.298162014976174,0.279290532100924,0,
0.727570173928018,0.34601226993865,0.437674233373158,0.43952802359882,0.432675493379965,0,
0.400895470983296,0.723575810692375,0.514336917562724,0.470614930791922,0.565825630776917,0,
0.347856035818839,0.418755477651183,0.947232178414974,0.140912185159973,0.195353484886335,0,
0.332013087652833,0.415600350569676,0.828355236957387,0.208304969366916,0.32075943042718,0,
0.314792491820217,0.300788781770377,0.465750696933493,0.596777853415022,0.32075943042718,0,
0.323919407611503,0.46327782646801,0.526483472720032,0.512139777626503,0.32075943042718,0,
0.365421043568107,0.809991235758107,0.261449621664675,0.312684365781711,0.287534349238071,0,
0.419838126399173,0.579842243645925,0.303863002787734,0.402541411390969,0.291281538845866,0,
0.45496814189771,0.562138475021911,0.597769812823576,0.521896982073973,0.501873594803897,0,
0.334251765111073,0.32410166520596,0.477698128235763,0.275243930111187,0.564826380214839,0,
0.362321336318237,0.588080631025416,0.291716447630426,0.318810982527797,0.296777416937297,0,
0.321164112278285,0.442594215600351,0.613102349661489,0.465169049239846,0.271296527604297,0,
0.6208024797658,0.317966695880806,0.337714058144166,0.376673474018607,0.338745940544592,0,
0.378853108317548,0.541454864154251,0.606531262445241,0.461765373269798,0.365725705720709,0,
0.799380058550026,0.325503943908852,0.342094782954998,0.37712729748128,0.310517112165876,0,
0.437575340106768,0.613672217353199,0.265830346475508,0.405491263898344,0.32075943042718,0,
0.337868090235922,0.360385626643295,0.530067702110713,0.750850918992512,0.32075943042718,0,
0.602376442224901,0.557055214723926,0.308243727598566,0.330610392557295,0.361478890831876,0,
0.443085930773205,0.712883435582822,0.527678215850259,0.296346721125482,0.283537346989758,0,
0.395557086275185,0.682208588957055,0.262246117084827,0.299523485364193,0.280289782663003,0,
0.372998105734458,0.41840490797546,0.889088012743927,0.205355116859542,0.260304771421434,0,
0.30928190115378,0.289745836985101,0.452409398645958,0.68073519400953,0.606794903822133,0,
0.33528500086103,0.504995617879053,0.499800876144962,0.421148173360563,0.361478890831876,0,
0.313242638195282,0.284837861524978,0.487853444842692,0.704107102337191,0.554084436672496,0,
0.446013432064749,0.628396143733567,0.268418956591,0.3238030406172,0.376717461903572,0,
0.330463234027897,0.431200701139351,0.895858223815213,0.191740412979351,0.21134149387959,0,
0.529705527811262,0.490622261174408,0.305256869772999,0.413206262763785,0.277791656257807,0,
0.468572412605476,0.631200701139351,0.259458383114297,0.315634218289086,0.290781913564826,0,
0.667125882555536,0.423838737949167,0.337514934289128,0.382573179033356,0.33974519110667,0,
0.438608575856725,0.533567046450482,0.465750696933493,0.429543907420014,0.240319760179865,0,
0.402445324608231,0.750043821209465,0.527479091995221,0.273428636260495,0.287034723957032,0,
0.465644911313931,0.58737949167397,0.483671843886898,0.632176083503517,0.221583812140894,0,
0.327363526778026,0.472567922874671,0.639187574671446,0.473791695030633,0.276542593055209,0,
0.360427070776649,0.569500438212095,0.726602947033055,0.234853641933288,0.250562078441169,0,
0.385569140692268,0.751796669588081,0.609119872560733,0.49217154526889,0.260554584061954,0,
0.365076631651455,0.290972830850131,0.510951812027081,0.624234172906739,0.584561578815888,0,
0.474427415188565,0.440315512708151,0.421346077260056,0.400045382346267,0.285535848113915,0,
0.913208197003616,0.326906222611744,0.44942254082039,0.336737009303381,0.306520109917562,0,
0.742379886344067,0.348466257668712,0.395659099960175,0.38234626730202,0.30751936047964,0,
0.838126399173411,0.32532865907099,0.33452807646356,0.397776265032902,0.305021234074444,0,
0.470811090063716,0.414723926380368,0.414177618478694,0.403675970047651,0.298276292780415,0,
0.338556914069227,0.377212971078002,0.857626443647949,0.239164964828682,0.241069198101424,0,
0.330291028069571,0.434005258545136,0.897252090800478,0.194463353755389,0.214339245565826,0,
0.400206647149991,0.684837861524978,0.243130227001195,0.30496936691627,0.287534349238071,0,
0.273118649905287,0.19649430324277,0.287534846674632,0.236895847515317,0.32075943042718,0,
0.617702772515929,0.675197195442594,0.29868578255675,0.324937599273882,0.293280039970022,0,
0.641467194764939,0.415600350569676,0.436280366387893,0.341502155661448,0.309018236322758,0,
0.786981229550542,0.31954425942156,0.342293906810036,0.343771272974813,0.309018236322758,0,
0.361976924401584,0.340753724802805,0.692751891676623,0.613569321533923,0.230077441918561,0,
0.448424315481316,0.340753724802805,0.695539625647152,0.554799183117767,0.466899825131152,0,
0.342345445152402,0.512357581069238,0.554161688570291,0.452461992285001,0.277292030976767,0,
0.397451351816773,0.851533742331288,0.225806451612903,0.42523258452462,0.283037721708718,0,
0.356294127776821,0.534618755477651,0.640979689366786,0.244837758112094,0.25031226580065,0,
0.352677802651972,0.468185801928133,0.896256471525289,0.200363058770138,0.240569572820385,0,
0.326846908903048,0.350043821209465,0.515929908403027,0.271613342409803,0.690482138396203,1,
0.3159979335285,0.367221735319895,0.427120669056153,0.482641252552757,0.32075943042718,1,
0.369553986567935,0.367397020157756,0.567901234567901,0.716360335829362,0.194853859605296,1,
0.380402961942483,0.566345311130587,0.59557945041816,0.288631722260041,0.252560579565326,1,
0.324091613569829,0.34022787028922,0.488251692552768,0.460630814613115,0.32075943042718,1,
0.308765283278801,0.340052585451358,0.590003982477101,0.627184025414114,0.32075943042718,1,
0.320130876528328,0.290271691498685,0.485862206292314,0.702064896755162,0.10267299525356,1,
0.322197348028242,0.180368098159509,0.261648745519713,0.112775130474245,0.0721958531101674,1,
0.397279145858447,0.517966695880806,0.777777777777778,0.51622418879056,0.259055708218836,1,
0.314275873945238,0.350920245398773,0.443647949024293,0.187429090083957,0.32075943042718,1,
0.32633029102807,0.306047326906223,0.741338112305854,0.641933287950987,0.687984011991007,1,
0.449801963147925,0.37125328659071,0.540820390282756,0.680054458815521,0.46140394703972,1,
0.329257792319614,0.363365468886941,0.54320987654321,0.447923757658271,0.623032725455908,1,
0.375753401067677,0.393339176161262,0.648745519713262,0.169276151577037,0.130402198351237,1,
0.32856896848631,0.37703768624014,0.612504978096376,0.765373269798049,0.136397701723707,1,
0.412777682107801,0.419807186678352,0.723616089207487,0.475606988881325,0.246315263552336,1,
0.402789736524884,0.340753724802805,0.676224611708483,0.502382573179033,0.443917062203348,1,
0.350783537110384,0.464855390008764,0.667861409796894,0.517812570909916,0.206595053709718,1,
0.322886171861546,0.328659070990359,0.213659896455595,0.112775130474245,0.579815138646015,1,
0.332529705527811,0.323751095530237,0.536439665471923,0.802813705468573,0.32075943042718,1,
0.329257792319614,0.335144609991236,0.5,0.663489902427955,0.63452410691981,1,
0.312381608403651,0.314110429447853,0.512146555157308,0.502836396641706,0.32075943042718,1,
0.382297227484071,0.299211218229623,0.469534050179211,0.730882686634899,0.570072445665751,1,
0.308937489237128,0.301314636283961,0.457984866587017,0.75879282958929,0.32075943042718,1,
0.308765283278801,0.308851884312007,0.514934289127837,0.538461538461539,0.32075943042718,1,
0.352161184776993,0.395793163891323,0.619275189167662,0.596097118221012,0.415938046465151,1,
0.432753573273635,0.628396143733567,0.596176821983273,0.587247560698888,0.517112165875593,1,
0.400206647149991,0.417002629272568,0.651732377538829,0.650782845473111,0.653260054958781,1,
0.458240055105907,0.526730937773883,0.658900836320191,0.57022918084865,0.502123407444417,1,
0.357155157568452,0.784399649430324,0.662086818000797,0.479691400045382,0.277292030976767,1,
0.246943344239711,0.344434706397897,0.508562325766627,0.754027683231223,0.32075943042718,1,
0.420699156190804,0.470990359333918,0.208482676224612,0.617653732697981,0.24381713714714,1,
0.316858963320131,0.370026292725679,0.431700517722023,0.487179487179487,0.32075943042718,1,
0.488376097812984,0.338299737072743,0.702309836718439,0.503063308373043,0.2560579565326,1,
0.311003960737042,0.314636283961437,0.543409000398248,0.545949625595643,0.181363977017237,1,
0.504907869812295,0.457843996494303,0.595380326563122,0.457454050374404,0.380464651511366,1,
0.280351300154985,0.348466257668712,0.588809239346874,0.641479464488314,0.510617037222083,1,
0.316858963320131,0.287291849255039,0.42552767821585,0.438393464942137,0.55108668498626,1,
0.345272946443947,0.442944785276074,0.697331740342493,0.673247106875425,0.32075943042718,1,
0.356638539693473,0.452410166520596,0.673636001592991,0.517131835715906,0.232075943042718,1,
0.381780609609092,0.497808939526731,0.679012345679012,0.692534604039029,0.208093929552835,1,
0.374375753401068,0.456441717791411,0.851652727996814,0.186067619695938,0.518361229078191,1,
0.248148785947994,0.341104294478528,0.536240541616886,0.62355343771273,0.0676992255808144,1,
0.348200447735492,0.354776511831727,0.513938669852648,0.878148400272294,0.851611291531351,1,
0.425865334940589,0.638212094653812,0.653126244524094,0.505332425686408,0.529352985261054,1,
0.345445152402273,0.429623137598598,0.539824771007567,0.790787383707738,0.137147139645266,1,
0.269330118822111,0.163014899211218,0.502986857825567,0.190152030859995,0.684486635023732,1,
0.366970897193043,0.351971954425942,0.835722819593787,0.201270705695484,0.49337996502623,1,
0.332357499569485,0.359509202453988,0.887295898048586,0.638529611980939,0.48063952035973,1,
0.317203375236783,0.286590709903593,0.485065710872162,0.699795779441797,0.791906070447165,1,
0.594454968141898,0.490271691498685,0.614097968936679,0.259587020648968,0.482638021483887,1,
0.349750301360427,0.436459246275197,0.743130227001195,0.697526662128432,0.599800149887584,1,
0.306698811778888,0.329360210341805,0.415770609318996,0.494894486044929,0.32075943042718,1,
0.330463234027897,0.45398773006135,0.529470330545599,0.579078738370774,0.462653010242318,1,
0.33304632340279,0.316739702015776,0.584229390681004,0.143862037667347,0.913564826380215,1,
0.556741863268469,0.500613496932515,0.280167264038232,0.447469934195598,0.176367724206845,1,
0.317375581195109,0.301665205959684,0.508562325766627,0.827547084184252,0.32075943042718,1,
0.446013432064749,0.570902716914987,0.651732377538829,0.663489902427955,0.249562827879091,1,
0.308076459445497,0.322173531989483,0.418558343289526,0.488767869298843,0.32075943042718,1,
0.3271913208197,0.321297107800175,0.528872958980486,0.548672566371681,0.32075943042718,1,
0.346133976235578,0.320595968448729,0.652130625248905,0.698207397322442,0.753934549088184,1,
0.384019287067333,0.31148115687993,0.796694544006372,0.584297708191514,0.470647014738946,1,
0.323919407611503,0.358983347940403,0.467941059338909,0.538234626730202,0.32075943042718,1,
0.353711038401929,0.408764241893076,0.682994822779769,0.548218742909008,0.236322757931551,1,
0.315309109695195,0.278702892199825,0.415969733174034,0.27115951894713,0.517112165875593,1,
0.467194764938867,0.637510955302366,0.642970927917164,0.528477422282732,0.26904821383962,1,
0.491648011021181,0.621384750219106,0.695937873357228,0.287724075334695,0.279290532100924,1,
0.319614258653349,0.305521472392638,0.501592990840303,0.825277966870887,0.148888333749688,1,
0.340278973652488,0.454338299737073,0.830744723217842,0.211027910142954,0.32075943042718,1,
0.346133976235578,0.447502191060473,0.534249303066507,0.605173587474472,0.492880339745191,1,
0.314448079903565,0.351796669588081,0.444245320589407,0.529838892670751,0.630527104671496,1,
0.308765283278801,0.310254163014899,0.512743926722421,0.926026775584298,0.32075943042718,1,
0.332529705527811,0.348466257668712,0.854241338112306,0.620376673474019,0.618286285286035,1,
0.45720681935595,0.485889570552147,0.683193946634807,0.521216246879964,0.492880339745191,1,
0.31152057861202,0.354776511831727,0.427120669056153,0.490129339686862,0.32075943042718,1,
0.565696573101429,0.453286590709904,0.764834727200319,0.226004084411164,0.253809642767924,1,
0.319614258653349,0.351446099912358,0.625647152528873,0.566144769684593,0.32075943042718,1,
0.330979851902876,0.440315512708151,0.488849064117881,0.580440208758793,0.615788158880839,1,
0.3271913208197,0.352497808939527,0.476503385105536,0.854549580213297,0.0612040969273045,1,
0.419838126399173,0.332515337423313,0.768618080446037,0.224642614023145,0.418186360229828,1,
0.335801618736008,0.400525854513585,0.504978096375946,0.850918992511913,0.32075943042718,1,
0.445324608231445,0.505170902716915,0.823178016726404,0.231676877694577,0.263802148388708,1,
0.32633029102807,0.312182296231376,0.515929908403027,0.520535511685954,0.500624531601299,1,
0.318408816945066,0.326555652936021,0.550378335324572,0.769003857499433,0.165126155383462,1,
0.567935250559669,0.417353198948291,0.629032258064516,0.542092126162923,0.503622283287534,1,
0.38143619769244,0.43453111305872,0.554958183990442,0.648286816428409,0.753434923807145,1,
0.346822800068882,0.440490797546012,0.680605336519315,0.659859314726571,0.165126155383462,1,
0.36214913035991,0.3011393514461,0.752090800477897,0.617653732697981,0.150137396952286,1,
0.340795591527467,0.570902716914987,0.522899243329351,0.720898570456093,0.32075943042718,1,
0.570862751851214,0.508851884312007,0.278773397052967,0.468572725209893,0.459405445915563,1,
0.371792664026175,0.356879929886065,0.789924332935086,0.745858860903109,0.175868098925806,1,
0.332013087652833,0.387028921998247,0.520708880923935,0.926253687315634,0.32075943042718,1,
0.413983123816084,0.36546888694128,0.664874551971326,0.791014295439074,0.108418685985511,1,
0.462028586189082,0.568273444347064,0.721823974512147,0.208531881098253,0.271546340244816,1,
0.358016187360083,0.357756354075372,0.541816009557945,0.723394599500794,0.624031976017987,1,
0.349233683485449,0.368273444347064,0.516726403823178,0.680281370546857,0.32075943042718,1,
0.456345789564319,0.32988606485539,0.62405416168857,0.694803721352394,0.694229328003997,1,
0.52040640606165,0.457668711656442,0.769613699721227,0.258679373723621,0.276042967774169,1,
0.331152057861202,0.339351446099912,0.664874551971326,0.498978897208986,0.32075943042718,1,
0.412777682107801,0.415425065731814,0.749701314217443,0.549353301565691,0.69223082687984,1,
0.398312381608404,0.419106047326906,0.736758263639984,0.232584524619923,0.245316012990257,1,
0.348889271568796,0.355302366345311,0.486459577857427,0.78670297254368,0.0779415438421184,1,
0.324436025486482,0.31954425942156,0.465352449223417,0.612207851145904,0.597052210841869,1,
0.312898226278629,0.356178790534619,0.496614894464357,0.718402541411391,0.101423932050962,1,
0.394868262441881,0.336546888694128,0.704301075268817,0.620603585205355,0.216087934049463,1,
0.33166867573618,0.37931638913234,0.922540820390283,0.172906739278421,0.222832875343492,1,
0.501808162562425,0.549342681858019,0.757268020708881,0.268436578171091,0.280789407944042,1,
0.460650938522473,0.420157756354075,0.809239346873755,0.220331291127751,0.247314514114414,1,
0.445152402273119,0.546187554776512,0.617084826762246,0.677785341502156,0.196852360729453,1,
0.406061649733081,0.498685363716039,0.635404221425727,0.603131381892444,0.608293779665251,1,
0.365248837609781,0.350744960560911,0.726602947033055,0.561606535057863,0.698226330252311,1,
0.345445152402273,0.31726555652936,0.741537236160892,0.677331518039483,0.701973519860105,1,
0.314103667986912,0.342857142857143,0.440661091198726,0.510551395507148,0.629028228828379,1,
0.350266919235405,0.702366345311131,0.256272401433692,0.624687996369412,0.228578566075443,1,
0.316686757361805,0.334618755477651,0.46594982078853,0.213977762650329,0.32075943042718,1,
0.350611331152058,0.374583698510079,0.521505376344086,0.578398003176764,0.550836872345741,1,
0.385396934733942,0.426117440841367,0.677817602548785,0.243249375992739,0.253809642767924,1,
0.246598932323058,0.375109553023663,0.131222620469932,0.735874744724302,0.32075943042718,1,
0.456517995522645,0.64715162138475,0.264834727200319,0.317222600408441,0.295528353734699,1,
0.370759428276218,0.495530236634531,0.703504579848666,0.576355797594736,0.567824131901074,1,
0.283795419321508,0.346713409290096,0.603345280764636,0.645336963921035,0.32075943042718,1,
0.308248665403823,0.351971954425942,0.414974113898845,0.533242568640799,0.32075943042718,1,
0.395729292233511,0.395968448729185,0.798486658701712,0.764238711141366,0.198351236572571,1,
0.348028241777165,0.346187554776512,0.44026284348865,0.602677558429771,0.32075943042718,1,
0.411572240399518,0.338825591586328,0.709279171644763,0.654867256637168,0.465400949288034,1,
0.534182882727742,0.389132340052585,0.659299084030267,0.673020195144089,0.157881588808394,1,
0.437058722231789,0.278001752848379,0.725408203902827,0.533242568640799,0.427929053210092,1,
0.31152057861202,0.323225241016652,0.535444046196734,0.713864306784661,0.101174119410442,1,
0.314275873945238,0.33216476774759,0.538829151732378,0.560018152938507,0.32075943042718,1,
0.462028586189082,0.556704645048203,0.286539227399442,0.317676423871114,0.291781164126905,1,
0.395901498191837,0.768448729184926,0.548785344484269,0.492625368731563,0.257057207094679,1,
0.369209574651283,0.354951796669588,0.80426125049781,0.526889040163376,0.482388208843367,1,
0.482004477354916,0.555652936021034,0.569095977698128,0.669389607442705,0.20534599050712,1,
0.426898570690546,0.525503943908852,0.612504978096376,0.505786249149081,0.467399450412191,1,
0.437403134148442,0.623488168273444,0.677021107128634,0.283185840707965,0.281538845865601,1,
0.318064405028414,0.342156003505697,0.495619275189168,0.556160653505786,0.180364726455159,1,
0.276390563113484,0.164241893076249,0.236360015929908,0.769911504424779,0.32075943042718,1,
0.566729808851386,0.426117440841367,0.609318996415771,0.524166099387338,0.479640269797652,1,
0.317375581195109,0.398597721297108,0.518120270808443,0.624234172906739,0.32075943042718,1,
0.38367487515068,0.525503943908852,0.710075667064914,0.599727705922396,0.261054209342993,1,
0.485104184604787,0.732515337423313,0.523297491039426,0.294304515543454,0.28228828378716,1,
0.377819872567591,0.647677475898335,0.572680207088809,0.529385069208078,0.248063952035973,1,
0.320647494403306,0.325854513584575,0.492831541218638,0.658270932607216,0.58356232825381,1,
0.310315136903737,0.322699386503067,0.429908403026683,0.543226684819605,0.32075943042718,1,
0.408472533149647,0.338124452234882,0.499601752289924,0.842296346721126,0.178616037971521,1,
0.360943688651627,0.351095530236635,0.969135802469136,0.233038348082596,0.449163127654259,1,
0.468572412605476,0.319193689745837,0.707487056949422,0.560018152938507,0.259805146140395,1,
0.371620458067849,0.394566170026293,0.755276782158503,0.216927615157704,0.718461154134399,1,
0.426037540898915,0.415249780893953,0.774392672242134,0.210800998411618,0.519610292280789,1,
0.342517651110728,0.418229623137599,0.746913580246914,0.160426594054913,0.680989258056458,1,
0.457895643189254,0.636108676599474,0.601354042214257,0.442477876106195,0.276792405695728,1,
0.350439125193732,0.716564417177914,0.260454002389486,0.664851372815975,0.238071446415189,1,
0.381263991734114,0.328133216476775,0.751891676622859,0.580894032221466,0.184111916062953,1,
0.279145858446702,0.174934268185802,0.489247311827957,0.223281143635126,0.32075943042718,1,
0.32047528844498,0.329360210341805,0.558741537236161,0.700022691173134,0.0876842368223832,1,
0.343895298777338,0.348466257668712,0.844086021505376,0.179714091218516,0.575568323757182,1,
0.326674702944722,0.410517090271691,0.485663082437276,0.621057408668028,0.32075943042718,1,
0.381780609609092,0.428571428571429,0.863600159299084,0.615611527115952,0.231326505121159,1,
0.405545031858102,0.417353198948291,0.636200716845878,0.194463353755389,0.76292780414689,1,
