540,5,2,
0.333390735319442,0.417177914110429,0.81800079649542,0.210800998411618,0.245066200349738,0,
0.543137592560703,0.447502191060473,0.310234966148945,0.381438620376673,0.307269547839121,0,
0.61270879972447,0.36546888694128,0.389884508164078,0.390288177898797,0.276542593055209,0,
0.32942999827794,0.420333041191937,0.761847869374751,0.220558202859088,0.263552335748189,0,
0.318925434820045,0.291498685363716,0.452608522500996,0.220785114590424,0.765425930552086,0,
0.258825555364216,0.578264680105171,0.506969334926324,0.466984343090538,0.32075943042718,0,
0.585500258308937,0.617002629272568,0.465352449223417,0.409121851599728,0.287784161878591,0,
0.380919579817462,0.592638036809816,0.287933094384707,0.466076696165192,0.682737946540095,0,
0.565352161184777,0.648378615249781,0.267821585025886,0.311322895393692,0.293529852610542,0,
0.499052867229206,0.635758106923751,0.271007566706491,0.320172452915816,0.294279290532101,0,
0.308248665403823,0.287116564417178,0.448626045400239,0.688677104606308,0.604296777416937,0,
0.312553814361977,0.342681858019281,0.467144563918757,0.521896982073973,0.503372470647015,0,
0.415705183399346,0.492199824715162,0.291716447630426,0.402768323122305,0.266050462153385,0,
0.801102118133287,0.442418930762489,0.448626045400239,0.464488314045836,0.280539595303522,0,
0.464267263647322,0.438387379491674,0.517921146953405,0.432266848196052,0.376467649263053,0,
0.512140520061994,0.54022787028922,0.312425328554361,0.33356024506467,0.346490132400699,0,
0.467883588772171,0.416652059596845,0.413978494623656,0.404583616972998,0.298526105420934,0,
0.303426898570691,0.287116564417178,0.446236559139785,0.237576582709326,0.32075943042718,0,
0.707077664887205,0.461349693251534,0.494424532058941,0.543226684819605,0.260554584061954,0,
0.258136731530911,0.42296231375986,0.526881720430108,0.267302019514409,0.370971771171621,0,
0.523678319269847,0.438387379491674,0.306650736758264,0.336510097572044,0.33999500374719,0,
0.659548820389185,0.454513584574934,0.44942254082039,0.468572725209893,0.511616287784162,0,
0.70552781126227,0.305521472392638,0.412783751493429,0.341048332198775,0.33949537846615,0,
0.356121921818495,0.617703768624014,0.580645161290323,0.50260948491037,0.245815638271297,0,
0.355777509901843,0.305170902716915,0.540023894862604,0.797594735647833,0.174868848363727,0,
0.677630446013432,0.402629272567923,0.430904022301872,0.441797140912185,0.474893829627779,0,
0.315309109695195,0.340753724802805,0.47152528872959,0.562287270251872,0.32075943042718,0,
0.534182882727742,0.707624890446976,0.522899243329351,0.309961425005673,0.287284536597552,0,
0.370759428276218,0.529535495179667,0.659697331740342,0.510097572044475,0.32075943042718,0,
0.349233683485449,0.36669588080631,0.777379530067702,0.544361243476288,0.233325006245316,0,
0.645083519889788,0.325854513584575,0.776981282357626,0.257771726798275,0.280539595303522,0,
0.347683829860513,0.594390885188431,0.610911987256073,0.47401860676197,0.254309268048963,0,
0.807645944549681,0.286765994741455,0.332337714058144,0.319945541184479,0.28828378715963,0,
0.880661270879972,0.190008764241893,0.400238948626045,0.340367597004765,0.341244066949788,0,
0.490098157396246,0.582822085889571,0.490442054958184,0.315861130020422,0.276292780414689,0,
0.328224556569657,0.429097283085013,0.621067303863003,0.471749489448604,0.259305520859355,0,
0.254864818322714,0.776161262050833,0.235563520509757,0.287724075334695,0.279540344741444,0,
0.334596177027725,0.448904469763365,0.648944643568299,0.233038348082596,0.252060954284287,0,
0.713104873428621,0.28624014022787,0.390880127439267,0.398683911958248,0.304521608793405,0,
0.917685551920096,0.411042944785276,0.334328952608522,0.34785568413887,0.310267299525356,0,
0.669020148097124,0.344259421560035,0.339705296694544,0.38234626730202,0.336497626779915,0,
0.550025830893749,0.358983347940403,0.33452807646356,0.393011118674835,0.348738446165376,0,
0.51902875839504,0.60578439964943,0.275189167662286,0.457227138643068,0.575318511116662,0,
0.3791975202342,0.612795793163891,0.53126244524094,0.301338779214885,0.281289033225081,0,
0.759944894093336,0.349342681858019,0.574671445639188,0.296800544588155,0.294279290532101,0,
0.354744274151886,0.577212971078002,0.505973715651135,0.431132289539369,0.275293529852611,0,
0.302221456862407,0.278001752848379,0.426722421346077,0.252325845246199,0.32075943042718,0,
0.570346133976236,0.63908851884312,0.286340103544405,0.408668028137055,0.361728703472396,0,
0.404511796108145,0.541454864154251,0.661091198725607,0.257090991604266,0.200349737696727,0,
0.542965386602376,0.331113058720421,0.399044205495818,0.392330383480826,0.302523107669248,0,
0.324608231444808,0.32182296231376,0.568100358422939,0.783526208304969,0.130652010991756,0,
0.429137248148786,0.603680981595092,0.298884906411788,0.411844792375766,0.360979265550837,0,
0.825210952298949,0.167747589833479,0.336917562724014,0.341275243930111,0.308018985760679,0,
0.350266919235405,0.310078878177038,0.553763440860215,0.852280462899932,0.101174119410442,0,
0.331152057861202,0.301840490797546,0.442453205894066,0.632856818697527,0.666999750187359,0,
0.393318408816945,0.63558282208589,0.479689366786141,0.436805082822782,0.284786410192356,0,
0.321164112278285,0.31954425942156,0.455993628036639,0.535965509416837,0.32075943042718,0,
0.78887549509213,0.38965819456617,0.461569095977698,0.466530519627865,0.292530602048464,0,
0.340451179610815,0.466257668711656,0.806650736758264,0.237122759246653,0.458406195353485,0,
0.648011021181333,0.296231375985977,0.344882516925528,0.379169503063308,0.30776917312016,0,
0.323747201653177,0.344084136722174,0.508562325766627,0.758565917857953,0.139645266050462,0,
0.390046495608748,0.578790534618756,0.254679410593389,0.298842750170184,0.261054209342993,0,
0.325985879111417,0.407186678352323,0.789924332935086,0.162014976174268,0.32075943042718,0,
0.333735147236094,0.390184049079755,0.649542015133413,0.838211935557068,0.32075943042718,0,
0.72567590838643,0.190885188431201,0.383512544802867,0.378942591331972,0.343242568073945,0,
0.335973824694334,0.480280455740578,0.766029470330546,0.236215112321307,0.194604046964776,0,
0.303254692612364,0.271866783523225,0.389088012743927,0.311776718856365,0.32075943042718,0,
0.404684002066471,0.741454864154251,0.211071286340104,0.290447016110733,0.282538096427679,0,
0.350266919235405,0.409640666082384,0.94663480684986,0.167687769457681,0.32075943042718,0,
0.361460306526606,0.789482909728308,0.261648745519713,0.310642160199682,0.285535848113915,0,
0.307732047528844,0.335144609991236,0.229589804858622,0.898797367823917,0.32075943042718,0,
0.487170656104701,0.620508326029798,0.525487853444843,0.506240072611754,0.21184111916063,0,
0.457895643189254,0.715863277826468,0.279171644763043,0.475153165418652,0.528103922058456,0,
0.693817806096091,0.371779141104295,0.424930306650737,0.340140685273429,0.33949537846615,0,
0.365421043568107,0.561262050832603,0.675826363998407,0.254141139096891,0.388708468648514,0,
0.793697261925263,0.36319018404908,0.329549980087614,0.418879056047198,0.297776667499375,0,
0.468572412605476,0.646450482033304,0.287733970529669,0.410483321987747,0.280289782663003,0,
0.801790941966592,0.407186678352323,0.508363201911589,0.319037894259133,0.299025730701974,0,
0.329257792319614,0.347589833479404,0.543608124253286,0.694803721352394,0.32075943042718,0,
0.728431203719649,0.195617879053462,0.405416168857029,0.393238030406172,0.306020484636523,0,
0.361976924401584,0.591411042944785,0.298088410991637,0.319037894259133,0.297776667499375,0,
0.482693301188221,0.370902716914987,0.338510553564317,0.375765827093261,0.306020484636523,0,
0.360771482693301,0.649079754601227,0.245519713261649,0.471976401179941,0.27554334249313,0,
0.325813673153091,0.438212094653812,0.818996415770609,0.201043793964148,0.227329502872845,0,
0.33080764594455,0.433479404031551,0.892273994424532,0.190378942591332,0.216087934049463,0,
0.461856380230756,0.607011393514461,0.282755874153724,0.324483775811209,0.294529103172621,0,
0.706044429137248,0.34250657318142,0.400836320191159,0.397776265032902,0.295778166375219,0,
0.61270879972447,0.563014899211218,0.280167264038232,0.398230088495575,0.265550836872346,0,
0.897020836920957,0.329535495179667,0.416766228594186,0.496482868164284,0.280539595303522,0,
0.516273463061822,0.632953549517967,0.298287534846675,0.325391422736555,0.368223832125906,0,
0.741518856552437,0.449605609114812,0.437275985663082,0.55593374177445,0.268298775918061,0,
0.376442224900982,0.510254163014899,0.70131421744325,0.249829816201498,0.26255308518611,0,
0.692440158429482,0.31726555652936,0.397650338510554,0.382800090764693,0.346989757681739,0,
0.303254692612364,0.279228746713409,0.443249701314217,0.478783753120036,0.619035723207594,0,
0.684518684346478,0.353549517966696,0.385702907208284,0.382119355570683,0.338745940544592,0,
0.490959187187877,0.495179666958808,0.315611310234966,0.335148627184025,0.342243317511866,0,
0.303771310487343,0.281507449605609,0.43110314615691,0.221012026321761,0.85236072945291,0,
0.316858963320131,0.381069237510955,0.811230585424134,0.199228500113456,0.180364726455159,0,
0.385396934733942,0.419106047326906,0.664874551971326,0.288631722260041,0.367474394204347,0,
0.719648699845015,0.340578439964943,0.343090402230187,0.344225096437486,0.309767674244317,0,
0.33304632340279,0.488343558282209,0.770808442851454,0.589289766280917,0.616287784161879,0,
0.424832099190632,0.43680981595092,0.430505774591796,0.336056274109371,0.304521608793405,0,
0.31152057861202,0.299386503067485,0.493628036638789,0.29906966190152,0.201348988258806,0,
0.490098157396246,0.674145486415425,0.277379530067702,0.317903335602451,0.351986010492131,0,
0.313587050111934,0.287116564417178,0.480087614496217,0.807578851826639,0.157881588808394,0,
0.351300154985362,0.611218229623138,0.265830346475508,0.440662582255503,0.32075943042718,0,
0.355777509901843,0.535319894829097,0.527877339705297,0.446335375538915,0.270297277042218,0,
0.322541759944894,0.298334794040315,0.467941059338909,0.285228046289993,0.32075943042718,0,
0.332185293611159,0.423663453111306,0.310035842293907,0.47787610619469,0.32075943042718,0,
0.31823661098674,0.319368974583699,0.587017124651533,0.564556387565237,0.52560579565326,0,
0.498536249354228,0.502015775635408,0.294504181600956,0.332652598139324,0.300024981264052,0,
0.315309109695195,0.317090271691499,0.458980485862206,0.566598593147266,0.545340994254309,0,
0.346822800068882,0.611919368974584,0.67463162086818,0.58452461992285,0.580064951286535,0,
0.765799896676425,0.36319018404908,0.339307048984468,0.343771272974813,0.33325006245316,0,
0.389013259858791,0.738650306748466,0.228195937873357,0.469253460403903,0.556082937796653,0,
0.329085586361288,0.326906222611744,0.530465949820788,0.855457227138643,0.32075943042718,0,
0.570346133976236,0.639263803680982,0.286340103544405,0.408668028137055,0.361478890831876,0,
0.350094713277079,0.720946538124452,0.266228594185583,0.316088041751759,0.368473644766425,0,
0.335973824694334,0.419631901840491,0.451214655515731,0.465849784433855,0.431676242817887,0,
0.324263819528156,0.395267309377739,0.815611310234966,0.577717267982755,0.32075943042718,0,
0.371448252109523,0.75863277826468,0.277379530067702,0.315861130020422,0.279290532100924,0,
0.351127949027036,0.503768624014023,0.621465551573078,0.258225550260948,0.32075943042718,0,
0.368176338901326,0.781419807186678,0.259259259259259,0.432266848196052,0.510617037222083,0,
0.306698811778888,0.299386503067485,0.473118279569892,0.569775357385977,0.32075943042718,0,
0.41191665231617,0.439439088518843,0.694743130227001,0.513728159745859,0.264801398950787,0,
0.474083003271913,0.619106047326906,0.287534846674632,0.317222600408441,0.291281538845866,0,
0.432581367315309,0.778790534618755,0.266825965750697,0.537100068073519,0.264051961029228,0,
0.30704322369554,0.29307624890447,0.432497013142174,0.624461084638076,0.650761928553585,0,
0.40296194248321,0.674496056091148,0.576662684189566,0.446562287270252,0.267049712715463,0,
0.500947132770794,0.541279579316389,0.305256869772999,0.398683911958248,0.297277042218336,0,
0.372137075942828,0.335144609991236,0.623058542413381,0.761061946902655,0.194604046964776,0,
0.336662648527639,0.421560035056968,0.927319792911191,0.182890855457227,0.32075943042718,0,
0.587566729808851,0.670639789658195,0.274193548387097,0.321987746766508,0.295778166375219,0,
0.913897020836921,0.332865907099036,0.429908403026683,0.432947583390061,0.292280789407944,0,
0.413638711899432,0.75863277826468,0.258462763839108,0.305650102110279,0.28853359980015,0,
0.466505941105562,0.666608238387379,0.282357626443648,0.455411844792376,0.575568323757182,0,
0.324091613569829,0.396143733567046,0.843687773795301,0.577717267982755,0.218336247814139,0,
0.309970724987085,0.281682734443471,0.462763839107925,0.316541865214432,0.452910317262054,0,
0.327707938694679,0.443821209465381,0.763042612504978,0.234853641933288,0.32075943042718,0,
0.467883588772171,0.614548641542507,0.618677817602549,0.543907420013615,0.263802148388708,0,
0.49216462889616,0.692199824715162,0.290919952210275,0.322668481960517,0.37821633774669,0,
0.804374031341484,0.316739702015776,0.608920748705695,0.294077603812117,0.292280789407944,0,
0.46168417427243,0.619631901840491,0.483273596176822,0.699115044247788,0.211091681239071,0,
0.322369553986568,0.348641542506573,0.685981680605336,0.606761969593828,0.32075943042718,0,
0.877044945755123,0.298685363716039,0.340900039824771,0.341275243930111,0.307019735198601,0,
0.33976235577751,0.461524978089395,0.825169255276782,0.240072611754028,0.450412190856857,0,
0.462372998105734,0.614723926380368,0.4852648347272,0.71000680735194,0.212340744441669,0,
0.677974857930084,0.458369851007888,0.452608522500996,0.45904243249376,0.263302523107669,0,
0.579817461684174,0.367922874671341,0.394862604540024,0.386657590197413,0.342992755433425,0,
0.850008610297916,0.336196319018405,0.333532457188371,0.343090537780803,0.306520109917562,0,
0.347683829860513,0.676950043821209,0.269215452011151,0.455865668255049,0.284286784911317,0,
0.352850008610298,0.451358457493427,0.80605336519315,0.199909235307465,0.443167624281789,0,
0.400206647149991,0.656091148115688,0.513341298287535,0.44928522804629,0.246565076192855,0,
0.451524022731186,0.6045574057844,0.285145360414178,0.432947583390061,0.367224581563827,0,
0.64232822455657,0.344084136722174,0.343488649940263,0.37644656228727,0.334748938296278,0,
0.507318753228862,0.410867659947415,0.432696136997212,0.405945087361017,0.353484886335249,0,
0.338212502152574,0.33444347063979,0.530266825965751,0.228273201724529,0.812140894329253,0,
0.786809023592216,0.421384750219106,0.467144563918757,0.472203312911277,0.287284536597552,0,
0.419665920440847,0.756529360210342,0.555754679410593,0.279101429543907,0.372720459655259,0,
0.434131220940244,0.580368098159509,0.282357626443648,0.325391422736555,0.360479640269798,0,
0.527639056311348,0.572830850131464,0.295101553166069,0.329475833900613,0.302023482388209,0,
0.740830032719132,0.3034180543383,0.389088012743927,0.381438620376673,0.335498376217837,0,
0.320303082486654,0.411744084136722,0.747909199522103,0.216927615157704,0.255558331251561,0,
0.373342517651111,0.595617879053462,0.260254878534448,0.313818924438393,0.293779665251062,0,
0.934045117961081,0.179666958808063,0.337514934289128,0.339913773542092,0.305520859355483,0,
0.348889271568796,0.521121822962314,0.797092791716448,0.22759246653052,0.24981264051961,0,
0.742896504219046,0.301314636283961,0.419553962564715,0.405491263898344,0.256807394454159,0,
0.729120027552953,0.300438212094654,0.490641178813222,0.589970501474926,0.236072945291032,0,
0.317719993111762,0.389482909728309,0.824771007566706,0.186067619695938,0.181114164376717,0,
0.34871706561047,0.421384750219106,0.59557945041816,0.533242568640799,0.26929802648014,0,
0.717582228345101,0.449605609114812,0.308243727598566,0.392557295212162,0.390706969772671,0,
0.316514551403479,0.364592462751972,0.596973317403425,0.788518266394373,0.32075943042718,0,
0.352850008610298,0.347063978965819,0.850457984866587,0.19310188336737,0.418935798151386,0,
0.416049595315998,0.539351446099912,0.532656312226205,0.410029498525074,0.353734698975768,0,
0.351644566902015,0.675372480280456,0.509757068896854,0.237803494440663,0.32075943042718,0,
0.643878078181505,0.31148115687993,0.390481879729192,0.378261856137962,0.338745940544592,0,
0.392112967108662,0.848729184925504,0.232377538829152,0.43430905377808,0.279790157381964,0,
0.419149302565869,0.643821209465381,0.585025886101155,0.28023598820059,0.278291281538846,0,
0.362837954193215,0.415074496056091,0.753086419753086,0.23734967097799,0.25655758181364,0,
0.340623385569141,0.398948290972831,0.882516925527678,0.209893351486272,0.242068448663502,0,
0.37695884277596,0.82418930762489,0.253484667463162,0.49739051508963,0.273544841368973,0,
0.406750473566385,0.497984224364593,0.728395061728395,0.508736101656456,0.263552335748189,0,
0.320130876528328,0.355477651183173,0.570888092393469,0.828227819378262,0.165126155383462,0,
0.446013432064749,0.481507449605609,0.299482277976902,0.336737009303381,0.343242568073945,0,
0.399517823316687,0.559509202453988,0.623855037833532,0.607669616519174,0.569073195103672,0,
0.311864990528672,0.336021034180543,0.501194743130227,0.936010891763104,0.32075943042718,0,
0.274496297571896,0.330061349693252,0.554360812425329,0.728159745858861,0.105171121658756,0,
0.337179266402618,0.725854513584575,0.271206690561529,0.304515543453597,0.282538096427679,0,
0.345789564318925,0.592287467134093,0.283950617283951,0.42069434989789,0.349238071446415,0,
0.344584122610642,0.651358457493427,0.492035045798487,0.303154073065577,0.380214838870847,0,
0.460478732564147,0.420333041191937,0.324372759856631,0.340821420467438,0.306270297277042,0,
0.277423798863441,0.192813321647677,0.265830346475508,0.660993873383254,0.638770921808644,0,
0.322369553986568,0.3011393514461,0.490442054958184,0.743135920127071,0.32075943042718,0,
0.742896504219046,0.407361963190184,0.432098765432099,0.440435670524166,0.394953784661504,0,
0.321164112278285,0.461700262927257,0.594782954998009,0.48377581120944,0.268048963277542,0,
0.556914069226795,0.486765994741455,0.470131421744325,0.73927842069435,0.221833624781414,0,
0.593077320475288,0.619281332164768,0.268219832735962,0.409802586793737,0.282538096427679,0,
0.357327363526778,0.547589833479404,0.503982477100757,0.449739051508963,0.32075943042718,0,
0.467022558980541,0.515162138475022,0.30326563122262,0.404810528704334,0.297776667499375,0,
0.36214913035991,0.700788781770377,0.256073277578654,0.439754935330157,0.28228828378716,0,
0.324608231444808,0.480806310254163,0.772202309836718,0.556614476968459,0.32075943042718,0,
0.37472016531772,0.626818580192813,0.647749900438072,0.515543453596551,0.266550087434424,0,
0.348200447735492,0.540052585451358,0.48805256869773,0.419786702972544,0.296777416937297,0,
0.626140864473911,0.330236634531113,0.341696535244922,0.390515089630134,0.26929802648014,0,
0.819011537799208,0.314811568799299,0.595181202708084,0.295439074200136,0.294529103172621,0,
0.364560013776477,0.495530236634531,0.281959378733572,0.324029952348536,0.29502872845366,0,
0.311176166695368,0.280631025416301,0.43010752688172,0.682323576128886,0.771171621284037,0,
0.838470811090064,0.304820333041192,0.333532457188371,0.342182890855457,0.309517861603797,0,
0.404856208024798,0.646275197195443,0.26284348864994,0.424778761061947,0.357731701224082,0,
0.965903220251421,0.334969325153374,0.337116686579052,0.339006126616746,0.334998750936797,0,
0.607026003099707,0.653637160385627,0.296694544006372,0.326299069661902,0.296527604296777,0,
0.627346306182194,0.409991235758107,0.400438072481083,0.393011118674835,0.354733949537847,0,
0.351300154985362,0.365293602103418,0.833333333333333,0.562060358520535,0.449412940294779,0,
0.656276907180988,0.390534618755478,0.436877737953007,0.419559791241207,0.449412940294779,0,
0.338901325985879,0.512883435582822,0.504778972520908,0.422282732017245,0.293280039970022,0,
0.271913208197004,0.419106047326906,0.926523297491039,0.177671885636487,0.32075943042718,0,
0.308593077320475,0.31603856266433,0.426921545201115,0.47333787156796,0.570072445665751,0,
0.414844153607715,0.540929009640666,0.519514137793708,0.266848196051736,0.724956282787909,0,
0.318581022903392,0.348466257668712,0.642572680207089,0.87451781257091,0.32075943042718,0,
0.375236783192698,0.319018404907975,0.646555157307845,0.835262083049694,0.32075943042718,0,
0.273979679696918,0.420333041191937,0.75089605734767,0.217381438620377,0.223082687984012,0,
0.314792491820217,0.337423312883436,0.635404221425727,0.50260948491037,0.32075943042718,0,
0.319442052695023,0.377212971078002,0.532457188371167,0.800998411617881,0.1541343992006,0,
0.672119855346995,0.452059596844873,0.45499800876145,0.457907873837077,0.262053459905071,0,
0.377992078525917,0.618580192813322,0.287335722819594,0.323349217154527,0.298775918061454,0,
0.365937661443086,0.484837861524978,0.447431302270012,0.421148173360563,0.32075943042718,0,
0.377992078525917,0.691673970201578,0.500597371565113,0.440889493986839,0.28203847114664,0,
0.33166867573618,0.455565293602103,0.686379928315412,0.254141139096891,0.32075943042718,0,
0.341828827277424,0.489745836985101,0.27299880525687,0.413886997957794,0.294279290532101,0,
0.389702083692096,0.685363716038563,0.285941855834329,0.320172452915816,0.289782663002748,0,
0.40967797485793,0.667659947414549,0.249502190362405,0.309280689811663,0.292030976767424,0,
0.338556914069227,0.448028045574058,0.81521306252489,0.558202859087815,0.239320509617787,0,
0.453934906147753,0.625065731814198,0.517921146953405,0.600181529385069,0.423432425680739,0,
0.794041673841915,0.340052585451358,0.403026682596575,0.379850238257318,0.340494629028229,0,
0.527466850353022,0.531288343558282,0.299681401831939,0.328568186975267,0.30102423182613,0,
0.429481660065438,0.553023663453111,0.518717642373556,0.404356705241661,0.350736947289533,0,
0.553642156018598,0.423838737949167,0.33273596176822,0.342409802586794,0.337746689982513,0,
0.421732391940761,0.679228746713409,0.471127041019514,0.665759019741321,0.238071446415189,0,
0.559669364560014,0.601928133216477,0.479091995221027,0.542319037894259,0.423432425680739,0,
0.408989151024625,0.743558282208589,0.561330147351653,0.452461992285001,0.276542593055209,0,
0.377131048734286,0.793865030674847,0.238749502190362,0.290447016110733,0.32075943042718,0,
0.334596177027725,0.428220858895706,0.716049382716049,0.228273201724529,0.32075943042718,0,
0.42311003960737,0.482559158632778,0.481282357626444,0.411390968913093,0.375718211341494,0,
0.260375408989151,0.437160385626643,0.772003185981681,0.189698207397322,0.227579315513365,0,
0.339073531944205,0.499386503067485,0.590800477897252,0.252325845246199,0.405196102922808,0,
0.789392112967109,0.413146362839614,0.432497013142174,0.408441116405718,0.261803647264552,0,
0.326158085069743,0.453812445223488,0.705495818399044,0.529838892670751,0.32075943042718,0,
0.314448079903565,0.290972830850131,0.481879729191557,0.843430905377808,0.123157631776168,0,
0.616152918890994,0.388957055214724,0.514336917562724,0.723848422963467,0.209342992755433,0,
0.471327707938695,0.654163014899211,0.289725209080048,0.322441570229181,0.295528353734699,0,
0.338556914069227,0.561262050832603,0.584229390681004,0.548672566371681,0.225830627029728,0,
0.308248665403823,0.289395267309378,0.419952210274791,0.464942137508509,0.223082687984012,0,
0.781815050800758,0.469412795793164,0.434687375547591,0.512820512820513,0.280789407944042,0,
0.393146202858619,0.624364592462752,0.59378733572282,0.47401860676197,0.276542593055209,0,
0.415532977441019,0.703768624014023,0.65531660692951,0.259360108917631,0.271046714963777,0,
0.33976235577751,0.417879053461876,0.746515332536838,0.751531654186521,0.32075943042718,0,
0.560530394351645,0.593163891323401,0.27937076861808,0.423644202405264,0.532600549587809,0,
0.543482004477355,0.715512708150745,0.280167264038232,0.428863172226004,0.420184861353984,0,
0.512140520061994,0.478702892199825,0.441457586618877,0.400726117540277,0.350487134649013,0,
0.847769932839676,0.354951796669588,0.337116686579052,0.344905831631495,0.309268048963278,0,
0.479421387980024,0.530061349693252,0.303663878932696,0.400726117540277,0.295278541094179,0,
0.811434475632857,0.479404031551271,0.430904022301872,0.330837304288632,0.302523107669248,0,
0.810917857757878,0.293777388255916,0.600358422939068,0.296119809394146,0.292030976767424,0,
0.581539521267436,0.37125328659071,0.281362007168459,0.813478556841389,0.212340744441669,0,
0.308937489237128,0.292550394390885,0.474711270410195,0.308146131154981,0.205845615788159,0,
0.431375925607026,0.477651183172656,0.478096375945838,0.409121851599728,0.372220834374219,0,
0.271224384363699,0.454163014899211,0.652329749103943,0.489221692761516,0.32075943042718,0,
0.511107284312037,0.426117440841367,0.809040223018718,0.230769230769231,0.268798401199101,0,
0.509385224728776,0.361787905346188,0.337714058144166,0.379396414794645,0.336997252060954,0,
0.323919407611503,0.316739702015776,0.193349263241736,0.654867256637168,0.185111166625031,0,
0.391940761150336,0.706397896581946,0.574074074074074,0.494667574313592,0.263552335748189,0,
0.708455312553814,0.448378615249781,0.307048984468339,0.388472884048105,0.390207344491631,0,
0.367831926984674,0.34022787028922,0.554958183990442,0.882459723167688,0.0789407944041969,0,
0.306354399862235,0.292375109553024,0.465352449223417,0.496709779895621,0.32075943042718,0,
0.44015842948166,0.561262050832603,0.599163679808841,0.441797140912185,0.32075943042718,0,
0.351988978818667,0.547589833479404,0.826961369972123,0.216473791695031,0.25006245316013,0,
0.40520061994145,0.672743207712533,0.285742731979291,0.41479464488314,0.254309268048963,0,
0.35543309798519,0.672743207712533,0.288729589804859,0.411617880644429,0.235573320009993,0,
0.515756845186844,0.424890446976337,0.207885304659498,0.223508055366462,0.241818636022983,0,
0.768210780092991,0.429798422436459,0.621266427718041,0.309961425005673,0.296527604296777,0,
0.648355433097985,0.355828220858896,0.332536837913182,0.340821420467438,0.331001748688484,0,
0.339245737902531,0.349517966695881,0.726802070888092,0.59428182437032,0.206844866350237,0,
0.380230755984157,0.583698510078878,0.496415770609319,0.42069434989789,0.379965026230327,0,
0.356121921818495,0.495530236634531,0.75647152528873,0.254594962559564,0.25031226580065,0,
0.351988978818667,0.429097283085013,0.841497411389884,0.626049466757431,0.218336247814139,0,
0.509385224728776,0.541279579316389,0.452608522500996,0.286362604946676,0.720209842618036,0,
0.393318408816945,0.736371603856267,0.199522102747909,0.476968459269344,0.269547839120659,0,
0.376786636817634,0.822436459246275,0.274392672242135,0.440435670524166,0.492880339745191,0,
0.508696400895471,0.678702892199825,0.275388291517324,0.41025641025641,0.361978516112915,0,
0.506285517478905,0.385977212971078,0.322182397451215,0.341048332198775,0.337496877341994,0,
0.371103840192871,0.591411042944785,0.537833532457188,0.431813024733379,0.32075943042718,0,
0.333907353194421,0.549342681858019,0.637196336121067,0.58384388472884,0.201348988258806,0,
0.400206647149991,0.735495179666959,0.530665073675826,0.27115951894713,0.286285286035473,0,
0.377819872567591,0.541630148992112,0.610911987256073,0.461765373269798,0.273794654009493,0,
0.35457206819356,0.417879053461876,0.835125448028674,0.181529385069208,0.222583062702973,0,
0.46616152918891,0.731288343558282,0.278574273197929,0.45450419786703,0.474893829627779,0,
0.352333390735319,0.546187554776512,0.488251692552768,0.419559791241207,0.354983762178366,0,
0.524711555019804,0.687817703768624,0.272799681401832,0.31336510097572,0.292530602048464,0,
0.802996383674875,0.289044697633655,0.404022301871764,0.378715679600635,0.348238820884337,0,
0.693473394179439,0.610517090271692,0.30884109916368,0.326525981393238,0.299775168623532,0,
0.335629412777682,0.414723926380368,1,0.174948944860449,0.227829128153885,0,
0.425865334940589,0.609815950920245,0.235762644364795,0.303380984796914,0.366974768923308,0,
0.706733252970553,0.346713409290096,0.339506172839506,0.375312003630588,0.332000999250562,0,
0.330291028069571,0.421034180543383,0.896057347670251,0.143635125936011,0.32075943042718,0,
0.371276046151197,0.69535495179667,0.242731979291119,0.304742455184933,0.290032475643268,0,
0.317719993111762,0.301314636283961,0.457984866587017,0.855457227138643,0.0931801149138146,0,
0.311348372653694,0.284837861524978,0.45679012345679,0.779441797140912,0.608543592305771,0,
0.541415532977441,0.466783523225241,0.427917164476304,0.335148627184025,0.350736947289533,0,
0.337007060444291,0.288168273444347,0.484468339307049,0.863399137735421,0.122408193854609,0,
0.431892543482004,0.765644171779141,0.2463162086818,0.499659632402995,0.255808143892081,0,
0.388324436025486,0.680806310254163,0.63878932696137,0.489902427955525,0.32075943042718,0,
0.420182538315826,0.835407537248028,0.266228594185583,0.296119809394146,0.391706220334749,0,
0.476666092646806,0.513234005258545,0.306650736758264,0.328795098706603,0.304271796152885,0,
0.382297227484071,0.620508326029798,0.603544404619673,0.453369639210347,0.272045965525856,0,
0.351127949027036,0.557756354075373,0.4778972520908,0.424098025867937,0.355483387459405,0,
0.41415532977441,0.548115687992989,0.286140979689367,0.324256864079873,0.299275543342493,0,
0.429481660065438,0.322699386503067,0.611509358821187,0.841388699795779,0.157881588808394,0,
0.681074565179955,0.428396143733567,0.445440063719634,0.460403902881779,0.25655758181364,0,
0.757189598760117,0.193865030674847,0.394663480684986,0.379396414794645,0.340244816387709,0,
0.567074220768039,0.333742331288344,0.397650338510554,0.393464942137508,0.33949537846615,0,
0.576028930600999,0.332690622261174,0.816009557945042,0.227138643067847,0.265550836872346,0,
0.534527294644395,0.616827344434706,0.288132218239745,0.415248468345813,0.367724206844866,0,
0.655415877389358,0.456441717791411,0.327956989247312,0.400045382346267,0.304521608793405,0,
0.266574823488893,0.439789658194566,0.778176025487853,0.133877921488541,0.32075943042718,0,
0.449801963147925,0.633128834355828,0.273596176821983,0.322668481960517,0.296027979015738,0,
0.352850008610298,0.587905346187555,0.279769016328156,0.324483775811209,0.298026480139895,0,
0.654554847597727,0.495880806310254,0.323974512146555,0.339459950079419,0.343242568073945,0,
0.472188737730325,0.439439088518843,0.310434090003982,0.33287950987066,0.343492380714464,0,
0.552608920268641,0.505521472392638,0.458980485862206,0.422963467211255,0.278541094179365,0,
0.502669192354055,0.585801928133217,0.279968140183194,0.316314953483095,0.359730202348239,0,
0.354916480110212,0.653637160385627,0.567502986857826,0.210347174948945,0.647764176867349,0,
0.278284828655071,0.309377738825592,0.572680207088809,0.358747447243022,0.32075943042718,0,
0.360254864818323,0.472918492550394,0.871166865790522,0.222600408441116,0.460404696477642,0,
0.627690718098846,0.446625766871166,0.599761051373955,0.601769911504425,0.249562827879091,0,
0.327535732736353,0.350394390885188,0.518916766228594,0.810301792602678,0.143642268298776,0,
0.313414844153608,0.287116564417178,0.447829549980088,0.771272974812798,0.620784411691232,0,
0.745824005510591,0.338475021910605,0.33910792512943,0.380984796914,0.305520859355483,0,
0.636645427931806,0.637335670464505,0.281959378733572,0.428863172226004,0.453909567824132,0,
0.377647666609265,0.419456617002629,0.750696933492632,0.258225550260948,0.255058705970522,0,
0.351300154985362,0.307624890446976,0.702110712863401,0.639210347174949,0.575068698476143,0,
0.620458067849147,0.455390008764242,0.314416567104739,0.386430678466077,0.345241069198101,0,
0.356638539693473,0.401051709027169,0.866985264834727,0.199001588382119,0.226080439670247,0,
0.312726020320303,0.317616126205083,0.545599362803664,0.738370773769004,0.32075943042718,0,
0.5576028930601,0.331113058720421,0.345280764635603,0.377808032675289,0.338496127904072,0,
0.647322197348028,0.468185801928133,0.320589406610912,0.335375538915362,0.305520859355483,0,
0.311348372653694,0.364592462751972,0.44305057745918,0.522804628999319,0.643767174619036,0,
0.358016187360083,0.392287467134093,0.866387893269614,0.226230996142501,0.450162378216338,0,
0.406406061649733,0.646625766871166,0.254679410593389,0.426367143181302,0.358231326505121,0,
0.438952987773377,0.522874671340929,0.455396256471525,0.400953029271613,0.32075943042718,0,
0.653866023764422,0.314285714285714,0.34468339307049,0.382119355570683,0.309018236322758,0,
0.314792491820217,0.294127957931639,0.47889287136599,0.836396641706376,0.164376717461904,0,
0.310659548820389,0.31375985977213,0.572481083233771,0.88359428182437,0.32075943042718,0,
0.3159979335285,0.338825591586328,0.630426125049781,0.876106194690266,0.32075943042718,0,
0.440330635439986,0.712007011393514,0.273397052966945,0.316314953483095,0.271046714963777,0,
0.316342345445152,0.279579316389132,0.444643568299482,0.584751531654186,0.754683987009743,0,
0.329257792319614,0.44943032427695,0.531859816806053,0.606535057862492,0.21159130652011,0,
0.382986051317376,0.61489921121823,0.262246117084827,0.433401406852734,0.32075943042718,0,
0.33080764594455,0.339351446099912,0.489446435682995,0.519854776491945,0.32075943042718,0,
0.654210435681075,0.388431200701139,0.32815611310235,0.379169503063308,0.301773669747689,0,
0.537627001894265,0.632252410166521,0.252688172043011,0.311095983662355,0.349238071446415,0,
0.392285173066988,0.570727432077125,0.275985663082437,0.314953483095076,0.32075943042718,0,
0.444807990356466,0.620858895705521,0.27299880525687,0.435216700703426,0.267049712715463,0,
0.795074909591872,0.409290096406661,0.46136997212266,0.456773315180395,0.41693729702723,0,
0.247976579989668,0.0879929886064855,0.0362405416168857,0.0197413206262764,0.32075943042718,0,
0.339934561735836,0.386853637160386,0.737953006770211,0.667574313592013,0.207594304271796,0,
0.388668847942139,0.618930762489045,0.270011947431302,0.437712729748128,0.2560579565326,0,
0.170139486826244,0.31726555652936,0.396057347670251,0.392330383480826,0.300274793904572,0,
0.428792836232134,0.650832602979842,0.282755874153724,0.413206262763785,0.361728703472396,0,
0.3568107456518,0.316739702015776,0.742134607726005,0.65282505105514,0.522857856607544,0,
0.439641811606682,0.370376862401402,0.324173636001593,0.343998184706149,0.336247814139395,0,
0.308937489237128,0.394916739702016,0.681401831939466,0.230996142500567,0.244566575068699,0,
0.572068193559497,0.574583698510079,0.300677021107129,0.327887451781257,0.355983012740445,0,
0.333907353194421,0.38737949167397,0.892074870569494,0.191967324710688,0.456657506869848,0,
0.368692956776304,0.58510078878177,0.531660692951015,0.428636260494668,0.32075943042718,0,
0.771654899259514,0.395968448729185,0.422739944245321,0.398910823689585,0.276542593055209,0,
0.361115894609953,0.392112182296231,0.644165671047391,0.218969820739732,0.32075943042718,0,
0.339245737902531,0.549167397020158,0.591198725607328,0.457227138643068,0.276542593055209,0,
0.304115722403995,0.282383873794917,0.433293508562326,0.228500113455866,0.854359230577067,0,
0.335973824694334,0.421910604732691,0.776981282357626,0.241434082142047,0.255308518611042,0,
0.4423971069399,0.533041191936897,0.463162086818001,0.428636260494668,0.246814888833375,0,
0.350266919235405,0.462576687116564,0.560135404221426,0.464034490583163,0.270547089682738,0,
0.354055450318581,0.381069237510955,0,0.253460403902882,0.247314514114414,0,
0.315481315653522,0.327782646801052,0.584229390681004,0.721806217381439,0.183112665500874,1,
0.436714310315137,0.708851884312007,0.665870171246515,0.276151577036533,0.277541843617287,1,
0.411744446357844,0.37581069237511,0.765432098765432,0.204674381665532,0.149887584311766,1,
0.311692784570346,0.327957931638913,0.431302270011947,0.55525300658044,0.32075943042718,1,
0.450146375064577,0.536546888694128,0.4852648347272,0.309507601543,0.293280039970022,1,
0.474944033063544,0.667134092900964,0.272401433691756,0.684592693442251,0.249313015238571,1,
0.323402789736525,0.355652936021034,0.707088809239347,0.660313138189244,0.11541343992006,1,
0.334596177027725,0.393339176161262,0.231780167264038,0.865441343317449,0.0514614039470397,1,
0.36214913035991,0.119018404907975,0.776583034647551,0.201497617426821,0.528603547339495,1,
0.350094713277079,0.56669588080631,0.601354042214257,0.520762423417291,0.665001249063203,1,
0.541243327019115,0.574934268185802,0.502389486260454,0.485591105060132,0.32075943042718,1,
0.345617358360599,0.320070113935145,0.631819992035046,0.712049012933969,0.765176117911566,1,
0.478388152230067,0.390359333917616,0.864197530864197,0.211481733605627,0.41643767174619,1,
0.370587222317892,0.365644171779141,0.467144563918757,0.603131381892444,0.566075443417437,1,
0.313931462028586,0.303067484662577,0.540621266427718,0.502836396641706,0.32075943042718,1,
0.274668503530222,0.354776511831727,0.653922739944245,0.358747447243022,0.32075943042718,1,
0.384019287067333,0.455740578439965,0.56252489048188,0.525073746312684,0.147889083187609,1,
0.450662992939556,0.527081507449606,0.4778972520908,0.502382573179033,0.270796902323258,1,
0.361632512484932,0.466432953549518,0.653126244524094,0.786022237349671,0.32075943042718,1,
0.318581022903392,0.343908851884312,0.646555157307845,0.611980939414568,0.1541343992006,1,
0.439469605648355,0.522699386503067,0.820589406610912,0.238938053097345,0.266050462153385,1,
0.366454279318064,0.320245398773006,0.768817204301075,0.525073746312684,0.432925306020485,1,
0.313242638195282,0.34022787028922,0.535444046196734,0.866348990242796,0.129652760429678,1,
0.356466333735147,0.432953549517967,0.800079649542015,0.236215112321307,0.176617536847365,1,
0.317892199070088,0.325854513584575,0.535444046196734,0.667347401860676,0.199100674494129,1,
0.32942999827794,0.338650306748466,0.658701712465153,0.500113455865668,0.32075943042718,1,
0.394523850525228,0.429097283085013,0.660095579450418,0.209666439754935,0.746689982513115,1,
0.317375581195109,0.264855390008764,0.536041417761848,0.246199228500113,0.116662503122658,1,
0.274840709488548,0.367046450482033,0.621067303863003,0.637621965055593,0.48688483637272,1,
0.354744274151886,0.405083260297984,0.645161290322581,0.593374177444974,0.229827629278041,1,
0.325297055278113,0.339526730937774,0.466148944643568,0.538234626730202,0.644766425181114,1,
0.314792491820217,0.370727432077125,0.466547192353644,0.638075788518266,0.32075943042718,1,
0.368004132943,0.483260297984224,0.856232576662684,0.228727025187202,0.417686734948788,1,
0.330291028069571,0.348115687992989,0.57168458781362,0.856591785795326,0.0949288033974519,1,
0.387980024108834,0.299211218229623,0.694544006371963,0.520762423417291,0.493130152385711,1,
0.365593249526434,0.451884312007011,0.729390681003584,0.233038348082596,0.189857606794904,1,
0.380230755984157,0.774583698510079,0.570091596973317,0.515997277059224,0.257057207094679,1,
0.470122266230412,0.478352322524102,0.642373556352051,0.26594054912639,0.599550337247065,1,
0.429826071982091,0.445574057843996,0.52668259657507,0.452915815747674,0.543092680489633,1,
0.322541759944894,0.319719544259422,0.485663082437276,0.793737236215112,0.136397701723707,1,
0.318925434820045,0.323751095530237,0.546196734368777,0.733605627410937,0.133649762677992,1,
0.495092130187704,0.444347063978966,0.823775388291517,0.252325845246199,0.24981264051961,1,
0.375408989151025,0.32182296231376,0.634607726005575,0.716814159292035,0.0764426679990008,1,
0.34871706561047,0.382296231375986,0.68936678614098,0.635806671204901,0.774668998251312,1,
0.414844153607715,0.648203330411919,0.627041019514138,0.495348309507602,0.535598301274045,1,
0.358532805235061,0.355477651183173,0.754480286738351,0.737463126843658,0.70522108418686,1,
0.306354399862235,0.28396143733567,0.538829151732378,0.283412752439301,0.216087934049463,1,
0.337351472360944,0.452585451358457,0.762046993229789,0.246199228500113,0.254559080689483,1,
0.369553986567935,0.336021034180543,0.770808442851454,0.559337417744497,0.48713464901324,1,
0.376442224900982,0.428396143733567,0.469334926324174,0.225550260948491,0.611541343992006,1,
0.38815223006716,0.341980718667835,0.662485065710872,0.619922850011346,0.477391956032975,1,
0.412261064232822,0.34250657318142,0.505575467941059,0.830496936691627,0.179865101174119,1,
0.341656621319098,0.362664329535495,0.614496216646754,0.596324029952349,0.226080439670247,1,
0.320647494403306,0.364592462751972,0.55236957387495,0.795098706603131,0.32075943042718,1,
0.335973824694334,0.401577563540754,0.692751891676623,0.18788291354663,0.646764926305271,1,
0.389874289650422,0.304119193689746,0.741537236160892,0.231676877694577,0.428678491131651,1,
0.313587050111934,0.362313759859772,0.431700517722023,0.635352847742228,0.32075943042718,1,
0.334940588944377,0.360035056967572,0.58641975308642,0.753346948037213,0.125655758181364,1,
0.45806784914758,0.423663453111306,0.465153325368379,0.611527115951895,0.502872845365975,1,
0.480626829688307,0.383347940403155,0.698725607327758,0.508055366462446,0.255058705970522,1,
0.413122094024453,0.443470639789658,0.728195937873357,0.541184479237577,0.57032225830627,1,
0.38815223006716,0.362489044697634,0.860414177618479,0.167687769457681,0.219585311016737,1,
0.446357843981402,0.483085013146363,0.538231780167264,0.619922850011346,0.202847864101924,1,
0.31375925607026,0.359509202453988,0.611907606531262,0.651917404129794,0.196852360729453,1,
0.32856896848631,0.303768624014023,0.487455197132616,0.745405037440436,0.713464901324007,1,
0.459101084897537,0.556529360210342,0.655117483074472,0.526889040163376,0.473644766425181,1,
0.320647494403306,0.32410166520596,0.556152927120669,0.829135466303608,0.10866849862603,1,
0.327880144653005,0.324978089395267,0.444046196734369,0.735420921261629,0.142393205096178,1,
0.435336662648528,0.655039439088519,0.614097968936679,0.468572725209893,0.28203847114664,1,
0.332529705527811,0.387730061349693,0.636798088410992,0.266848196051736,0.271296527604297,1,
0.333390735319442,0.367922874671341,0.797889287136599,0.220785114590424,0.411941044216837,1,
0.309970724987085,0.304119193689746,0.51652727996814,0.528931245745405,0.32075943042718,1,
0.327363526778026,0.361262050832603,0.539625647152529,0.281597458588609,0.630527104671496,1,
0.317892199070088,0.34250657318142,0.453405017921147,0.425459496255956,0.549337996502623,1,
0.331840881694507,0.404031551270815,0.242731979291119,0.862037667347402,0.0689482887834124,1,
0.329602204236267,0.443120070113935,0.50457984866587,0.678692988427502,0.511616287784162,1,
0.356466333735147,0.374583698510079,0.539824771007567,0.728159745858861,0.0612040969273045,1,
0.312898226278629,0.330236634531113,0.510752688172043,0.0769230769230769,0.32075943042718,1,
0.377647666609265,0.622261174408414,0.603743528474711,0.672793283412752,0.210342243317512,1,
0.398312381608404,0.72410166520596,0.496415770609319,0.569094622191967,0.460654509118161,1,
0.356466333735147,0.318141980718668,0.694544006371963,0.96165191740413,0.124656507619286,1,
0.38952987773377,0.41489921121823,0.711469534050179,0.518266394372589,0.238321259055708,1,
0.445841226106423,0.523575810692375,0.618279569892473,0.274563194917177,0.285785660754434,1,
0.500774926812468,0.528483786152498,0.260055754679411,0.300658044020876,0.276292780414689,1,
0.348200447735492,0.579842243645925,0.598964555953803,0.552983889267075,0.60879340494629,1,
0.38591355260892,0.608588957055215,0.251095181202708,0.307011572498298,0.285535848113915,1,
0.328052350611331,0.350219106047327,0.658502588610115,0.644202405264352,0.74993754683987,1,
0.334423971069399,0.301840490797546,0.650537634408602,0.749489448604493,0.854609043217587,1,
0.35319442052695,0.370201577563541,0.568100358422939,0.765373269798049,0.32075943042718,1,
0.254520406406062,0.133567046450482,0.204101951413779,0.147492625368732,0.219085685735698,1,
0.330979851902876,0.333742331288344,0.483870967741935,0.763557975947357,0.0352235823132651,1,
0.386774582400551,0.311305872042068,0.772003185981681,0.571136827773996,0.730202348238821,1,
0.312726020320303,0.316389132340053,0.5147351652728,0.358747447243022,0.32075943042718,1,
0.333562941277768,0.370902716914987,0.566706491437674,0.836623553437713,0.106669997501874,1,
0.335801618736008,0.361437335670464,0.550975706889685,0.877240753346948,0.32075943042718,1,
0.480454623729981,0.445048203330412,0.59279171644763,0.456773315180395,0.380464651511366,1,
0.434303426898571,0.415425065731814,0.741537236160892,0.614476968459269,0.664251811141644,1,
0.272946443946961,0.317090271691499,0.247710075667065,0.160199682323576,0.32075943042718,1,
0.437058722231789,0.277826468010517,0.725408203902827,0.533242568640799,0.427679240569573,1,
0.426381952815567,0.518843120070114,0.662485065710872,0.525073746312684,0.475393454908818,1,
0.395729292233511,0.512708150744961,0.787136598964556,0.519400953029272,0.257057207094679,1,
0.394523850525228,0.448203330411919,0.65810434090004,0.54163830270025,0.702473145141144,1,
0.356294127776821,0.728483786152498,0.502588610115492,0.676650782845473,0.238571071696228,1,
0.382813845359049,0.375109553023663,0.715651135005974,0.64692534604039,0.510117411941044,1,
0.324091613569829,0.322874671340929,0.510155316606929,0.761061946902655,0.32075943042718,1,
0.345100740485621,0.408764241893076,0.516925527678216,0.783299296573633,0.653260054958781,1,
0.351300154985362,0.348992112182296,0.795898048586221,0.63262990696619,0.761179115663252,1,
0.432925779231961,0.399298860648554,0.777976901632816,0.59882005899705,0.581563827129653,1,
0.446185638023076,0.39193689745837,0.570290720828355,0.551168595416383,0.263302523107669,1,
0.369898398484588,0.350920245398773,0.619275189167662,0.593147265713637,0.837371971021734,1,
0.521267435853281,0.483786152497809,0.779569892473118,0.264579078738371,0.278790906819885,1,
0.342173239194076,0.406134969325153,0.674830744723218,0.563875652371228,0.32075943042718,1,
0.363871189943172,0.622261174408414,0.613500597371565,0.520535511685954,0.558331251561329,1,
0.34423971069399,0.347940403155127,0.68936678614098,0.551849330610393,0.497127154634024,1,
0.453934906147753,0.645749342681858,0.685981680605336,0.476514635806671,0.277292030976767,1,
0.342173239194076,0.395793163891323,0.79231381919554,0.563421828908555,0.633774668998251,1,
0.312209402445325,0.31498685363716,0.533452807646356,0.494213750850919,0.123657257057207,1,
0.33304632340279,0.438737949167397,0.539824771007567,0.520762423417291,0.32075943042718,1,
0.448424315481316,0.431551270815074,0.680804460374353,0.244157022918085,0.535348488633525,1,
0.352677802651972,0.338124452234882,0.8584229390681,0.189017472203313,0.499125655758181,1,
0.349233683485449,0.347589833479404,0.529868578255675,0.839119582482414,0.765176117911566,1,
0.316342345445152,0.354425942156003,0.577857427319793,0.728613569321534,0.32075943042718,1,
0.532633029102807,0.593865030674847,0.636200716845878,0.489675516224189,0.280789407944042,1,
0.521611847769933,0.480280455740578,0.544802867383512,0.515316541865214,0.64126904821384,1,
0.379714138109179,0.326205083260298,0.776583034647551,0.177444973905151,0.32075943042718,1,
0.385224728775616,0.426117440841367,0.702508960573477,0.665078284547311,0.32075943042718,1,
0.478215946271741,0.291323400525854,0.15252887295898,0.698207397322442,0.630776917312016,1,
0.517478904770105,0.371954425942156,0.704500199123855,0.559337417744497,0.461154134399201,1,
0.354916480110212,0.35284837861525,0.795698924731183,0.534604039028818,0.503872095928054,1,
0.345272946443947,0.397370727432077,0.688968538430904,0.13592012707057,0.716462653010242,1,
0.643705872223179,0.624539877300613,0.27299880525687,0.328795098706603,0.300024981264052,1,
0.344756328568968,0.354776511831727,0.504181600955794,0.63716814159292,0.136647514364227,1,
0.38952987773377,0.411042944785276,0.690959776981282,0.261175402768323,0.550087434424182,1,
0.398140175650077,0.784574934268186,0.214257268020709,0.551622418879056,0.223582313265051,1,
0.356294127776821,0.316739702015776,0.727996814018319,0.619922850011346,0.465650761928554,1,
0.37472016531772,0.429798422436459,0.528673835125448,0.619015203085999,0.191356482638021,1,
0.337695884277596,0.28396143733567,0.484468339307049,0.64692534604039,0.552835373469898,1,
0.355949715860169,0.367221735319895,0.576662684189566,0.717721806217381,0.124656507619286,1,
0.427242982607198,0.45170902716915,0.520908004778972,0.445654640344906,0.524606545091182,1,
0.333907353194421,0.335845749342682,0.853046594982079,0.562741093714545,0.32075943042718,1,
0.26623041157224,0.191060473269062,0.288928713659896,0.586339913773542,0.739445415938046,1,
0.285173066988118,0.265907099035933,0.325965750696933,0.280689811663263,0.19885086185361,1,
0.368865162734631,0.323751095530237,0.57626443647949,0.836396641706376,0.32075943042718,1,
0.354744274151886,0.460648553900088,0.548387096774194,0.78738370773769,0.167124656507619,1,
0.352677802651972,0.338124452234882,0.8584229390681,0.189017472203313,0.499125655758181,1,
0.352505596693646,0.400876424189308,0.828753484667463,0.18788291354663,0.428928303772171,1,
0.342173239194076,0.325854513584575,0.50179211469534,0.786249149081007,0.32075943042718,1,
0.348028241777165,0.761963190184049,0.622660294703305,0.51236668935784,0.270547089682738,1,
0.33166867573618,0.439263803680982,0.490242931103146,0.567506240072612,0.575068698476143,1,
0.430687101773721,0.336371603856266,0.770609318996416,0.232811436351259,0.412440669497877,1,
0.496986395729292,0.683610867659947,0.582437275985663,0.436805082822782,0.369223082687984,1,
0.326846908903048,0.344609991235758,0.567901234567901,0.511005218969821,0.648513614788908,1,
0.368520750817978,0.360210341805434,0.531660692951015,0.688450192874972,0.0721958531101674,1,
0.344756328568968,0.33444347063979,0.76742333731581,0.613342409802587,0.672495628278791,1,
0.371103840192871,0.380192813321648,0.734169653524492,0.217608350351713,0.69847614289283,1,
0.332701911486137,0.368624014022787,0.518916766228594,0.732244157022918,0.32075943042718,1,
0.445152402273119,0.290096406660824,0.730784547988849,0.529158157476742,0.417436922308269,1,
0.488892715687963,0.348641542506573,0.914575866188769,0.221012026321761,0.260304771421434,1,
