540,5,2,
0.350783537110384,0.439439088518843,0.68478693747511,0.526889040163376,0.221833624781414,0,
0.555708627518512,0.470990359333918,0.302668259657507,0.327660540049921,0.297776667499375,0,
0.540898915102462,0.402629272567923,0.441855834328953,0.418879056047198,0.280039970022483,0,
0.340451179610815,0.385451358457493,0.744922341696535,0.669843430905378,0.208593554833875,0,
0.283451007404856,0.299912357581069,0.438470728793309,0.47787610619469,0.107669248063952,0,
0.351127949027036,0.323575810692375,0.751294305057746,0.626730201951441,0.46140394703972,0,
0.390563113483726,0.388957055214724,0.701115093588212,0.551168595416383,0.19260554584062,0,
0.350439125193732,0.417703768624014,0.748506571087216,0.55525300658044,0.254808893330003,0,
0.305321164112278,0.295179666958808,0.427518916766229,0.466984343090538,0.32075943042718,0,
0.900637162045807,0.181770376862401,0.393667861409797,0.34263671431813,0.309268048963278,0,
0.374892371276046,0.798422436459246,0.239944245320589,0.293396868618108,0.28228828378716,0,
0.328396762527983,0.372655565293602,0.614695340501792,0.847061493079192,0.160629527854109,0,
0.447907697606337,0.717616126205083,0.528076463560335,0.297027456319492,0.283787159630277,0,
0.735491648011021,0.191411042944785,0.402827558741537,0.389834354436124,0.287784161878591,0,
0.476149474771827,0.628571428571429,0.266427718040621,0.415929203539823,0.406445166125406,0,
0.809368004132943,0.309377738825592,0.390083632019116,0.384161561152712,0.348738446165376,0,
0.440675047356639,0.758983347940403,0.263241736360016,0.546403449058316,0.262303272545591,0,
0.410194592732909,0.628220858895706,0.27479091995221,0.304742455184933,0.259305520859355,0,
0.334251765111073,0.555302366345311,0.27757865392274,0.44474699341956,0.285535848113915,0,
0.456001377647667,0.653286590709904,0.283950617283951,0.454050374404357,0.602048463652261,0,
0.431892543482004,0.560210341805434,0.765033851055356,0.238030406171999,0.32075943042718,0,
0.572757017392802,0.583172655565294,0.286340103544405,0.424098025867937,0.523107669248064,0,
0.334079559152747,0.557055214723926,0.494225408203903,0.423644202405264,0.293280039970022,0,
0.798174616841743,0.359509202453988,0.624452409398646,0.299977308826866,0.29477891581314,0,
0.818322713965903,0.295530236634531,0.596575069693349,0.308599954617654,0.295278541094179,0,
0.672119855346995,0.298685363716039,0.344285145360414,0.373950533242569,0.332750437172121,0,
0.333735147236094,0.312182296231376,0.679410593389088,0.671885636487406,0.49362977766675,0,
0.337007060444291,0.288168273444347,0.484468339307049,0.863399137735421,0.122408193854609,0,
0.345961770277252,0.627870289219982,0.5073675826364,0.426594054912639,0.263552335748189,0,
0.483554330979852,0.518317265556529,0.446634806849861,0.286135693215339,0.7694229328004,0,
0.339245737902531,0.400701139351446,0.698924731182796,0.745631949171772,0.32075943042718,0,
0.795247115550198,0.287817703768624,0.178614097968937,0.47401860676197,0.257556832375718,0,
0.4944033063544,0.466432953549518,0.319992035045798,0.33741774449739,0.342493130152386,0,
0.350094713277079,0.520946538124452,0.668259657506969,0.503517131835716,0.32075943042718,0,
0.356294127776821,0.766871165644172,0.527877339705297,0.517585659178579,0.32075943042718,0,
0.31823661098674,0.290271691498685,0.454400637196336,0.192648059904697,0.69897576817387,0,
0.329774410194593,0.442243645924627,0.544802867383512,0.61311549807125,0.203347489382963,0,
0.341656621319098,0.433829973707274,0.778176025487853,0.750397095529839,0.32075943042718,0,
0.902703633545721,0.174583698510079,0.331541218637993,0.376219650555934,0.336747439420435,0,
0.65352161184777,0.34829097283085,0.345081640780565,0.374177444973905,0.310766924806395,0,
0.321336318236611,0.335845749342682,0.479888490641179,0.830496936691627,0.128653509867599,0,
0.876183915963492,0.174057843996494,0.398048586220629,0.384161561152712,0.305770671996003,0,
0.324780437403134,0.427519719544259,0.542214257268021,0.655774903562514,0.197102173369973,0,
0.382469433442397,0.789307624890447,0.262246117084827,0.432266848196052,0.468898326255309,0,
0.319442052695023,0.312007011393514,0.572680207088809,0.832766054004992,0.143392455658256,0,
0.330635439986223,0.417353198948291,0.878335324571884,0.165872475606989,0.32075943042718,0,
0.359393835026692,0.620157756354075,0.491039426523298,0.431359201270706,0.286784911316513,0,
0.361976924401584,0.66783523225241,0.242333731581043,0.304515543453597,0.371471396452661,0,
0.340795591527467,0.406134969325153,0.871764237355635,0.191286589516678,0.32075943042718,0,
0.447735491648011,0.473093777388256,0.428116288331342,0.336056274109371,0.304021983512366,0,
0.333390735319442,0.43680981595092,0.782556750298686,0.15021556614477,0.1923557332001,0,
0.680902359221629,0.493952673093777,0.541218637992832,0.500340367597005,0.274544091931052,0,
0.346306182193904,0.4943032427695,0.447232178414974,0.427728613569322,0.292530602048464,0,
0.748407094885483,0.404382120946538,0.333333333333333,0.337871567960064,0.311016737446915,0,
0.656965731014293,0.306397896581946,0.393667861409797,0.38620376673474,0.283537346989758,0,
0.373859135526089,0.696932515337423,0.246117084826762,0.690719310188337,0.199350487134649,0,
0.676769416221801,0.318141980718668,0.384309040223019,0.381892443839347,0.309767674244317,0,
0.56655760289306,0.62524101665206,0.50457984866587,0.316088041751759,0.369972520609543,0,
0.319442052695023,0.322699386503067,0.460573476702509,0.216927615157704,0.32075943042718,0,
0.324091613569829,0.424364592462752,0.533851055356432,0.648059904697073,0.199600299775169,0,
0.464956087480627,0.537423312883436,0.540223018717642,0.442477876106195,0.171121658755933,0,
0.480799035646633,0.647852760736196,0.282954998008761,0.271840254141139,0.54509118161379,0,
0.408816945066299,0.704995617879054,0.545599362803664,0.428863172226004,0.366724956282788,0,
0.436025486481832,0.773356704645048,0.243727598566308,0.471522577717268,0.399200599550337,0,
0.402617530566558,0.776687116564417,0.259458383114297,0.302246426140231,0.289532850362228,0,
0.349750301360427,0.534092900964067,0.482477100756671,0.426820966643976,0.291031726205346,0,
0.327880144653005,0.508501314636284,0.593389088012744,0.499432720671659,0.32075943042718,0,
0.314792491820217,0.310078878177038,0.466547192353644,0.822781937826186,0.32075943042718,0,
0.401928706733253,0.634355828220859,0.539028275587415,0.278647606081234,0.368973270047464,0,
0.345100740485621,0.562138475021911,0.274392672242135,0.431813024733379,0.291281538845866,0,
0.428792836232134,0.616827344434706,0.276184786937475,0.418652144315861,0.279290532100924,0,
0.714826933011882,0.195617879053462,0.40720828355237,0.396414794644883,0.305271046714964,0,
0.344756328568968,0.604206836108677,0.295898048586221,0.316995688677105,0.293280039970022,0,
0.80816256242466,0.300087642418931,0.611509358821187,0.290447016110733,0.291281538845866,0,
0.423971069399001,0.761787905346188,0.267025089605735,0.314726571363739,0.367474394204347,0,
0.345789564318925,0.430148992112182,0.929311031461569,0.180848649875199,0.226580064951287,0,
0.51007404856208,0.599474145486415,0.280565511748307,0.407079646017699,0.362228328753435,0,
0.340967797485793,0.588781770376862,0.462365591397849,0.423871114136601,0.289532850362228,0,
0.364043395901498,0.601928133216477,0.610513739545998,0.514408894939868,0.32075943042718,0,
0.391424143275357,0.68045574057844,0.666268418956591,0.461311549807125,0.273295028728454,0,
0.521439641811607,0.575284837861525,0.26563122262047,0.404129793510324,0.3847114664002,0,
0.394868262441881,0.712357581069238,0.533452807646356,0.282505105513955,0.613789657756682,0,
0.317203375236783,0.291323400525854,0.471724412584628,0.611980939414568,0.738945790657007,0,
0.316170139486826,0.34250657318142,0.661887694145759,0.628318584070796,0.32075943042718,0,
0.733597382469433,0.189833479404032,0.340501792114695,0.384161561152712,0.306270297277042,0,
0.620113655932495,0.320595968448729,0.400438072481083,0.393011118674835,0.282787909068199,0,
0.364732219734803,0.674496056091148,0.261648745519713,0.454050374404357,0.283037721708718,0,
0.319958670570002,0.377212971078002,0.7463162086818,0.156342182890855,0.220834374219335,0,
0.413122094024453,0.621910604732691,0.707088809239347,0.249375992738825,0.268298775918061,0,
0.602376442224901,0.544609991235758,0.29689366786141,0.326979804855911,0.29502872845366,0,
0.30704322369554,0.293952673093777,0.445440063719634,0.52212389380531,0.32075943042718,0,
0.328396762527983,0.360385626643295,0.57447232178415,0.687315634218289,0.203597302023482,0,
0.79473049767522,0.337072743207713,0.421545201115094,0.341729067392784,0.337247064701474,0,
0.413638711899432,0.633654688869413,0.709876543209876,0.262536873156342,0.381463902073445,0,
0.313414844153608,0.35863277826468,0.151135005973716,0.819832085318811,0.0662003497376968,0,
0.351127949027036,0.431375985977213,0.787933094384707,0.224188790560472,0.253310017486885,0,
0.958842775960048,0.174583698510079,0.339307048984468,0.343771272974813,0.309767674244317,0,
0.315825727570174,0.291148115687993,0.448227797690163,0.628545495802133,0.32075943042718,0,
0.610642328224557,0.279404031551271,0.347670250896057,0.379169503063308,0.300774419185611,0,
0.33976235577751,0.580017528483786,0.570290720828355,0.487406398910824,0.21808643517362,0,
0.230239366282073,0.551095530236635,0.563520509757069,0.277513047424552,0.251061703722208,0,
0.396590322025142,0.79193689745837,0.251891676622859,0.297481279782165,0.224831376467649,0,
0.311864990528672,0.28501314636284,0.443448825169255,0.51622418879056,0.32075943042718,0,
0.379541932150852,0.736897458369851,0.220230983671844,0.446108463807579,0.280539595303522,0,
0.621663509557431,0.31954425942156,0.400438072481083,0.392784206943499,0.283537346989758,0,
0.334940588944377,0.407887817703769,0.982078853046595,0.184706149307919,0.23082687984012,0,
0.496125365937661,0.461349693251534,0.502389486260454,0.769230769230769,0.196352735448414,0,
0.36214913035991,0.768624014022787,0.244723217841497,0.451100521896982,0.273544841368973,0,
0.384535904942311,0.624364592462752,0.550975706889685,0.471295665985931,0.32075943042718,0,
0.429137248148786,0.585801928133217,0.509358821186778,0.710914454277286,0.214089432925306,0,
0.80144653004994,0.308851884312007,0.341099163679809,0.378261856137962,0.305520859355483,0,
0.415705183399346,0.698510078878177,0.270011947431302,0.414567733151804,0.281039220584562,0,
0.433270191148614,0.382471516213848,0.402230187176424,0.377808032675289,0.341993504871347,0,
0.854141553297744,0.308150744960561,0.402429311031462,0.38688450192875,0.419185610791906,0,
0.588944377475461,0.533917616126205,0.439466348068499,0.442704787837531,0.53210092430677,0,
0.363698983984846,0.691849255039439,0.508363201911589,0.484910369866122,0.32075943042718,0,
0.418460478732564,0.675547765118317,0.498606133014735,0.455411844792376,0.200599550337247,0,
0.330463234027897,0.41262050832603,0.840700915969733,0.204447469934196,0.32075943042718,0,
0.506113311520579,0.564241893076249,0.479490242931103,0.520989335148627,0.505870597052211,0,
0.310831754778715,0.324802804557406,0.618279569892473,0.8309507601543,0.143642268298776,0,
0.343723092819012,0.548816827344435,0.554559936280366,0.453142727479011,0.277791656257807,0,
0.392973996900293,0.802629272567923,0.261250497809638,0.518039482641253,0.258306270297277,0,
0.177716548992595,0.108326029798422,0.285145360414178,0.326299069661902,0.298526105420934,0,
0.806096090924746,0.290972830850131,0.394464356829948,0.342182890855457,0.334748938296278,0,
0.339934561735836,0.795267309377739,0.262046993229789,0.452008168822328,0.529103172620535,0,
0.364387807818151,0.302541630148992,0.548785344484269,0.610165645563876,0.514364226829878,0,
0.437575340106768,0.535144609991236,0.463361210673039,0.428182437031995,0.24356732450662,0,
0.271224384363699,0.488168273444347,0.693349263241736,0.504651690492399,0.32075943042718,0,
0.534527294644395,0.549868536371604,0.294902429311031,0.330383480825959,0.299525355983013,0,
0.895470983296022,0.490972830850131,0.326762246117085,0.348536419332879,0.312765425930552,0,
0.347511623902187,0.534092900964067,0.636399840700916,0.270251872021783,0.261304021983512,0,
0.314448079903565,0.36091148115688,0.795101553166069,0.556614476968459,0.234324256807394,0,
0.357155157568452,0.44592462751972,0.665272799681402,0.515997277059224,0.195353484886335,0,
0.383847081109006,0.81034180543383,0.248108323377141,0.560018152938507,0.252810392205846,0,
0.417943860857586,0.698334794040316,0.593986459577857,0.453369639210347,0.273295028728454,0,
0.724987084553125,0.194566170026293,0.405416168857029,0.394826412525528,0.297776667499375,0,
0.564146719476494,0.514460999123576,0.302469135802469,0.331291127751305,0.347739195603298,0,
0.424315481315654,0.675021910604733,0.545201115093588,0.286135693215339,0.276042967774169,0,
0.408300327191321,0.502191060473269,0.296495420151334,0.402087587928296,0.28853359980015,0,
0.367659721026347,0.681858019281332,0.570888092393469,0.526889040163376,0.32075943042718,0,
0.38143619769244,0.57475898334794,0.602747909199522,0.280462899931926,0.277042218336248,0,
0.26175305665576,0.581419807186678,0.516726403823178,0.469707283866576,0.268798401199101,0,
0.381608403650766,0.57475898334794,0.602747909199522,0.280462899931926,0.276792405695728,0,
0.321852936111589,0.320245398773006,0.65531660692951,0.585886090310869,0.066699975018736,0,
0.510590666437059,0.620333041191937,0.295300677021107,0.320853188109825,0.404946290282288,0,
0.315825727570174,0.289745836985101,0.458183990442055,0.179941002949852,0.720209842618036,0,
0.340967797485793,0.71375985977213,0.269414575866189,0.310415248468346,0.284286784911317,0,
0.783881522300671,0.189307624890447,0.342293906810036,0.344678919900159,0.309268048963278,0,
0.584811434475633,0.559859772129711,0.309239346873755,0.390288177898797,0.360229827629278,0,
0.333218529361116,0.401928133216477,0.767821585025886,0.213977762650329,0.254309268048963,0,
0.668159118305493,0.456091148115688,0.454400637196336,0.455638756523712,0.262303272545591,0,
0.632512484931979,0.492375109553024,0.299482277976902,0.409121851599728,0.295528353734699,0,
0.790253142758739,0.291498685363716,0.340900039824771,0.341729067392784,0.338246315263552,0,
0.677802651971758,0.458369851007888,0.452608522500996,0.45904243249376,0.263302523107669,0,
0.824349922507319,0.332515337423313,0.574870569494225,0.301111867483549,0.297277042218336,0,
0.329602204236267,0.483786152497809,0.715651135005974,0.235761288858634,0.32075943042718,0,
0.410194592732909,0.579666958808063,0.609318996415771,0.260494667574314,0.191606295278541,0,
0.352161184776993,0.61034180543383,0.26742333731581,0.430905377808033,0.293529852610542,0,
0.324436025486482,0.471691498685364,0.644763042612505,0.508055366462446,0.164376717461904,0,
0.400551059066644,0.782296231375986,0.482676224611708,0.558202859087815,0.241818636022983,0,
0.336318236610987,0.541454864154251,0.691955396256472,0.60403902881779,0.194104421683737,0,
0.678663681763389,0.369325153374233,0.430904022301872,0.337871567960064,0.30751936047964,0,
0.387635612192182,0.43330411919369,0.81521306252489,0.510324483775811,0.252810392205846,0,
0.547787153435509,0.495880806310254,0.467941059338909,0.452461992285001,0.273295028728454,0,
0.306354399862235,0.280631025416301,0.443249701314217,0.621284320399365,0.729952535598301,0,
0.357499569485104,0.453286590709904,0.806252489048188,0.223054231903789,0.32075943042718,0,
0.313931462028586,0.335319894829097,0.532058940661091,0.925119128658952,0.12165875593305,0,
0.359738246943344,0.713058720420684,0.513341298287535,0.495348309507602,0.613789657756682,0,
0.430170483898743,0.730411919368975,0.265432098765432,0.315861130020422,0.290781913564826,0,
0.350266919235405,0.544609991235758,0.64794902429311,0.506240072611754,0.26280289782663,0,
0.338384708110901,0.58965819456617,0.560533651931501,0.500567279328341,0.32075943042718,0,
0.350266919235405,0.493602103418054,0.827956989247312,0.207851145904243,0.32075943042718,0,
0.437230928190115,0.62874671340929,0.282954998008761,0.414113909689131,0.363727204596553,0,
0.586533494058894,0.574233128834356,0.311429709279172,0.338325391422737,0.302023482388209,0,
0.824005510590666,0.192462751971954,0.342293906810036,0.374858180167915,0.336997252060954,0,
0.364043395901498,0.510254163014899,0.641776184786937,0.48831404583617,0.206345241069198,0,
0.880661270879972,0.179842243645925,0.390083632019116,0.341955979124121,0.30751936047964,0,
0.351988978818667,0.395793163891323,0.878335324571884,0.129566598593147,0.218336247814139,0,
0.710866195970381,0.349167397020158,0.338510553564317,0.342182890855457,0.332250811891082,0,
0.317547787153435,0.388255915863278,0.669056152927121,0.732244157022918,0.170622033474894,0,
0.545204064060617,0.530061349693252,0.45957785742732,0.423190378942591,0.27579315513365,0,
0.33976235577751,0.413146362839614,0.664675428116288,0.538461538461539,0.423432425680739,0,
0.339073531944205,0.296056091148116,0.494623655913978,0.872702518720218,0.144641518860854,0,
0.545204064060617,0.394566170026293,0.328753484667463,0.342182890855457,0.33974519110667,0,
0.435508868606854,0.554776511831727,0.287136598964556,0.413206262763785,0.253559830127404,0,
0.349750301360427,0.52182296231376,0.791716447630426,0.227138643067847,0.251311516362728,0,
0.829860513173756,0.185801928133216,0.342891278375149,0.343090537780803,0.306020484636523,0,
0.484931978646461,0.663453111305872,0.286340103544405,0.410483321987747,0.289782663002748,0,
0.336490442569313,0.651884312007011,0.500199123855038,0.773542092126163,0.184861353984512,0,
0.395729292233511,0.651358457493427,0.521704500199124,0.427955525300658,0.368223832125906,0,
0.335629412777682,0.433654688869413,0.981879729191557,0.167233945995008,0.32075943042718,0,
0.361804718443258,0.639614373356705,0.293906810035842,0.321533923303835,0.297526854858856,0,
0.314448079903565,0.36091148115688,0.658303464755078,0.687996369412299,0.450911816137897,0,
0.548820389185466,0.507624890446976,0.682795698924731,0.299296573632857,0.288033974519111,0,
0.674530738763561,0.198422436459246,0.390681003584229,0.382119355570683,0.343242568073945,0,
0.768038574134665,0.281507449605609,0.39984070091597,0.40639891082369,0.302023482388209,0,
0.374031341484415,0.827519719544259,0.259856630824373,0.500567279328341,0.271046714963777,0,
0.38952987773377,0.76546888694128,0.235364396654719,0.298615838438847,0.273794654009493,0,
0.311692784570346,0.306397896581946,0.509358821186778,0.298615838438847,0.32075943042718,0,
0.350266919235405,0.54478527607362,0.501991238550378,0.423190378942591,0.289782663002748,0,
0.570518339934562,0.707624890446976,0.294305057745918,0.316768776945768,0.379715213589808,0,
0.449285345272946,0.628921998247152,0.267622461170848,0.314499659632403,0.293529852610542,0,
0.508179783020492,0.398071866783523,0.327160493827161,0.379850238257318,0.32075943042718,0,
0.652488376097813,0.350394390885188,0.343090402230187,0.37644656228727,0.336997252060954,0,
0.392112967108662,0.567221735319895,0.288928713659896,0.315861130020422,0.283787159630277,0,
0.351472360943689,0.409114811568799,0.94205495818399,0.183571590651237,0.418436172870347,0,
0.827277423798863,0.184049079754601,0.393667861409797,0.386430678466077,0.29502872845366,0,
0.305665576028931,0.298510078878177,0.424930306650737,0.454958021329703,0.32075943042718,0,
0.738074737385913,0.34022787028922,0.400836320191159,0.395507147719537,0.34599050711966,0,
0.312553814361977,0.310429447852761,0.276782158502589,0.852961198093941,0.32075943042718,0,
0.333735147236094,0.57703768624014,0.505973715651135,0.443839346494214,0.32075943042718,0,
0.464439469605648,0.564943032427695,0.528076463560335,0.694349897889721,0.220834374219335,0,
0.401067676941622,0.7011393514461,0.563719633612107,0.450192874971636,0.276542593055209,0,
0.508524194937145,0.652059596844873,0.271206690561529,0.41093714545042,0.360729452910317,0,
0.357155157568452,0.452410166520596,0.603146156909598,0.489448604492852,0.267049712715463,0,
0.306354399862235,0.297808939526731,0.428912783751493,0.467665078284547,0.470147389457907,0,
0.399517823316687,0.529710780017528,0.247710075667065,0.306103925572952,0.280039970022483,0,
0.421904597899087,0.595267309377739,0.281362007168459,0.314953483095076,0.32075943042718,0,
0.442052695023248,0.669062226117441,0.301075268817204,0.32312230542319,0.292530602048464,0,
0.382469433442397,0.749167397020158,0.559936280366388,0.459723167687769,0.32075943042718,0,
0.358705011193387,0.61840490797546,0.699721226602947,0.526435216700703,0.234074444166875,0,
0.533149646977785,0.616476774758983,0.268418956591,0.498751985477649,0.565575818136398,0,
0.35095574306871,0.30920245398773,0.70310633213859,0.647832992965736,0.566575068698476,0,
0.402100912691579,0.780718667835232,0.251493428912784,0.296573632856819,0.222583062702973,0,
0.309109695195454,0.304995617879053,0.525886101154918,0.644202405264352,0.32075943042718,0,
0.482865507146547,0.59649430324277,0.502588610115492,0.688223281143635,0.242318261304022,0,
0.327019114861374,0.411393514460999,0.553763440860215,0.621057408668028,0.32075943042718,0,
0.416738419149303,0.320595968448729,0.536240541616886,0.817336056274109,0.180114913814639,0,
0.486654038229723,0.607011393514461,0.488251692552768,0.321307011572498,0.273045216087934,0,
0.403134148441536,0.580192813321648,0.53126244524094,0.304742455184933,0.290032475643268,0,
0.34423971069399,0.577563540753725,0.570290720828355,0.554345359655094,0.214339245565826,0,
0.368004132943,0.740929009640666,0.247909199522103,0.624234172906739,0.22458156382713,0,
0.347167211985535,0.475372480280456,0.630227001194743,0.267755842977082,0.269797651761179,0,
0.368520750817978,0.403856266432954,0.906810035842294,0.651463580667121,0.217586809892581,0,
0.52264508351989,0.468361086765995,0.319394663480685,0.338552303154073,0.307019735198601,0,
0.319442052695023,0.368098159509202,0.720430107526882,0.602904470161107,0.458905820634524,0,
0.574134665059411,0.319018404907975,0.386897650338511,0.386430678466077,0.277541843617287,0,
0.31823661098674,0.434706397896582,0.601752289924333,0.281597458588609,0.278541094179365,0,
0.30032719132082,0.285363716038563,0.425328554360812,0.462899931926481,0.213339995003747,0,
0.332013087652833,0.313234005258545,0.687176423735564,0.649648286816428,0.498626030477142,0,
0.552608920268641,0.569500438212095,0.470330545599363,0.654413433174495,0.237571821134149,0,
0.352505596693646,0.611568799298861,0.256272401433692,0.454731109598366,0.279790157381964,0,
0.369898398484588,0.598071866783523,0.282755874153724,0.320399364647152,0.298276292780415,0,
0.379369726192526,0.862401402278703,0.248506571087216,0.470614930791922,0.278291281538846,0,
0.336834854485965,0.290446976336547,0.486459577857427,0.878375312003631,0.136897327004746,0,
0.316342345445152,0.341454864154251,0.635603345280765,0.865668255048786,0.32075943042718,0,
0.489581539521267,0.557756354075373,0.273596176821983,0.321760835035171,0.294279290532101,0,
0.650938522472878,0.356529360210342,0.340900039824771,0.343544361243476,0.336497626779915,0,
0.27208541415533,0.435758106923751,0.635005973715651,0.494440662582255,0.249562827879091,0,
0.316858963320131,0.294127957931639,0.475109518120271,0.484002722940776,0.626030477142143,0,
0.665231617013949,0.385977212971078,0.437873357228196,0.337190832766054,0.305770671996003,0,
0.375753401067677,0.605258545135846,0.749900438072481,0.248922169276152,0.259305520859355,0,
0.354916480110212,0.708676599474146,0.545201115093588,0.25096437485818,0.273295028728454,0,
0.340451179610815,0.421735319894829,0.911987256073278,0.202632176083504,0.32075943042718,0,
0.325469261236439,0.415775635407537,0.678813221823974,0.250737463126844,0.32075943042718,0,
0.364560013776477,0.535845749342682,0.290521704500199,0.3238030406172,0.32075943042718,0,
0.577578784225934,0.498510078878177,0.498407009159697,0.521216246879964,0.527104671496378,0,
0.343723092819012,0.432077125328659,0.864396654719235,0.137735420921262,0.32075943042718,0,
0.85569140692268,0.34022787028922,0.565113500597372,0.313138189244384,0.298026480139895,0,
0.310142930945411,0.290972830850131,0.466547192353644,0.70024960290447,0.608043967024732,0,
0.329774410194593,0.328834355828221,0.569494225408204,0.751758565917858,0.32075943042718,0,
0.399173411400034,0.699211218229623,0.568299482277977,0.442024052643522,0.32075943042718,0,
0.378680902359222,0.610517090271692,0.69852648347272,0.225323349217155,0.32075943042718,0,
0.343206474944033,0.418054338299737,0.887495021903624,0.187202178352621,0.32075943042718,0,
0.477699328396762,0.65749342681858,0.283552369573875,0.31404583616973,0.285286035473395,0,
0.354055450318581,0.496056091148116,0.616089207487057,0.268890401633764,0.272545590806895,0,
0.836232133631824,0.326730937773883,0.403624054161689,0.343998184706149,0.310766924806395,0,
0.349061477527122,0.516213847502191,0.27937076861808,0.431586113002042,0.289283037721709,0,
0.848286550714655,0.195092024539877,0.392871365989646,0.341729067392784,0.338995753185111,0,
0.316686757361805,0.292550394390885,0.496017522899243,0.773315180394826,0.32075943042718,0,
0.338729120027553,0.465907099035933,0.935483870967742,0.152030859995462,0.32075943042718,0,
0.327363526778026,0.50464504820333,0.528076463560335,0.432039936464715,0.366475143642268,0,
0.335629412777682,0.561437335670465,0.54500199123855,0.44474699341956,0.32075943042718,0,
0.334251765111073,0.322173531989483,0.49542015133413,0.874290900839573,0.106170372220834,0,
0.4535904942311,0.761612620508326,0.266626841895659,0.411617880644429,0.465900574569073,0,
0.523161701394868,0.505170902716915,0.461768219832736,0.476060812343998,0.580064951286535,0,
0.323574995694851,0.493602103418054,0.595181202708084,0.495121397776265,0.32075943042718,0,
0.39262958498364,0.787554776511832,0.240143369175627,0.446335375538915,0.277541843617287,0,
0.359221629068366,0.407537248028046,0.864396654719235,0.207851145904243,0.245316012990257,0,
0.333218529361116,0.338650306748466,0.483074472321784,0.722486952575448,0.610791906070447,0,
0.708799724470467,0.386853637160386,0.335722819593787,0.380077149988654,0.312015988008993,0,
0.713104873428621,0.28624014022787,0.390880127439267,0.398683911958248,0.304521608793405,0,
0.481143447563286,0.644522348816827,0.29410593389088,0.400272294077604,0.293779665251062,0,
0.332185293611159,0.427519719544259,0.759259259259259,0.599727705922396,0.32075943042718,0,
0.471499913897021,0.522874671340929,0.551971326164874,0.442931699568868,0.478641019235573,0,
0.725159290511452,0.435056967572305,0.315013938669853,0.339006126616746,0.32075943042718,0,
0.783881522300671,0.301489921121823,0.34010354440462,0.383707737690039,0.345490881838621,0,
0.346650594110556,0.382296231375986,0.790521704500199,0.209212616292262,0.241818636022983,0,
0.397623557775099,0.541980718667835,0.601553166069295,0.564102564102564,0.631776167874094,0,
0.438608575856725,0.518317265556529,0.297690163281561,0.438393464942137,0.222083437421934,0,
0.419838126399173,0.563540753724803,0.452807646356033,0.417971409121852,0.255558331251561,0,
0.342517651110728,0.458720420683611,0.915372361608921,0.180848649875199,0.236572570572071,0,
0.883416566213191,0.328659070990359,0.410593389088013,0.395280235988201,0.392205845615788,0,
0.663509557430687,0.430148992112182,0.434488251692553,0.334921715452689,0.305271046714964,0,
0.358705011193387,0.408588957055215,0.808641975308642,0.580213297027456,0.456657506869848,0,
0.385741346650594,0.391060473269062,0.83273596176822,0.176537326979805,0.242318261304022,0,
0.528844498019631,0.485188431200701,0.305854241338112,0.39664170637622,0.278041468898326,0,
0.35095574306871,0.445749342681858,0.771604938271605,0.524166099387338,0.261304021983512,0,
0.400378853108318,0.556879929886065,0.515133412982875,0.431132289539369,0.367474394204347,0,
0.33976235577751,0.517090271691499,0.276383910792513,0.410029498525074,0.297526854858856,0,
0.510418460478733,0.749868536371604,0.270808442851454,0.318130247333787,0.287534349238071,0,
0.344411916652316,0.520070113935145,0.887295898048586,0.178352620830497,0.32075943042718,0,
0.33976235577751,0.396844872918493,0.784747112704102,0.600181529385069,0.196102922807894,0,
0.639572929223351,0.328133216476775,0.341696535244922,0.345132743362832,0.311266550087434,0,
0.35457206819356,0.331814198071867,0.633412982875348,0.521896982073973,0.530102423182613,0,
0.375236783192698,0.816652059596845,0.237355635205098,0.292489221692761,0.282787909068199,0,
0.315653521611848,0.320771253286591,0.590203106332139,0.581347855684139,0.527104671496378,0,
0.354744274151886,0.637686240140228,0.268418956591,0.293169956886771,0.284036972270797,0,
0.3568107456518,0.553198948290973,0.594583831142971,0.258906285454958,0.32075943042718,0,
0.388324436025486,0.617703768624014,0.295898048586221,0.403902881778988,0.284286784911317,0,
0.700361632512485,0.282208588957055,0.394464356829948,0.394145677331518,0.305770671996003,0,
0.373342517651111,0.518317265556529,0.736758263639984,0.229180848649875,0.32075943042718,0,
0.434820044773549,0.573356704645048,0.294902429311031,0.39664170637622,0.32075943042718,0,
0.486481832271397,0.577212971078002,0.292512943050577,0.329248922169276,0.354484136897327,0,
0.354744274151886,0.681332164767748,0.229390681003584,0.229861583843885,0.662752935298526,0,
0.354916480110212,0.629623137598598,0.57905217045002,0.51236668935784,0.235573320009993,0,
0.424659893232306,0.739526730937774,0.253882915173238,0.304515543453597,0.286784911316513,0,
0.720854141553298,0.325854513584575,0.409597769812824,0.378488767869299,0.338496127904072,0,
0.357327363526778,0.68045574057844,0.269414575866189,0.417744497390515,0.32075943042718,0,
0.493886688479421,0.610517090271692,0.305455993628037,0.331064216019968,0.347989008243817,0,
0.354916480110212,0.546538124452235,0.46694544006372,0.418652144315861,0.353734698975768,0,
0.648183227139659,0.347765118317266,0.340900039824771,0.383027002496029,0.339245565825631,0,
0.608920268641295,0.364241893076249,0.393269613699721,0.389153619242115,0.281289033225081,0,
0.531255381436198,0.719368974583699,0.516726403823178,0.307238484229635,0.288033974519111,0,
0.325297055278113,0.32532865907099,0.889884508164078,0.199001588382119,0.416187859105671,0,
0.668159118305493,0.456091148115688,0.454400637196336,0.455638756523712,0.262303272545591,0,
0.36214913035991,0.459070990359334,0.792512943050577,0.203993646471523,0.32075943042718,0,
0.402273118649905,0.372830850131464,0.750298685782557,0.52598139323803,0.411191606295279,0,
0.822972274840709,0.318667835232252,0.338311429709279,0.339686861810756,0.338496127904072,0,
0.471155501980368,0.589833479404032,0.29410593389088,0.329929657363286,0.345490881838621,0,
0.407267091441364,0.753374233128834,0.275786539227399,0.417063762196506,0.289532850362228,0,
0.397279145858447,0.675372480280456,0.685185185185185,0.252779668708872,0.269547839120659,0,
0.363698983984846,0.45749342681858,0.526284348864994,0.455184933061039,0.286535098675993,0,
0.367487515068021,0.44715162138475,0.288530465949821,0.307011572498298,0.366475143642268,0,
0.381952815567419,0.7011393514461,0.660294703305456,0.515543453596551,0.253559830127404,0,
0.464783881522301,0.64364592462752,0.269215452011151,0.67687769457681,0.223082687984012,0,
0.397451351816773,0.728483786152498,0.275985663082437,0.41479464488314,0.267549337996503,0,
0.404339590149819,0.667134092900964,0.574870569494225,0.286816428409349,0.32075943042718,0,
0.724987084553125,0.284312007011393,0.398048586220629,0.407533469480372,0.303772170871846,0,
0.643878078181505,0.358983347940403,0.413978494623656,0.410483321987747,0.447414439170622,0,
0.88841053900465,0.316389132340053,0.336121067303863,0.383253914227366,0.339245565825631,0,
0.427415188565524,0.544259421560035,0.277379530067702,0.322895393691854,0.347739195603298,0,
0.471327707938695,0.544609991235758,0.312027080844285,0.334467891990016,0.344991256557582,0,
0.581711727225762,0.454513584574934,0.46694544006372,0.448150669389607,0.26929802648014,0,
0.418288272774238,0.763014899211218,0.269215452011151,0.315180394826413,0.366974768923308,0,
0.436714310315137,0.478527607361963,0.311230585424134,0.282505105513955,0.824381713714714,0,
0.267952471155502,0.445398773006135,0.696136997212266,0.238484229634672,0.267299525355983,0,
0.871189943172034,0.31603856266433,0.581242532855436,0.298842750170184,0.296527604296777,0,
0.5167900809368,0.673444347063979,0.576065312624452,0.484229634672113,0.279290532100924,0,
0.4200103323575,0.560385626643295,0.299283154121864,0.325164511005219,0.299775168623532,0,
0.527294644394696,0.460473269062226,0.459776981282358,0.446108463807579,0.251811141643767,0,
0.417943860857586,0.506222611744084,0.475308641975309,0.412298615838439,0.374219335498376,0,
0.447563285689685,0.566345311130587,0.281162883313421,0.442024052643522,0.618036472645516,0,
0.345272946443947,0.727081507449606,0.278773397052967,0.26072157930565,0.627529352985261,0,
0.351300154985362,0.547589833479404,0.841497411389884,0.210800998411618,0.248563577317012,0,
0.753056655760289,0.378264680105171,0.593986459577857,0.288858633991377,0.289782663002748,0,
0.504046840020665,0.519018404907975,0.303663878932696,0.400272294077604,0.297526854858856,0,
0.482521095229895,0.719894829097283,0.275786539227399,0.312230542319038,0.287034723957032,0,
0.491303599104529,0.554951796669588,0.311230585424134,0.333333333333333,0.343492380714464,0,
0.365248837609781,0.638913234005259,0.582238152130625,0.482641252552757,0.257806645016238,0,
0.367143103151369,0.420333041191937,0.826363998407009,0.224415702291808,0.242568073944542,0,
0.359221629068366,0.495004382120947,0.604540023894863,0.470614930791922,0.384211841119161,0,
0.353366626485276,0.435933391761613,0.689167662285942,0.499659632402995,0.187109667749188,0,
0.580161873600826,0.622787028921998,0.47152528872959,0.410710233719083,0.286035473394954,0,
0.81711727225762,0.358983347940403,0.453803265631223,0.484229634672113,0.273295028728454,0,
0.267435853280523,0.411919368974584,0.753285543608124,0.563194917177218,0.32075943042718,0,
0.42087136214913,0.496406660823839,0.544006371963361,0.457907873837077,0.37846615038721,0,
0.892543482004477,0.316564417177914,0.336320191158901,0.383253914227366,0.341244066949788,0,
0.53383847081109,0.409640666082384,0.421943448825169,0.394826412525528,0.279290532100924,0,
0.374547959359394,0.747589833479404,0.228195937873357,0.302473337871568,0.283537346989758,0,
0.729120027552953,0.279404031551271,0.389486260454002,0.395053324256864,0.304521608793405,0,
0.618219390390907,0.409465381244522,0.458582238152131,0.441797140912185,0.276042967774169,0,
0.599448940933356,0.582296231375986,0.29131819992035,0.327206716587248,0.294529103172621,0,
0.407267091441364,0.757405784399649,0.537236160892075,0.288631722260041,0.498875843117662,0,
0.345961770277252,0.679053461875548,0.268020708880924,0.470841842523259,0.278790906819885,0,
0.348028241777165,0.517966695880806,0.789326961369972,0.23144996596324,0.252060954284287,0,
0.846908903048045,0.168799298860649,0.336917562724014,0.380077149988654,0.302772920309768,0,
0.479421387980024,0.367046450482033,0.332536837913182,0.37644656228727,0.340494629028229,0,
0.420182538315826,0.626643295354952,0.239147749900438,0.302019514408895,0.284536597551836,0,
0.650594110556225,0.393514460999124,0.394663480684986,0.387338325391423,0.341493879590307,0,
0.677458240055106,0.357230499561788,0.441656710473915,0.309961425005673,0.430177366974769,0,
0.347167211985535,0.470990359333918,0.758462763839108,0.21715452688904,0.444916312765426,0,
0.365593249526434,0.353724802804557,0.859020310633214,0.572271386430678,0.510117411941044,1,
0.384363698983985,0.333041191936897,0.775189167662286,0.674154753800772,0.68573569822633,1,
0.322541759944894,0.343032427695004,0.688769414575866,0.566825504878602,0.214589058206345,1,
0.58584467022559,0.439263803680982,0.592592592592593,0.520308599954618,0.184111916062953,1,
0.406406061649733,0.387730061349693,0.672043010752688,0.262309961425006,0.406944791406445,1,
0.504735663853969,0.504995617879053,0.781561131023497,0.26594054912639,0.266050462153385,1,
0.360771482693301,0.324802804557406,0.55694942254082,0.577717267982755,0.32075943042718,1,
0.381608403650766,0.441191936897458,0.549183592194345,0.532561833446789,0.143642268298776,1,
0.330463234027897,0.392462751971954,0.550378335324572,0.233719083276605,0.541343992005995,1,
0.367831926984674,0.361262050832603,0.499402628434886,0.744043567052417,0.067949038221334,1,
0.318581022903392,0.3011393514461,0.517921146953405,0.86022237349671,0.14763927054709,1,
0.539865679352506,0.67239263803681,0.579450418160096,0.310642160199682,0.293030227329503,1,
0.31823661098674,0.334794040315513,0.453006770211071,0.520081688223281,0.32075943042718,1,
0.35767177544343,0.373006134969325,0.839107925129431,0.190152030859995,0.194354234324257,1,
0.353366626485276,0.42874671340929,0.690362405416169,0.214885409575675,0.239820134898826,1,
0.309798519028758,0.370902716914987,0.197132616487455,0.762877240753347,0.170372220834374,1,
0.332013087652833,0.35056967572305,0.674233373158104,0.655321080099841,0.32075943042718,1,
0.366626485276391,0.448378615249781,0.865392273994425,0.177671885636487,0.476392705470897,1,
0.267435853280523,0.180543382997371,0.269812823576264,0.632176083503517,0.32075943042718,1,
0.377819872567591,0.62646801051709,0.55973715651135,0.625822555026095,0.21808643517362,1,
0.314620285861891,0.359509202453988,0.421146953405018,0.476741547538008,0.32075943042718,1,
0.493542276562769,0.474846625766871,0.742731979291119,0.518947129566599,0.414439170622033,1,
0.335629412777682,0.299386503067485,0.506172839506173,0.55593374177445,0.497626779915064,1,
0.272429826071982,0.341279579316389,0.654121863799283,0.574086680281371,0.32075943042718,1,
0.340795591527467,0.611393514460999,0.53126244524094,0.603812117086453,0.227079690232326,1,
0.32271396590322,0.360035056967572,0.71784149741139,0.620149761742682,0.164126904821384,1,
0.392973996900293,0.456266432953549,0.711270410195141,0.694122986158384,0.220834374219335,1,
0.352850008610298,0.373006134969325,0.506371963361211,0.629906966190152,0.656507619285536,1,
0.321680730153263,0.356003505696757,0.513938669852648,0.646471522577717,0.714963777167125,1,
0.336834854485965,0.448729184925504,0.769215452011151,0.234626730201951,0.247814139395453,1,
0.333907353194421,0.364592462751972,0.169454400637196,0.791468118901747,0.32075943042718,1,
0.409505768899604,0.347414548641542,0.727996814018319,0.752439301111867,0.53210092430677,1,
0.404856208024798,0.70692375109553,0.541019514137794,0.563648740639891,0.240819385460904,1,
0.349750301360427,0.360385626643295,0.495619275189168,0.662355343771273,0.655258556082938,1,
0.414327535732736,0.37931638913234,0.64615690959777,0.566598593147266,0.757431926055458,1,
0.395040468400207,0.330236634531113,0.819195539625647,0.61311549807125,0.459905071196603,1,
0.365421043568107,0.491673970201577,0.701911589008363,0.620830496936692,0.194604046964776,1,
0.324780437403134,0.317966695880806,0.420549581839904,0.515997277059224,0.32075943042718,1,
0.411744446357844,0.37581069237511,0.765432098765432,0.204674381665532,0.150137396952286,1,
0.632168073015326,0.636108676599474,0.280963759458383,0.327660540049921,0.298526105420934,1,
0.39262958498364,0.44715162138475,0.74352847471127,0.76401179941003,0.191856107919061,1,
0.326674702944722,0.429798422436459,0.487056949422541,0.628999319264806,0.528353734698976,1,
0.37024281040124,0.358983347940403,0.741935483870968,0.637395053324257,0.71171621284037,1,
0.348889271568796,0.332690622261174,0.424731182795699,0.609711822101203,0.32075943042718,1,
0.335457206819356,0.33794916739702,0.498606133014735,0.584070796460177,0.620534599050712,1,
0.339245737902531,0.374934268185802,0.78215850258861,0.552076242341729,0.424431676242818,1,
0.443774754606509,0.277300613496932,0.845280764635603,0.20739732244157,0.216837371971022,1,
0.390735319442053,0.391761612620508,0.765033851055356,0.238257317903336,0.264301773669748,1,
0.252281728947822,0.108326029798422,0.112504978096376,0.101202632176084,0.175868098925806,1,
0.540210091269158,0.567397020157756,0.678215850258861,0.486498751985478,0.279540344741444,1,
0.282762183571552,0.187730061349693,0.273795300677021,0.142273655547992,0.32075943042718,1,
0.318753228861719,0.32182296231376,0.463560334528076,0.287950987066031,0.556582563077692,1,
0.391251937317031,0.46205083260298,0.654520111509359,0.798048559110506,0.195603297526855,1,
0.376614430859308,0.562313759859772,0.666069295101553,0.728386657590197,0.201848613539845,1,
0.347339417943861,0.42874671340929,0.762046993229789,0.162695711368278,0.32075943042718,1,
0.406750473566385,0.383698510078878,0.634010354440462,0.546403449058316,0.12190856857357,1,
0.490098157396246,0.482559158632778,0.694544006371963,0.253460403902882,0.53210092430677,1,
0.325469261236439,0.311305872042068,0.474711270410195,0.727252098933515,0.125655758181364,1,
0.490270363354572,0.337423312883436,0.704898446833931,0.503063308373043,0.259055708218836,1,
0.412088858274496,0.34250657318142,0.505575467941059,0.83027002496029,0.179865101174119,1,
0.319786464611676,0.322173531989483,0.594384707287933,0.266621284320399,0.406195353484886,1,
0.305148958153952,0.298510078878177,0.493827160493827,0.796687088722487,0.176367724206845,1,
0.31823661098674,0.350394390885188,0.580446037435285,0.705014749262537,0.482638021483887,1,
0.318753228861719,0.376336546888694,0.488450816407806,0.761969593828001,0.113914564076942,1,
0.32271396590322,0.397020157756354,0.465153325368379,0.607669616519174,0.542093429927554,1,
0.468572412605476,0.319193689745837,0.707487056949422,0.560018152938507,0.259805146140395,1,
0.329946616152919,0.291498685363716,0.492831541218638,0.72952121624688,0.578066450162378,1,
0.332357499569485,0.363891323400526,0.947033054559936,0.138643067846608,0.449662752935299,1,
0.336318236610987,0.316914986853637,0.58641975308642,0.130247333787157,0.904571571321509,1,
0.279145858446702,0.35863277826468,0.636200716845878,0.641252552756978,0.52535598301274,1,
0.36352677802652,0.370201577563541,0.701513341298287,0.588382119355571,0.32075943042718,1,
0.346133976235578,0.44487291849255,0.546794105933891,0.870206489675516,0.178616037971521,1,
0.319269846736697,0.345311130587204,0.545400238948626,0.823462673020195,0.116412690482138,1,
0.337179266402618,0.35512708150745,0.529470330545599,0.842750170183799,0.32075943042718,1,
0.327535732736353,0.317791411042945,0.468140183193947,0.692988427501702,0.118411191606295,1,
0.324436025486482,0.355652936021034,0.534050179211469,0.780349444066258,0.32075943042718,1,
0.339417943860858,0.337072743207713,0.688968538430904,0.598366235534377,0.32075943042718,1,
0.23712760461512,0.350744960560911,0.601354042214257,0.154526889040163,0.136397701723707,1,
0.332185293611159,0.373181419807187,0.658701712465153,0.179260267755843,0.710217336997252,1,
0.39400723265025,0.310078878177038,0.801274392672242,0.643521670070343,0.638021483887085,1,
0.327363526778026,0.30692375109553,0.518717642373556,0.812797821647379,0.32075943042718,1,
0.341484415360771,0.431726555652936,0.899442453205894,0.208758792829589,0.51311516362728,1,
0.382469433442397,0.465907099035933,0.832138590203106,0.560018152938507,0.245815638271297,1,
0.427931806440503,0.727081507449606,0.608721624850657,0.517358747447243,0.412440669497877,1,
0.380058550025831,0.436459246275197,0.536837913181999,0.543453596550942,0.138396202847864,1,
0.363354572068193,0.610166520595968,0.617881322182397,0.548445654640345,0.575568323757182,1,
0.44911313931462,0.367922874671341,0.751095181202708,0.773315180394826,0.194853859605296,1,
0.374031341484415,0.793865030674847,0.226403823178017,0.500340367597005,0.434923807144642,1,
0.374547959359394,0.405083260297984,0.700517722023098,0.124574540503744,0.114664001998501,1,
0.375925607026003,0.394916739702016,0.67463162086818,0.512820512820513,0.235823132650512,1,
0.353711038401929,0.415249780893953,0.884109916367981,0.193555706830043,0.22458156382713,1,
0.338212502152574,0.396669588080631,0.708283552369574,0.585205355116859,0.607544341743692,1,
0.313931462028586,0.310955302366345,0.510951812027081,0.818924438393465,0.112665500874344,1,
0.349233683485449,0.423663453111306,0.770011947431302,0.599954617653733,0.581314014489133,1,
0.32271396590322,0.356879929886065,0.83731581043409,0.159745858860903,0.751186610042468,1,
0.366970897193043,0.69307624890447,0.74173636001593,0.252325845246199,0.272295778166375,1,
0.39624591010849,0.391235758106924,0.782357626443648,0.761969593828001,0.191106669997502,1,
0.330291028069571,0.290622261174408,0.456192751891677,0.610619469026549,0.781663752185861,1,
0.332013087652833,0.380543382997371,0.563520509757069,0.930565010211028,0.0774419185610792,1,
0.31152057861202,0.354776511831727,0.427120669056153,0.490129339686862,0.32075943042718,1,
0.343034268985707,0.288168273444347,0.504380724810832,0.639664170637622,0.548838371221584,1,
0.332874117444464,0.327782646801052,0.486857825567503,0.65736328568187,0.32075943042718,1,
0.314620285861891,0.36091148115688,0.433890880127439,0.639210347174949,0.32075943042718,1,
0.413983123816084,0.40578439964943,0.699123855037833,0.694576809621057,0.0409692730452161,1,
0.361460306526606,0.414723926380368,0.846276383910793,0.562741093714545,0.423932050961779,1,
0.47735491648011,0.388606485539001,0.871963361210673,0.207170410710234,0.227579315513365,1,
0.329257792319614,0.363365468886941,0.54320987654321,0.269571136827774,0.623032725455908,1,
0.51816772860341,0.367221735319895,0.717642373556352,0.73474018606762,0.217336997252061,1,
0.304632340278974,0.203505696757231,0.448227797690163,0.266167460857726,0.32075943042718,1,
0.370070604442914,0.642594215600351,0.630824372759857,0.678919900158838,0.232325755683238,1,
0.331324263819528,0.330411919368975,0.490043807248108,0.712502836396642,0.32075943042718,1,
0.320303082486654,0.331814198071867,0.104141776184787,0.189017472203313,0.232325755683238,1,
0.323919407611503,0.316564417177914,0.727996814018319,0.148854095756751,0.22408193854609,1,
0.333218529361116,0.35056967572305,0.56710473914775,0.660993873383254,0.170871846115413,1,
0.340967797485793,0.352673093777388,0.786340103544405,0.20285908781484,0.439920059955034,1,
0.458412261064233,0.524276950043821,0.608522500995619,0.1976401179941,0.581314014489133,1,
0.328913380402962,0.363891323400526,0.946037435284747,0.582482414340821,0.198101423932051,1,
0.276907180988462,0.164066608238387,0.256073277578654,0.203312911277513,0.32075943042718,1,
0.319786464611676,0.345135845749343,0.454400637196336,0.531427274790107,0.32075943042718,1,
0.429998277940417,0.451533742331288,0.652927120669056,0.256410256410256,0.277541843617287,1,
0.306871017737214,0.292725679228747,0.448426921545201,0.171999092353075,0.848613539845116,1,
0.3903909075254,0.391761612620508,0.654719235364397,0.218969820739732,0.197851611291531,1,
0.465644911313931,0.324978089395267,0.683193946634807,0.790787383707738,0.50012490632026,1,
0.345617358360599,0.382120946538124,0.825169255276782,0.538461538461539,0.162628028978266,1,
0.377647666609265,0.622261174408414,0.603743528474711,0.672793283412752,0.210342243317512,1,
0.400206647149991,0.45749342681858,0.616487455197133,0.538007714998865,0.665500874344242,1,
0.280867918029964,0.321998247151621,0.524691358024691,0.68595416383027,0.177866600049963,1,
0.402100912691579,0.409815950920245,0.787335722819594,0.62741093714545,0.528603547339495,1,
0.339417943860858,0.344960560911481,0.523297491039426,0.876786929884275,0.0549587809143143,1,
0.30928190115378,0.319894829097283,0.530266825965751,0.551395507147719,0.32075943042718,1,
0.318408816945066,0.322524101665206,0.486857825567503,0.660993873383254,0.533349987509368,1,
0.312553814361977,0.322699386503067,0.508960573476703,0.523258452461992,0.32075943042718,1,
0.347683829860513,0.448378615249781,0.514536041417762,0.673247106875425,0.137147139645266,1,
0.406578267608059,0.524452234881683,0.577857427319793,0.274563194917177,0.281039220584562,1,
0.327535732736353,0.337072743207713,0.660493827160494,0.505786249149081,0.605545840619535,1,
0.471672119855347,0.630674846625767,0.70131421744325,0.27501701837985,0.278790906819885,1,
0.340967797485793,0.329535495179667,0.5073675826364,0.796006353528477,0.125156132900325,1,
0.351988978818667,0.448729184925504,0.818598168060534,0.572498298162015,0.595553334998751,1,
0.321852936111589,0.360385626643295,0.59378733572282,0.802132970274563,0.129902573070197,1,
0.367831926984674,0.333216476774759,0.573476702508961,0.883821193555707,0.32075943042718,1,
0.385569140692268,0.357230499561788,0.720230983671844,0.614476968459269,0.677741693729703,1,
0.377131048734286,0.427695004382121,0.711668657905217,0.589970501474926,0.576567574319261,1,
0.360599276734975,0.704820333041192,0.2463162086818,0.718402541411391,0.206844866350237,1,
0.392973996900293,0.302892199824715,0.737753882915173,0.589516678012253,0.32075943042718,1,
0.449629757189599,0.414022787028922,0.485065710872162,0.542092126162923,0.527354484136897,1,
0.332874117444464,0.352673093777388,0.549382716049383,0.83027002496029,0.0959280539595304,1,
0.259169967280868,0.382296231375986,0.69573874950219,0.181983208531881,0.201598800899326,1,
0.395384880316859,0.31954425942156,0.661887694145759,0.506693896074427,0.496877341993505,1,
0.335629412777682,0.401577563540754,0.778176025487853,0.601769911504425,0.32075943042718,1,
0.368692956776304,0.371779141104295,0.744125846276384,0.577036532788745,0.722208343742193,1,
0.36214913035991,0.42418930762489,0.838908801274393,0.20285908781484,0.32075943042718,1,
0.484931978646461,0.619281332164768,0.661887694145759,0.266394372589063,0.284036972270797,1,
0.316170139486826,0.358282208588957,0.59099960175229,0.789199001588382,0.32075943042718,1,
0.371103840192871,0.307975460122699,0.702907208283552,0.695484456546403,0.744941294029478,1,
0.371792664026175,0.327432077125329,0.753086419753086,0.609711822101203,0.124656507619286,1,
0.343895298777338,0.330061349693252,0.46694544006372,0.610846380757885,0.0674494129402948,1,
0.393318408816945,0.380368098159509,0.754281162883313,0.571817562968005,0.660004996252811,1,
0.310315136903737,0.311831726555653,0.466348068498606,0.46358066712049,0.244566575068699,1,
