540,5,2,
0.368692956776304,0.555477651183173,0.299084030266826,0.410710233719083,0.296777416937297,0,
0.365248837609781,0.511130587204207,0.478096375945838,0.307465395960971,0.292530602048464,0,
0.84088169450663,0.186503067484663,0.343289526085225,0.343998184706149,0.334998750936797,0,
0.547959359393835,0.623488168273444,0.253484667463162,0.311322895393692,0.291531351486385,0,
0.546065093852247,0.468185801928133,0.451413779370769,0.393918765600182,0.264301773669748,0,
0.439125193731703,0.649255039439088,0.275786539227399,0.445200816882233,0.665001249063203,0,
0.562252453934906,0.319368974583699,0.387495021903624,0.383707737690039,0.27579315513365,0,
0.472016531771999,0.518492550394391,0.463560334528076,0.435897435897436,0.255308518611042,0,
0.369381780609609,0.655565293602103,0.244922341696535,0.307011572498298,0.287534349238071,0,
0.410366798691235,0.847852760736196,0.251095181202708,0.431132289539369,0.389457906570072,0,
0.335801618736008,0.320245398773006,0.799880525686977,0.547311095983662,0.47464401698726,0,
0.412949888066127,0.754951796669588,0.527479091995221,0.289085545722714,0.281289033225081,0,
0.756328568968486,0.281332164767748,0.387495021903624,0.385523031540731,0.306769922558081,0,
0.525744790769761,0.772129710780017,0.536638789326961,0.437712729748128,0.32075943042718,0,
0.440847253314965,0.699035933391762,0.283950617283951,0.317903335602451,0.288033974519111,0,
0.387118994317203,0.68501314636284,0.553564317005177,0.467438166553211,0.270547089682738,0,
0.39262958498364,0.678001752848379,0.294902429311031,0.321307011572498,0.35898076442668,0,
0.437747546065094,0.560385626643295,0.294902429311031,0.432947583390061,0.236322757931551,0,
0.501808162562425,0.709903593339176,0.546395858223815,0.430905377808033,0.286285286035473,0,
0.426381952815567,0.620858895705521,0.24910394265233,0.312230542319038,0.359730202348239,0,
0.540898915102462,0.402629272567923,0.441855834328953,0.418879056047198,0.279790157381964,0,
0.316170139486826,0.292900964066608,0.469334926324174,0.47401860676197,0.611791156632526,0,
0.331840881694507,0.45521472392638,0.678016726403823,0.224642614023145,0.242068448663502,0,
0.366109867401412,0.29535495179667,0.517323775388291,0.601542999773088,0.614539095678241,0,
0.347339417943861,0.37353198948291,0.751692552767822,0.157930565010211,0.226330252310767,0,
0.48183227139659,0.675021910604733,0.27757865392274,0.421375085091899,0.575318511116662,0,
0.704494575512313,0.344609991235758,0.341696535244922,0.388245972316769,0.30751936047964,0,
0.414671947649389,0.308851884312007,0.54320987654321,0.297481279782165,0.296277791656258,0,
0.328741174444636,0.420508326029798,0.774990043807248,0.214431586113002,0.261304021983512,0,
0.337007060444291,0.536546888694128,0.548586220629231,0.525300658044021,0.248063952035973,0,
0.583433786809024,0.526029798422436,0.67642373556352,0.279782164737917,0.279790157381964,0,
0.434992250731875,0.560736196319018,0.300677021107129,0.411390968913093,0.240319760179865,0,
0.311003960737042,0.288343558282209,0.469733174034249,0.314499659632403,0.212090931801149,0,
0.318753228861719,0.333742331288344,0.62226204699323,0.611980939414568,0.32075943042718,0,
0.316858963320131,0.334268185801928,0.648944643568299,0.769684592693442,0.19260554584062,0,
0.311864990528672,0.330411919368975,0.633612106730386,0.82051282051282,0.155383462403198,0,
0.394868262441881,0.636985100788782,0.488849064117881,0.444520081688223,0.32075943042718,0,
0.309626313070432,0.299386503067485,0.418558343289526,0.252325845246199,0.32075943042718,0,
0.635267780265197,0.674320771253287,0.291517323775388,0.327660540049921,0.298276292780415,0,
0.519717582228345,0.716914986853637,0.267821585025886,0.319491717721806,0.289532850362228,0,
0.550198036852075,0.634881682734443,0.481083233771406,0.409802586793737,0.354234324256807,0,
0.477182710521784,0.674496056091148,0.29410593389088,0.324256864079873,0.268798401199101,0,
0.351127949027036,0.396143733567046,0.627240143369176,0.282958928976628,0.272295778166375,0,
0.33752367831927,0.390885188431201,0.907606531262445,0.181529385069208,0.32075943042718,0,
0.411744446357844,0.694653812445224,0.273397052966945,0.413886997957794,0.263302523107669,0,
0.365593249526434,0.54478527607362,0.224412584627638,0.470161107329249,0.597052210841869,0,
0.366798691234717,0.678001752848379,0.578653922739944,0.249375992738825,0.32075943042718,0,
0.420182538315826,0.79421560035057,0.209677419354839,0.445654640344906,0.366475143642268,0,
0.418460478732564,0.473269062226117,0.312425328554361,0.334014068527343,0.306270297277042,0,
0.254003788531083,0.610867659947415,0.270808442851454,0.299977308826866,0.32075943042718,0,
0.181677286034097,0.543032427695004,0.284747112704102,0.314499659632403,0.289782663002748,0,
0.466678147063888,0.405609114811569,0.31521306252489,0.336963921034717,0.32075943042718,0,
0.340278973652488,0.32760736196319,0.756670649143767,0.563421828908555,0.207844116912316,0,
0.512140520061994,0.461700262927257,0.318199920350458,0.340821420467438,0.306020484636523,0,
0.334596177027725,0.510429447852761,0.726204699322979,0.618561379623326,0.601299025730702,0,
0.88703289133804,0.180718667835232,0.498805256869773,0.405037440435671,0.303022732950287,0,
0.318925434820045,0.307624890446976,0.531461569095978,0.885182663943726,0.131901074194354,0,
0.49888066127088,0.477475898334794,0.433293508562326,0.40049920580894,0.350487134649013,0,
0.338556914069227,0.336546888694128,0.529271206690561,0.229634672112548,0.809392955283537,0,
0.311348372653694,0.319018404907975,0.467343687773795,0.786476060812344,0.747189607794154,0,
0.773721370759428,0.329184925503944,0.4778972520908,0.514408894939868,0.420684486635024,0,
0.406750473566385,0.622261174408414,0.726403823178017,0.264125255275698,0.261054209342993,0,
0.446013432064749,0.628921998247152,0.258064516129032,0.307919219423644,0.3592305770672,0,
0.402789736524884,0.443120070113935,0.753882915173238,0.203993646471523,0.260304771421434,0,
0.329257792319614,0.41612620508326,0.754082039028276,0.235988200589971,0.32075943042718,0,
0.37248148785948,0.601752848378615,0.281561131023497,0.316314953483095,0.296277791656258,0,
0.329085586361288,0.419631901840491,0.709677419354839,0.230769230769231,0.32075943042718,0,
0.693645600137765,0.334618755477651,0.341696535244922,0.376219650555934,0.311266550087434,0,
0.359221629068366,0.567572304995618,0.492831541218638,0.439074200136147,0.282787909068199,0,
0.347511623902187,0.551270815074496,0.286539227399442,0.321987746766508,0.32075943042718,0,
0.433270191148614,0.593689745836985,0.273397052966945,0.315407306557749,0.292530602048464,0,
0.564491131393146,0.622611744084137,0.264436479490243,0.407533469480372,0.29477891581314,0,
0.432409161356983,0.73567046450482,0.261449621664675,0.306103925572952,0.417686734948788,0,
0.333735147236094,0.550043821209465,0.498805256869773,0.417063762196506,0.350487134649013,0,
0.326674702944722,0.480806310254163,0.773397052966945,0.166326299069662,0.246065450911816,0,
0.332013087652833,0.315162138475022,0.690959776981282,0.627184025414114,0.496627529352985,0,
0.374892371276046,0.399649430324277,0.68478693747511,0.282051282051282,0.279290532100924,0,
0.323058377819873,0.403856266432954,0.855436081242533,0.199909235307465,0.32075943042718,0,
0.329257792319614,0.623137598597721,0.245718837116687,0.425686407987293,0.365725705720709,0,
0.49078698122955,0.672567922874671,0.273397052966945,0.508282278193783,0.457656757431926,0,
0.40743929739969,0.794916739702016,0.26284348864994,0.306557749035625,0.407944041968524,0,
0.621663509557431,0.452234881682734,0.321186778176025,0.336737009303381,0.305271046714964,0,
0.464611675563974,0.641717791411043,0.270011947431302,0.308146131154981,0.286535098675993,0,
0.334940588944377,0.547414548641542,0.783950617283951,0.188109825277967,0.25655758181364,0,
0.382297227484071,0.766871165644172,0.560533651931501,0.461538461538462,0.32075943042718,0,
0.372309281901154,0.708150744960561,0.539028275587415,0.467891990015884,0.381214089432925,0,
0.338384708110901,0.376161262050833,0.864794902429311,0.216473791695031,0.235823132650512,0,
0.335801618736008,0.292900964066608,0.50457984866587,0.848422963467211,0.32075943042718,0,
0.336834854485965,0.536371603856266,0.633612106730386,0.533469480372135,0.32075943042718,0,
0.342517651110728,0.378439964943032,0.714456391875747,0.548218742909008,0.442917811641269,0,
0.627174100223868,0.339000876424189,0.390282755874154,0.404810528704334,0.286035473394954,0,
0.325985879111417,0.433654688869413,0.699123855037833,0.240072611754028,0.273794654009493,0,
0.507318753228862,0.653637160385627,0.261648745519713,0.317903335602451,0.32075943042718,0,
0.31375925607026,0.336371603856266,0.6194743130227,0.936464715225777,0.10866849862603,0,
0.332874117444464,0.490096406660824,0.773596176821983,0.588382119355571,0.599050711966026,0,
0.336318236610987,0.463453111305872,0.662883313420948,0.255729521216247,0.267299525355983,0,
0.394696056483554,0.628396143733567,0.274990043807248,0.425686407987293,0.26305271046715,0,
0.517478904770105,0.478702892199825,0.303066507367583,0.324256864079873,0.293529852610542,0,
0.416049595315998,0.539351446099912,0.532656312226205,0.307465395960971,0.353734698975768,0,
0.314448079903565,0.309027169149869,0.470728793309438,0.625822555026095,0.633025231076692,0,
0.602893060099879,0.324627519719544,0.395459976105137,0.412298615838439,0.289782663002748,0,
0.319269846736697,0.325854513584575,0.548187972919156,0.737236215112321,0.185360979265551,0,
0.712416049595316,0.411042944785276,0.307048984468339,0.400045382346267,0.370721958531102,0,
0.35904942311004,0.602629272567923,0.280565511748307,0.407306557749036,0.28878341244067,0,
0.851730669881178,0.176511831726556,0.335125448028674,0.383934649421375,0.305770671996003,0,
0.407955915274668,0.591411042944785,0.539625647152529,0.302473337871568,0.289782663002748,0,
0.311692784570346,0.370552147239264,0.711270410195141,0.190605854322668,0.42917811641269,0,
0.758222834510074,0.191235758106924,0.400637196336121,0.385749943272067,0.285036222832875,0,
0.581539521267436,0.454513584574934,0.46694544006372,0.448150669389607,0.26929802648014,0,
0.417771654899259,0.706047326906223,0.58821186778176,0.453142727479011,0.274793904571571,0,
0.847425520923024,0.32182296231376,0.332935085623258,0.395053324256864,0.305770671996003,0,
0.32495264336146,0.323400525854514,0.504181600955794,0.181075561606535,0.789657756682488,0,
0.576028930600999,0.407186678352323,0.462962962962963,0.327660540049921,0.30776917312016,0,
0.33752367831927,0.345661700262927,0.516129032258065,0.626730201951441,0.32075943042718,0,
0.491992422937834,0.382471516213848,0.749502190362405,0.207170410710234,0.255558331251561,0,
0.430859307732047,0.762313759859772,0.234169653524492,0.49217154526889,0.392455658256308,0,
0.500602720854141,0.508851884312007,0.309637594583831,0.435216700703426,0.662003497376967,0,
0.306354399862235,0.289921121822962,0.439864595778574,0.508282278193783,0.32075943042718,0,
0.383330463234028,0.612971078001753,0.252090800477897,0.437712729748128,0.32075943042718,0,
0.850180816256242,0.323926380368098,0.578853046594982,0.29906966190152,0.296777416937297,0,
0.786292405717238,0.328133216476775,0.438470728793309,0.576355797594736,0.256807394454159,0,
0.589288789392113,0.323225241016652,0.821784149741139,0.249829816201498,0.273045216087934,0,
0.379369726192526,0.702541630148992,0.240740740740741,0.295665985931473,0.276292780414689,0,
0.483898742896504,0.360385626643295,0.337116686579052,0.378942591331972,0.344241818636023,0,
0.340623385569141,0.548115687992989,0.572281959378734,0.464942137508509,0.273045216087934,0,
0.311176166695368,0.301314636283961,0.437873357228196,0.557068300431132,0.601798651011741,0,
0.545204064060617,0.530061349693252,0.45957785742732,0.422963467211255,0.27579315513365,0,
0.313242638195282,0.374057843996494,0.620669056152927,0.758565917857953,0.32075943042718,0,
0.343034268985707,0.615950920245399,0.772202309836718,0.514408894939868,0.32075943042718,0,
0.50111933872912,0.646976336546889,0.298088410991637,0.323576128885863,0.379465400949288,0,
0.267952471155502,0.459070990359334,0.881720430107527,0.171318357159065,0.202348238820884,0,
0.486654038229723,0.336196319018405,0.428116288331342,0.412298615838439,0.276792405695728,0,
0.774237988634407,0.329184925503944,0.4778972520908,0.514635806671205,0.420934299275543,0,
0.403650766316514,0.567747589833479,0.298884906411788,0.3238030406172,0.354733949537847,0,
0.580161873600826,0.551971954425942,0.296495420151334,0.332425686407987,0.297277042218336,0,
0.765455484759773,0.193339176161262,0.39705296694544,0.380757885182664,0.338995753185111,0,
0.336318236610987,0.303768624014023,0.456192751891677,0.714318130247334,0.738446165375968,0,
0.453246082314448,0.635758106923751,0.265432098765432,0.312911277513047,0.32075943042718,0,
0.320130876528328,0.2988606485539,0.454599761051374,0.22237349670978,0.768923307519361,0,
0.54055450318581,0.421735319894829,0.425925925925926,0.407760381211709,0.296027979015738,0,
0.713621491303599,0.28045574057844,0.390681003584229,0.394145677331518,0.305271046714964,0,
0.444291372481488,0.608238387379492,0.471724412584628,0.428182437031995,0.262303272545591,0,
0.34871706561047,0.36546888694128,0.780963759458383,0.528023598820059,0.421933549837622,0,
0.330979851902876,0.499211218229623,0.626045400238949,0.242114817336056,0.32075943042718,0,
0.348544859652144,0.684136722173532,0.265232974910394,0.481960517358747,0.275043717212091,0,
0.691234716721199,0.350744960560911,0.344882516925528,0.345359655094168,0.332750437172121,0,
0.850525228172895,0.346538124452235,0.335324571883712,0.343544361243476,0.335248563577317,0,
0.593938350266919,0.367747589833479,0.333134209478295,0.385069208078058,0.341743692230827,0,
0.336834854485965,0.336722173531989,0.537634408602151,0.828227819378262,0.144391706220335,0,
0.345789564318925,0.552497808939527,0.271804062126643,0.438166553210801,0.290282288283787,0,
0.572068193559497,0.466608238387379,0.322779769016328,0.388245972316769,0.358481139145641,0,
0.347167211985535,0.361612620508326,0.684388689765034,0.644429316995689,0.586060454659006,0,
0.443258136731531,0.450131463628396,0.306849860613301,0.398457000226912,0.293779665251062,0,
0.469605648355433,0.708676599474146,0.277379530067702,0.587701384161561,0.22408193854609,0,
0.832960220423627,0.185977212971078,0.384508164078057,0.379396414794645,0.300274793904572,0,
0.889788186671259,0.176687116564417,0.444245320589407,0.450646698434309,0.293030227329503,0,
0.475460650938522,0.788781770376862,0.237355635205098,0.304742455184933,0.361229078191356,0,
0.659721026347512,0.450832602979842,0.45221027479092,0.460857726344452,0.484636522608044,0,
0.361632512484932,0.412269938650307,0.842094782954998,0.179714091218516,0.427929053210092,0,
0.665403822972275,0.547589833479404,0.290521704500199,0.591105060131609,0.252310766924806,0,
0.355605303943516,0.573707274320771,0.307447232178415,0.327660540049921,0.298026480139895,0,
0.50335801618736,0.646801051709027,0.296097172441258,0.324029952348536,0.379465400949288,0,
0.562769071809885,0.48501314636284,0.318598168060534,0.388019060585432,0.30102423182613,0,
0.36576545548476,0.648904469763365,0.562923138191955,0.477422282732017,0.518611041718711,0,
0.496814189770966,0.809114811568799,0.249303066507368,0.476060812343998,0.251311516362728,0,
0.612536593766144,0.421384750219106,0.578056551174831,0.293169956886771,0.369223082687984,0,
0.387807818150508,0.750744960560911,0.255675029868578,0.423417290673928,0.284786410192356,0,
0.317892199070088,0.367747589833479,0.676224611708483,0.771272974812798,0.32075943042718,0,
0.41191665231617,0.660999123575811,0.257666268418957,0.313592012707057,0.32075943042718,0,
0.545204064060617,0.510429447852761,0.450617283950617,0.669843430905378,0.211091681239071,0,
0.330463234027897,0.682033304119194,0.508960573476703,0.437485818016791,0.377466899825131,0,
0.33166867573618,0.356003505696757,0.506172839506173,0.753800771499887,0.32075943042718,0,
0.340795591527467,0.497458369851008,0.599561927518917,0.253006580440209,0.402448163877092,0,
0.436714310315137,0.600350569675723,0.466348068498606,0.42455184933061,0.26904821383962,0,
0.349061477527122,0.509728308501315,0.507566706491438,0.420921261629226,0.32075943042718,0,
0.808679180299638,0.341104294478528,0.38968538430904,0.343544361243476,0.312765425930552,0,
0.658859996555881,0.51498685363716,0.565909996017523,0.290673927842069,0.289283037721709,0,
0.441536077148269,0.702541630148992,0.266626841895659,0.317676423871114,0.290781913564826,0,
0.325985879111417,0.296231375985977,0.474711270410195,0.140004538234627,0.714963777167125,0,
0.365248837609781,0.762313759859772,0.268020708880924,0.316088041751759,0.268048963277542,0,
0.33166867573618,0.350394390885188,0.641776184786937,0.770365327887452,0.32075943042718,0,
0.39624591010849,0.558808063102542,0.280565511748307,0.307692307692308,0.32075943042718,0,
0.352161184776993,0.531989482909728,0.475906013540422,0.414567733151804,0.355233574818886,0,
0.48097124160496,0.515162138475022,0.290123456790123,0.4785568413887,0.4484136897327,0,
0.462372998105734,0.527782646801052,0.307845479888491,0.325618334467892,0.348988258805896,0,
0.349750301360427,0.709903593339176,0.258661887694146,0.297708191513501,0.287284536597552,0,
0.34200103323575,0.722173531989483,0.271604938271605,0.408668028137055,0.359730202348239,0,
0.762011365593249,0.284662576687117,0.401234567901235,0.409121851599728,0.299775168623532,0,
0.344411916652316,0.477300613496932,0.693747510951812,0.254594962559564,0.267299525355983,0,
0.596693645600138,0.44592462751972,0.317801672640382,0.402995234853642,0.361728703472396,0,
0.448079903564663,0.580368098159509,0.283751493428913,0.314726571363739,0.291281538845866,0,
0.429826071982091,0.465907099035933,0.298287534846675,0.335829362378035,0.305271046714964,0,
0.308937489237128,0.321647677475898,0.583432895260852,0.828681642840935,0.123657257057207,0,
0.314275873945238,0.284312007011393,0.454400637196336,0.499432720671659,0.0809392955283537,0,
0.328224556569657,0.338650306748466,0.513739545997611,0.793964147946449,0.195353484886335,0,
0.475977268813501,0.0552147239263804,0.254281162883313,0.721579305650102,0.175118661004247,0,
0.620974685724126,0.171779141104294,0.393667861409797,0.338325391422737,0.338496127904072,0,
0.623902187015671,0.401928133216477,0.43568299482278,0.427047878375312,0.608293779665251,0,
0.339245737902531,0.440140227870289,0.824970131421744,0.220558202859088,0.32075943042718,0,
0.323574995694851,0.311130587204207,0.615491835921943,0.76401179941003,0.163127654259306,0,
0.360599276734975,0.4022787028922,0.823178016726404,0.612434762877241,0.465650761928554,0,
0.259858791114173,0.0813321647677476,0.178414974113899,0.227819378261856,0.246565076192855,0,
0.33976235577751,0.595968448729185,0.487853444842692,0.42977081915135,0.32075943042718,0,
0.267263647322197,0.450482033304119,0.759259259259259,0.186975266621284,0.32075943042718,0,
0.333735147236094,0.402103418054338,0.295698924731183,0.275243930111187,0.425930552085936,0,
0.357843981401756,0.404732690622261,0.881123058542413,0.217381438620377,0.238071446415189,0,
0.332529705527811,0.405609114811569,0.470131421744325,0.457907873837077,0.32075943042718,0,
0.335801618736008,0.410692375109553,0.763042612504978,0.246879963694123,0.255308518611042,0,
0.480282417771655,0.615950920245399,0.585424133811231,0.488540957567506,0.533100174868848,0,
0.33080764594455,0.454338299737073,0.620071684587814,0.473110959836624,0.271546340244816,0,
0.385052522817289,0.738299737072743,0.563719633612107,0.461084638075789,0.32075943042718,0,
0.335801618736008,0.410692375109553,0.991238550378335,0.189698207397322,0.230077441918561,0,
0.323919407611503,0.43102541630149,0.768817204301075,0.231676877694577,0.32075943042718,0,
0.542965386602376,0.331113058720421,0.399044205495818,0.392330383480826,0.302772920309768,0,
0.324091613569829,0.305872042068361,0.602349661489446,0.749943272067166,0.1541343992006,0,
0.376442224900982,0.64364592462752,0.663281561131023,0.51168595416383,0.32075943042718,0,
0.275012915446874,0.3954425942156,0.713859020310633,0.572725209893352,0.214838870846865,0,
0.318925434820045,0.343207712532866,0.630227001194743,0.82187429090084,0.32075943042718,0,
0.340795591527467,0.561963190184049,0.73257666268419,0.223281143635126,0.32075943042718,0,
0.352161184776993,0.47239263803681,0.898247710075667,0.201724529158157,0.244816387709218,0,
0.363698983984846,0.425416301489921,0.757068896853843,0.237803494440663,0.260554584061954,0,
0.389702083692096,0.660473269062226,0.667064914376742,0.248695257544815,0.32075943042718,0,
0.463234027897365,0.6988606485539,0.282755874153724,0.321533923303835,0.357731701224082,0,
0.341484415360771,0.409290096406661,0.800079649542015,0.155661447696846,0.32075943042718,0,
0.337007060444291,0.435056967572305,0.826164874551971,0.22237349670978,0.32075943042718,0,
0.4535904942311,0.603330411919369,0.716845878136201,0.263217608350352,0.457406944791406,0,
0.561047012226623,0.327081507449606,0.345679012345679,0.376900385749943,0.336247814139395,0,
0.320130876528328,0.39649430324277,0.798088410991637,0.133877921488541,0.213839620284786,0,
0.318753228861719,0.285539000876424,0.444444444444444,0.552303154073066,0.719460404696478,0,
0.75167900809368,0.378790534618756,0.574870569494225,0.296119809394146,0.290282288283787,0,
0.350783537110384,0.56897458369851,0.478096375945838,0.420921261629226,0.348988258805896,0,
0.311176166695368,0.283085013146363,0.451214655515731,0.757658270932607,0.635523357481889,0,
0.42311003960737,0.513935144609991,0.469534050179211,0.412298615838439,0.296027979015738,0,
0.630618219390391,0.480806310254163,0.41636798088411,0.391195824824143,0.30102423182613,0,
0.564835543309799,0.519894829097283,0.504181600955794,0.422282732017245,0.40994254309268,0,
0.304632340278974,0.279754601226994,0.43010752688172,0.570002269117313,0.713215088683487,0,
0.724987084553125,0.418930762489045,0.532656312226205,0.52212389380531,0.268298775918061,0,
0.504391251937317,0.507624890446976,0.469534050179211,0.434082142046744,0.391956032975269,0,
0.34200103323575,0.41384750219106,0.860812425328554,0.192648059904697,0.32075943042718,0,
0.279490270363355,0.202103418054338,0.448825169255277,0.252098933514863,0.32075943042718,0,
0.459617702772516,0.622787028921998,0.276184786937475,0.318357159065124,0.289782663002748,0,
0.334079559152747,0.503768624014023,0.495221027479092,0.421148173360563,0.363727204596553,0,
0.514895815395213,0.569149868536372,0.29410593389088,0.42001361470388,0.277292030976767,0,
0.45135181677286,0.385451358457493,0.327558741537236,0.340140685273429,0.302023482388209,0,
0.42311003960737,0.584399649430324,0.27937076861808,0.419559791241207,0.267799150637022,0,
0.320647494403306,0.434706397896582,0.678016726403823,0.20285908781484,0.32075943042718,0,
0.313587050111934,0.279579316389132,0.455993628036639,0.220104379396415,0.0579565326005496,0,
0.322886171861546,0.401577563540754,0.772202309836718,0.187202178352621,0.164626530102423,0,
0.342345445152402,0.511130587204207,0.952608522500995,0.162922623099614,0.32075943042718,0,
0.628551747890477,0.512708150744961,0.461569095977698,0.415929203539823,0.446415188608544,0,
0.460134320647494,0.496406660823839,0.316806053365193,0.335829362378035,0.34599050711966,0,
0.32633029102807,0.502015775635408,0.62405416168857,0.490583163149535,0.32075943042718,0,
0.798346822800069,0.370727432077125,0.337514934289128,0.379850238257318,0.335998001498876,0,
0.39262958498364,0.413146362839614,0.787733970529669,0.270024960290447,0.455908068948289,0,
0.416049595315998,0.788957055214724,0.280963759458383,0.306103925572952,0.446665001249063,0,
0.334940588944377,0.317440841367222,0.759458383114297,0.558202859087815,0.472645515863103,0,
0.313587050111934,0.343908851884312,0.479291119076065,0.706830043113229,0.32075943042718,0,
0.264508351988979,0.493777388255916,0.747510951812027,0.517358747447243,0.32075943042718,0,
0.308420871362149,0.282208588957055,0.43010752688172,0.462219196732471,0.32075943042718,0,
0.449801963147925,0.511305872042068,0.307248108323377,0.331291127751305,0.304021983512366,0,
0.559497158601687,0.648028045574058,0.291119076065313,0.407533469480372,0.469647764176867,0,
0.337868090235922,0.675021910604733,0.284348864994026,0.412752439301112,0.362727954034474,0,
0.543826416394007,0.35407537248028,0.33731581043409,0.388472884048105,0.350237322008494,0,
0.772343723092819,0.33444347063979,0.418558343289526,0.342182890855457,0.340994254309268,0,
0.368176338901326,0.811568799298861,0.281162883313421,0.316541865214432,0.279290532100924,0,
0.57912863785087,0.445398773006135,0.329549980087614,0.383707737690039,0.342243317511866,0,
0.322369553986568,0.389307624890447,0.810234966148945,0.167687769457681,0.210592055958031,0,
0.415188565524367,0.707975460122699,0.644763042612505,0.258906285454958,0.270796902323258,0,
0.338729120027553,0.574057843996494,0.565909996017523,0.486498751985478,0.32075943042718,0,
0.420526950232478,0.765293602103418,0.269215452011151,0.315407306557749,0.367974019485386,0,
0.478560358188393,0.591586327782647,0.275587415372362,0.693442250964375,0.207094678990757,0,
0.64456690201481,0.487642418930762,0.463361210673039,0.448150669389607,0.288033974519111,0,
0.606337179266403,0.483610867659947,0.466148944643568,0.436578171091445,0.483387459405446,0,
0.376442224900982,0.855390008764242,0.249502190362405,0.29975039709553,0.281039220584562,0,
0.39262958498364,0.75407537248028,0.237355635205098,0.300884955752212,0.278541094179365,0,
0.345789564318925,0.397896581945662,0.632218239745121,0.270932607215793,0.262303272545591,0,
0.397451351816773,0.718317265556529,0.276184786937475,0.415248468345813,0.253809642767924,0,
0.25951437919752,0.465731814198072,0.834328952608522,0.208758792829589,0.233824631526355,0,
0.559497158601687,0.687817703768624,0.271007566706491,0.477422282732017,0.398950786909818,0,
0.319786464611676,0.330236634531113,0.503584229390681,0.82119355570683,0.164626530102423,0,
0.373686929567763,0.511831726555653,0.709478295499801,0.234853641933288,0.264051961029228,0,
0.270018942655416,0.174233128834356,0.206690561529271,0.13592012707057,0.163877092180864,0,
0.337351472360944,0.353198948290973,0.516328156113102,0.12094395280236,0.32075943042718,0,
0.344584122610642,0.409815950920245,0.844086021505376,0.200816882232811,0.415438421184112,0,
0.603926295849836,0.424364592462752,0.324970131421744,0.340140685273429,0.337746689982513,0,
0.820905803340796,0.306047326906223,0.339705296694544,0.377808032675289,0.307269547839121,0,
0.405889443774755,0.541630148992112,0.462365591397849,0.319491717721806,0.32075943042718,0,
0.505080075770622,0.479228746713409,0.437275985663082,0.40049920580894,0.349987509367974,0,
0.535732736352678,0.584925503943909,0.297491039426523,0.329702745631949,0.350736947289533,0,
0.322025142069916,0.470289219982471,0.526284348864994,0.43430905377808,0.32075943042718,0,
0.317375581195109,0.32760736196319,0.624452409398646,0.699341955979124,0.104921309018236,0,
0.461511968314104,0.646976336546889,0.264237355635205,0.316541865214432,0.293529852610542,0,
0.381608403650766,0.497107800175285,0.801075268817204,0.53641933287951,0.201348988258806,0,
0.382813845359049,0.664855390008764,0.217443249701314,0.437031994554118,0.32075943042718,0,
0.498019631479249,0.724802804557406,0.548785344484269,0.294077603812117,0.356732450662003,0,
0.332874117444464,0.383347940403155,0.858821186778176,0.1976401179941,0.457406944791406,0,
0.387635612192182,0.637160385626643,0.260055754679411,0.315861130020422,0.290282288283787,0,
0.325985879111417,0.350920245398773,0.638590203106332,0.72884048105287,0.172620534599051,0,
0.355949715860169,0.628571428571429,0.299482277976902,0.325164511005219,0.300524606545091,0,
0.385569140692268,0.614198071866784,0.79131819992035,0.223054231903789,0.243067699225581,0,
0.310487342862063,0.308501314636284,0.471326164874552,0.815293850692081,0.32075943042718,0,
0.352161184776993,0.680981595092024,0.228195937873357,0.245972316768777,0.660754434174369,0,
0.355605303943516,0.341980718667835,0.738550378335325,0.575675062400726,0.222583062702973,0,
0.624246598932323,0.388957055214724,0.433691756272401,0.430224642614023,0.607294529103173,0,
0.835371103840193,0.178264680105171,0.424332935085623,0.497617426820967,0.278041468898326,0,
0.32271396590322,0.418054338299737,0.893866985264835,0.189017472203313,0.432675493379965,0,
0.426037540898915,0.401577563540754,0.312027080844285,0.330837304288632,0.32075943042718,0,
0.327019114861374,0.482208588957055,0.736957387495022,0.210574086680281,0.236072945291032,0,
0.5055966936456,0.572655565293602,0.292114695340502,0.31858407079646,0.294029477891581,0,
0.353022214568624,0.449780893952673,0.833134209478295,0.210800998411618,0.462153384961279,0,
0.390563113483726,0.669938650306748,0.662883313420948,0.248695257544815,0.32075943042718,0,
0.432409161356983,0.594390885188431,0.272600557546794,0.281143635125936,0.678241319010742,0,
0.363698983984846,0.603856266432954,0.276583034647551,0.410029498525074,0.354234324256807,0,
0.350783537110384,0.544609991235758,0.830545599362803,0.213750850918992,0.249313015238571,0,
0.357327363526778,0.619982471516214,0.647749900438072,0.592239618788291,0.32075943042718,0,
0.377647666609265,0.631901840490798,0.469932297889287,0.72884048105287,0.217087184611541,0,
0.461856380230756,0.702366345311131,0.248705694942254,0.418879056047198,0.362727954034474,0,
0.53607714826933,0.72532865907099,0.509757068896854,0.309734513274336,0.288033974519111,0,
0.396073704150164,0.62418930762489,0.650139386698526,0.30496936691627,0.282787909068199,0,
0.515412433270191,0.424890446976337,0.20768618080446,0.223508055366462,0.242068448663502,0,
0.373514723609437,0.788606485539001,0.253285543608124,0.307465395960971,0.282538096427679,0,
0.506629929395557,0.542681858019281,0.307048984468339,0.276605400499206,0.643017736697477,0,
0.342345445152402,0.388781770376862,0.747710075667065,0.680962105740867,0.207344491631277,0,
0.712932667470294,0.431726555652936,0.314615690959777,0.341955979124121,0.32075943042718,0,
0.338384708110901,0.485363716038563,0.498606133014735,0.428182437031995,0.349487884086935,0,
0.334940588944377,0.341980718667835,0.835921943448825,0.603131381892444,0.434923807144642,0,
0.495264336146031,0.596143733567046,0.296097172441258,0.416383027002496,0.287034723957032,0,
0.318064405028414,0.37581069237511,0.668458781362007,0.745631949171772,0.32075943042718,0,
0.313070432236955,0.299912357581069,0.444643568299482,0.579532561833447,0.661254059455408,0,
0.249526433614603,0.431551270815074,0.585225009956193,0.241434082142047,0.252310766924806,0,
0.345272946443947,0.518667835232252,0.295698924731183,0.32902201043794,0.298775918061454,0,
0.382986051317376,0.692725679228747,0.548387096774194,0.467891990015884,0.272295778166375,0,
0.354055450318581,0.798247151621385,0.281959378733572,0.448377581120944,0.524106919810142,0,
0.929567763044601,0.30920245398773,0.341298287534847,0.340140685273429,0.310267299525356,0,
0.338556914069227,0.785626643295355,0.26742333731581,0.457227138643068,0.576067949038221,0,
0.406233855691407,0.488694127957932,0.710274790919952,0.509870660313138,0.253809642767924,0,
0.386430170483899,0.528308501314636,0.548785344484269,0.292035398230088,0.409442917811641,0,
0.381780609609092,0.595617879053462,0.632218239745121,0.262763784887679,0.32075943042718,0,
0.632512484931979,0.492550394390885,0.299482277976902,0.409121851599728,0.295528353734699,0,
0.307559841570518,0.286590709903593,0.417164476304261,0.461084638075789,0.229078191356483,0,
0.38815223006716,0.687291849255039,0.538032656312226,0.242341729067393,0.62178366225331,0,
0.367831926984674,0.80578439964943,0.260852250099562,0.435443612434763,0.490132400699475,0,
0.820905803340796,0.185276073619632,0.450219036240542,0.40639891082369,0.300274793904572,0,
0.302910280695712,0.282909728308501,0.450418160095579,0.240299523485364,0.32075943042718,0,
0.433097985190288,0.548115687992989,0.305256869772999,0.407987292943045,0.244816387709218,0,
0.32495264336146,0.430499561787905,0.665870171246515,0.230542319037894,0.268298775918061,0,
0.371103840192871,0.680981595092024,0.232377538829152,0.488767869298843,0.605545840619535,0,
0.367831926984674,0.376687116564417,0.85663082437276,0.672339459950079,0.202847864101924,0,
0.433959014981918,0.5977212971078,0.460971724412585,0.422963467211255,0.273295028728454,0,
0.368176338901326,0.310078878177038,0.594782954998009,0.621284320399365,0.523857107169623,0,
0.430687101773721,0.736371603856267,0.578255675029869,0.277286135693215,0.32075943042718,0,
0.333390735319442,0.297107800175285,0.443448825169255,0.635579759473565,0.852860354733949,0,
0.475460650938522,0.590184049079755,0.251493428912784,0.295892897662809,0.273045216087934,0,
0.441536077148269,0.496406660823839,0.315013938669853,0.329248922169276,0.344991256557582,0,
0.320130876528328,0.412795793163891,0.735762644364795,0.184479237576583,0.182613040219835,0,
0.664198381263992,0.615249780893953,0.291915571485464,0.332652598139324,0.302523107669248,0,
0.359221629068366,0.508851884312007,0.731979291119076,0.23734967097799,0.254808893330003,0,
0.312553814361977,0.325153374233129,0.587017124651533,0.87973678239165,0.32075943042718,0,
0.499913897020837,0.713058720420684,0.550975706889685,0.42977081915135,0.285535848113915,0,
0.304632340278974,0.331113058720421,0.475109518120271,0.466303607896528,0.32075943042718,0,
0.364904425693129,0.460999123575811,0.532457188371167,0.463807578851827,0.283787159630277,0,
0.419493714482521,0.587028921998247,0.297491039426523,0.399364647152258,0.351486385211092,0,
0.325813673153091,0.323575810692375,0.880326563122262,0.204901293396869,0.420434673994504,0,
0.404856208024798,0.697984224364593,0.560334528076464,0.489221692761516,0.263802148388708,0,
0.574479076976063,0.612269938650307,0.58084428514536,0.493533015656909,0.277791656257807,0,
0.472533149646978,0.67011393514461,0.287534846674632,0.323576128885863,0.294029477891581,0,
0.521956259686585,0.483085013146363,0.494822779769016,0.726117540276832,0.204096927304522,0,
0.319442052695023,0.3011393514461,0.48805256869773,0.500794191059678,0.662752935298526,0,
0.332874117444464,0.343382997370727,0.49084030266826,0.523031540730656,0.32075943042718,0,
0.768899603926296,0.410517090271691,0.464356829948228,0.482641252552757,0.41693729702723,0,
0.624763216807302,0.617353198948291,0.306451612903226,0.327433628318584,0.296527604296777,0,
0.459101084897537,0.632778264680105,0.485862206292314,0.689130928068981,0.213090182363228,0,
0.389874289650422,0.818755477651183,0.242333731581043,0.529158157476742,0.253310017486885,0,
0.700017220595833,0.282033304119194,0.394464356829948,0.393918765600182,0.306020484636523,0,
0.331496469777854,0.421034180543383,0.834328952608522,0.192194236442024,0.32075943042718,0,
0.430170483898743,0.531113058720421,0.29868578255675,0.43430905377808,0.226829877591806,0,
0.418288272774238,0.592813321647678,0.276184786937475,0.317222600408441,0.361978516112915,0,
0.317719993111762,0.299912357581069,0.460772600557547,0.844338552303154,0.112415688233825,0,
0.359566040985018,0.382471516213848,0.867383512544803,0.214431586113002,0.184361728703472,0,
0.334423971069399,0.523751095530237,0.582437275985663,0.449512139777627,0.279790157381964,0,
0.345961770277252,0.489219982471516,0.739944245320589,0.233719083276605,0.32075943042718,0,
0.374031341484415,0.400175284837862,0.678215850258861,0.277966870887225,0.277541843617287,0,
0.363182366109867,0.364592462751972,0.748307447232178,0.572498298162015,0.629028228828379,1,
0.626140864473911,0.640666082383874,0.278972520908005,0.325164511005219,0.297526854858856,1,
0.418977096607543,0.336722173531989,0.763440860215054,0.201497617426821,0.424181863602298,1,
0.467194764938867,0.637861524978089,0.667861409796894,0.272294077603812,0.280289782663003,1,
0.384363698983985,0.41840490797546,0.548187972919156,0.911277513047425,0.143892080939296,1,
0.32856896848631,0.340753724802805,0.491039426523298,0.73474018606762,0.32075943042718,1,
0.311003960737042,0.343908851884312,0.413181999203505,0.461538461538462,0.556582563077692,1,
0.369209574651283,0.466257668711656,0.813022700119474,0.644883140458362,0.1796152885336,1,
0.336490442569313,0.306573181419807,0.73436877737953,0.655321080099841,0.779915063702223,1,
0.348544859652144,0.357405784399649,0.510553564317005,0.792148854095757,0.0939295528353735,1,
0.346995006027209,0.445223488168273,0.516129032258065,0.596550941683685,0.517112165875593,1,
0.250215257447908,0.324452234881683,0.588012743926722,0.79782164737917,0.0766924806395204,1,
0.323574995694851,0.369500438212095,0.855436081242533,0.180167914681189,0.704721458905821,1,
0.527983468228001,0.500262927256792,0.72978892871366,0.263898343544361,0.283287534349238,1,
0.349405889443775,0.372830850131464,0.520708880923935,0.575901974132063,0.538845865600799,1,
0.382297227484071,0.299211218229623,0.469534050179211,0.730655774903562,0.569822633025231,1,
0.517995522645084,0.64487291849255,0.619673436877738,0.285001134558657,0.28853359980015,1,
0.357155157568452,0.468886941279579,0.665870171246515,0.713183571590651,0.196352735448414,1,
0.368865162734631,0.363540753724803,0.449820788530466,0.603812117086453,0.569572820384711,1,
0.334940588944377,0.323926380368098,0.520310633213859,0.616292262309961,0.579815138646015,1,
0.46840020664715,0.338650306748466,0.735165272799681,0.678466076696165,0.509617786660005,1,
0.320303082486654,0.406310254163015,0.46415770609319,0.604492852280463,0.572070946789908,1,
0.33166867573618,0.331989482909728,0.504181600955794,0.575901974132063,0.556832375718211,1,
0.523333907353194,0.541980718667835,0.714058144165671,0.278193782618561,0.284786410192356,1,
0.484931978646461,0.643996494303243,0.682795698924731,0.286816428409349,0.28178865850612,1,
0.396073704150164,0.478878177037686,0.856232576662684,0.199682323576129,0.252810392205846,1,
0.411400034441192,0.458545135845749,0.805854241338112,0.628999319264806,0.216337746689983,1,
0.343378680902359,0.420858895705521,0.511549183592194,0.610846380757885,0.119660254808893,1,
0.318408816945066,0.34478527607362,0.549382716049383,0.835035171318357,0.140394703972021,1,
0.32047528844498,0.352673093777388,0.544603743528475,0.829135466303608,0.32075943042718,1,
0.325641467194765,0.370552147239264,0.620868180007965,0.750850918992512,0.166125405945541,1,
0.412949888066127,0.654513584574934,0.716646754281163,0.528704334014069,0.264801398950787,1,
0.546926123643878,0.570727432077125,0.666467542811629,0.290673927842069,0.290282288283787,1,
0.31375925607026,0.377563540753725,0.457586618876941,0.628999319264806,0.32075943042718,1,
0.312553814361977,0.336722173531989,0.600955794504182,0.572498298162015,0.201598800899326,1,
0.354055450318581,0.387028921998247,0.522899243329351,0.791014295439074,0.12790407194604,1,
0.34871706561047,0.375460122699387,0.667463162086818,0.649194463353755,0.80789407944042,1,
0.348889271568796,0.312883435582822,0.73257666268419,0.722260040844112,0.690731951036722,1,
0.42534871706561,0.636459246275197,0.568498606133015,0.532108009984116,0.559830127404447,1,
0.399173411400034,0.475372480280456,0.715452011150936,0.662355343771273,0.2305770671996,1,
0.425176511107284,0.616827344434706,0.724611708482676,0.476287724075335,0.272295778166375,1,
0.327880144653005,0.30464504820333,0.493229788928714,0.705695484456546,0.783912065950537,1,
0.408472533149647,0.338124452234882,0.499601752289924,0.842296346721126,0.178616037971521,1,
0.354055450318581,0.374057843996494,0.663281561131023,0.710914454277286,0.0694479140644517,1,
0.343550886860685,0.401928133216477,0.673636001592991,0.254821874290901,0.420684486635024,1,
0.315481315653522,0.322874671340929,0.49542015133413,0.737236215112321,0.489133150137397,1,
0.451179610814534,0.433128834355828,0.795499800876145,0.534830950760154,0.438421184111916,1,
0.345272946443947,0.394040315512708,0.596375945838311,0.884728840481053,0.117411941044217,1,
0.337868090235922,0.425591586327783,0.79689366786141,0.206262763784888,0.180864351736198,1,
0.339417943860858,0.37475898334794,0.544802867383512,0.840254141139097,0.32075943042718,1,
0.325124849319786,0.323400525854514,0.406810035842294,0.585432266848196,0.739195603297527,1,
0.377647666609265,0.508150744960561,0.674432497013142,0.701157249829816,0.233574818885836,1,
0.386430170483899,0.669763365468887,0.591596973317403,0.624007261175403,0.232075943042718,1,
0.329602204236267,0.363014899211218,0.544603743528475,0.862718402541411,0.0494629028228828,1,
0.401756500774927,0.373181419807187,0.807048984468339,0.209212616292262,0.32075943042718,1,
0.568968486309626,0.406310254163015,0.68478693747511,0.55593374177445,0.511866100424682,1,
0.373859135526089,0.369675723049956,0.444245320589407,0.713410483321988,0.182613040219835,1,
0.323747201653177,0.351621384750219,0.546794105933891,0.77240753346948,0.125405945540844,1,
0.3903909075254,0.38387379491674,0.757068896853843,0.246199228500113,0.424681488883337,1,
0.336662648527639,0.363540753724803,0.705495818399044,0.574994327206717,0.432675493379965,1,
0.391424143275357,0.361086765994741,0.768418956591,0.257771726798275,0.481139145640769,1,
0.391596349233683,0.402629272567923,0.587017124651533,0.621965055593374,0.770921808643517,1,
0.333218529361116,0.430850131463628,0.478693747510952,0.793964147946449,0.32075943042718,1,
0.381780609609092,0.37931638913234,0.693349263241736,0.561833446789199,0.183862103422433,1,
0.356294127776821,0.462751971954426,0.642771804062127,0.228500113455866,0.242568073944542,1,
0.441363871189943,0.645574057843996,0.699522102747909,0.493533015656909,0.274793904571571,1,
0.436369898398485,0.618580192813322,0.699920350457985,0.457680962105741,0.275293529852611,1,
0.427070776648872,0.499035933391762,0.570489844683393,0.611754027683231,0.63427429427929,1,
0.42672636473222,0.546538124452235,0.280167264038232,0.421601996823236,0.255058705970522,1,
0.370931634234544,0.369149868536372,0.656113102349661,0.62355343771273,0.221583812140894,1,
0.32856896848631,0.389833479404032,0.509956192751892,0.730882686634899,0.158880839370472,1,
0.398828999483382,0.364592462751972,0.799880525686977,0.234853641933288,0.263302523107669,1,
0.32942999827794,0.321998247151621,0.557546794105934,0.646017699115044,0.81413939545341,1,
0.392973996900293,0.31954425942156,0.524293110314616,0.71000680735194,0.1541343992006,1,
0.331496469777854,0.296231375985977,0.509956192751892,0.728613569321534,0.0784411691231576,1,
0.47287756156363,0.673269062226117,0.535244922341696,0.542999773088269,0.267299525355983,1,
0.310487342862063,0.307449605609115,0.491039426523298,0.670524166099387,0.566575068698476,1,
0.342173239194076,0.397020157756354,0.715252887295898,0.224188790560472,0.231576317761679,1,
0.310831754778715,0.336722173531989,0.427917164476304,0.175402768323122,0.32075943042718,1,
0.312381608403651,0.320420683610868,0.549980087614496,0.558883594281824,0.190856857356982,1,
0.376442224900982,0.438737949167397,0.538032656312226,0.66643975493533,0.175868098925806,1,
0.323402789736525,0.28501314636284,0.465750696933493,0.613569321533923,0.579815138646015,1,
0.306526605820561,0.278702892199825,0.53584229390681,0.466757431359201,0.201099175618286,1,
0.310487342862063,0.308851884312007,0.486857825567503,0.777172679827547,0.12165875593305,1,
0.395557086275185,0.431200701139351,0.740541616885703,0.22237349670978,0.26305271046715,1,
0.337007060444291,0.337072743207713,0.681800079649542,0.181302473337872,0.89732700474644,1,
0.51816772860341,0.367221735319895,0.717443249701314,0.73474018606762,0.217336997252061,1,
0.379541932150852,0.484136722173532,0.67184388689765,0.272974812797822,0.261054209342993,1,
0.384880316858963,0.52182296231376,0.629032258064516,0.768323122305423,0.206345241069198,1,
0.329602204236267,0.33794916739702,0.816606929510155,0.183798502382573,0.0949288033974519,1,
0.399001205441708,0.516739702015776,0.755675029868578,0.222600408441116,0.25630776917312,1,
0.355605303943516,0.470289219982471,0.55515730784548,0.490583163149535,0.415938046465151,1,
0.470983296022042,0.502191060473269,0.578255675029869,0.234172906739278,0.270297277042218,1,
0.323574995694851,0.386503067484663,0.501991238550378,0.706149307919219,0.32075943042718,1,
0.362665748234889,0.683786152497809,0.763042612504978,0.265032902201044,0.276542593055209,1,
0.338556914069227,0.316389132340053,0.755675029868578,0.585659178579533,0.471146640019985,1,
0.353538832443603,0.400175284837862,0.512146555157308,0.757658270932607,0.14089432925306,1,
0.357155157568452,0.357405784399649,0.619076065312624,0.54617653732698,0.456407694229328,1,
0.445152402273119,0.290096406660824,0.730784547988849,0.529158157476742,0.417436922308269,1,
0.402273118649905,0.350920245398773,0.744324970131422,0.706149307919219,0.501873594803897,1,
0.371448252109523,0.414022787028922,0.575268817204301,0.549353301565691,0.32075943042718,1,
0.388496641983813,0.588431200701139,0.530465949820788,0.298842750170184,0.25655758181364,1,
0.397795763733425,0.447326906222612,0.58363201911589,0.636487406398911,0.213090182363228,1,
0.32633029102807,0.382296231375986,0.69573874950219,0.535511685954164,0.439920059955034,1,
0.390046495608748,0.437160385626643,0.672043010752688,0.241660993873383,0.691231576317762,1,
0.398140175650077,0.336546888694128,0.746117084826762,0.677785341502156,0.63477391956033,1,
0.343723092819012,0.422787028921998,0.792114695340502,0.223508055366462,0.2433175118661,1,
0.342173239194076,0.38737949167397,0.539625647152529,0.549807125028364,0.32075943042718,1,
0.446185638023076,0.469588080631025,0.693548387096774,0.554118447923758,0.534099425430927,1,
0.395901498191837,0.335144609991236,0.666666666666667,0.542319037894259,0.427929053210092,1,
0.404339590149819,0.364767747589833,0.746714456391876,0.645790787383708,0.188858356232825,1,
0.386085758567246,0.415600350569676,0.578653922739944,0.182890855457227,0.0597052210841869,1,
0.313242638195282,0.347239263803681,0.414177618478694,0.450419786702973,0.538845865600799,1,
0.325813673153091,0.342857142857143,0.565909996017523,0.518493306103926,0.620534599050712,1,
0.331152057861202,0.319719544259422,0.572879330943847,0.608123439981847,0.32075943042718,1,
0.312037196486998,0.322699386503067,0.186379928315412,0.723848422963467,0.122408193854609,1,
0.348372653693818,0.333742331288344,0.509557945041816,0.646244610846381,0.32075943042718,1,
0.318581022903392,0.417879053461876,0.491437674233373,0.657817109144543,0.609792655508369,1,
0.478560358188393,0.711831726555653,0.496017522899243,0.453142727479011,0.373969522857857,1,
0.372653693817806,0.653286590709904,0.796495420151334,0.270932607215793,0.26904821383962,1,
0.403995178233167,0.707274320771253,0.248307447232178,0.442477876106195,0.460654509118161,1,
0.369553986567935,0.339702015775635,0.800876144962167,0.541865214431586,0.620284786410192,1,
0.183915963492337,0.0781770376862401,0.170649143767423,0.161788064442932,0.199350487134649,1,
0.378680902359222,0.294127957931639,0.434289127837515,0.681642840934876,0.663252560579565,1,
0.500258308937489,0.358983347940403,0.902230187176424,0.22169276151577,0.261803647264552,1,
0.313587050111934,0.33339176161262,0.555555555555556,0.572725209893352,0.32075943042718,1,
0.345100740485621,0.330937773882559,0.604938271604938,0.531654186521443,0.32075943042718,1,
0.372825899776132,0.427344434706398,0.527678215850259,0.639664170637622,0.183362478141394,1,
0.34647838815223,0.326906222611744,0.614097968936679,0.535057862491491,0.32075943042718,1,
0.387635612192182,0.305872042068361,0.787136598964556,0.565237122759247,0.441918561079191,1,
0.279662476321681,0.292375109553024,0.480884109916368,0.591558883594282,0.32075943042718,1,
0.327880144653005,0.369149868536372,0.542413381123059,0.666666666666667,0.32075943042718,1,
0.363010160151541,0.331288343558282,0.698924731182796,0.627864760608123,0.092930302273295,1,
0.327880144653005,0.362138475021911,0.524691358024691,0.784887678692988,0.0959280539595304,1,
0.317031169278457,0.330762489044698,0.563719633612107,0.546630360789653,0.32075943042718,1,
0.35457206819356,0.426292725679229,0.838908801274393,0.209439528023599,0.557332000999251,1,
0.429653866023764,0.383523225241017,0.740541616885703,0.747901066485137,0.32075943042718,1,
0.461339762355777,0.5034180543383,0.659697331740342,0.489448604492852,0.606545091181614,1,
0.356638539693473,0.665907099035933,0.795898048586221,0.26140231449966,0.273295028728454,1,
0.334423971069399,0.326029798422436,0.500995619275189,0.659859314726571,0.15388458656008,1,
0.353366626485276,0.361086765994741,0.795898048586221,0.641706376219651,0.692730452160879,1,
0.403822972274841,0.339000876424189,0.697729988052569,0.555479918311777,0.597052210841869,1,
0.38591355260892,0.381945661700263,0.772401433691756,0.253687315634218,0.415188608543592,1,
0.340623385569141,0.358808063102542,0.451015531660693,0.624687996369412,0.186360229827629,1,
0.348889271568796,0.312708150744961,0.73257666268419,0.722033129112775,0.690482138396203,1,
0.31375925607026,0.353374233128834,0.442254082039028,0.191740412979351,0.32075943042718,1,
0.377131048734286,0.310078878177038,0.698128235762644,0.601769911504425,0.228078940794404,1,
0.310142930945411,0.342857142857143,0.421346077260056,0.52666212843204,0.710966774918811,1,
0.405717237816428,0.81034180543383,0.252688172043011,0.522577717267983,0.415188608543592,1,
0.329602204236267,0.321647677475898,0.488649940262843,0.569094622191967,0.32075943042718,1,
0.237472016531772,0.12760736196319,0.660892074870569,0.54163830270025,0.229328003997002,1,
0.528844498019631,0.401752848378615,0.512544802867383,0.503517131835716,0.401948538596053,1,
0.337351472360944,0.383523225241017,0.51931501393867,0.821420467438167,0.32075943042718,1,
0.367831926984674,0.733917616126205,0.547590601354042,0.60403902881779,0.240569572820385,1,
0.530910969519545,0.371078001752848,0.872361608920749,0.234626730201951,0.25655758181364,1,
0.342173239194076,0.375635407537248,0.588610115491836,0.594962559564329,0.409193105171122,1,
0.385396934733942,0.352147239263804,0.714854639585822,0.623099614250057,0.705720709467899,1,
0.32271396590322,0.382296231375986,0.535643170051772,0.491263898343544,0.205845615788159,1,
