540,5,2,
0.305837781987257,0.295004382120946,0.433691756272401,0.471522577717268,0.633774668998251,0,
0.711727225762011,0.340753724802805,0.412982875348467,0.594962559564329,0.24356732450662,0,
0.325297055278113,0.328659070990359,0.545798486658702,0.808940322214659,0.167374469148139,0,
0.373514723609437,0.684312007011394,0.667064914376742,0.533696392103472,0.260554584061954,0,
0.563630101601515,0.430324276950044,0.446634806849861,0.309961425005673,0.647014738945791,0,
0.339934561735836,0.427870289219982,0.650935882118678,0.485364193328795,0.224831376467649,0,
0.341140003444119,0.626292725679229,0.492035045798487,0.416609938733833,0.39095678241319,0,
0.343206474944033,0.636459246275197,0.565909996017523,0.47333787156796,0.2560579565326,0,
0.428620630273807,0.712708150744961,0.253484667463162,0.645790787383708,0.241319010741944,0,
0.480799035646633,0.777388255915863,0.234966148944644,0.29906966190152,0.361229078191356,0,
0.351816772860341,0.52182296231376,0.813620071684588,0.219877467665078,0.32075943042718,0,
0.324436025486482,0.375109553023663,0.714257268020709,0.610392557295212,0.32075943042718,0,
0.89512657137937,0.314636283961437,0.339705296694544,0.344225096437486,0.310517112165876,0,
0.314620285861891,0.312357581069238,0.594384707287933,0.882913546630361,0.32075943042718,0,
0.31375925607026,0.308676599474145,0.575866188769415,0.889267075107783,0.32075943042718,0,
0.737385913552609,0.31498685363716,0.336718438868976,0.341502155661448,0.350487134649013,0,
0.346306182193904,0.476774758983348,0.855436081242533,0.207624234172907,0.32075943042718,0,
0.35767177544343,0.656266432953549,0.267622461170848,0.433174495121398,0.32075943042718,0,
0.47063888410539,0.541454864154251,0.311628833134209,0.326979804855911,0.299775168623532,0,
0.337351472360944,0.52760736196319,0.597570688968538,0.465169049239846,0.32075943042718,0,
0.942311003960737,0.386327782646801,0.333134209478295,0.383707737690039,0.370222333250062,0,
0.365076631651455,0.67589833479404,0.283552369573875,0.412525527569775,0.280289782663003,0,
0.344928534527295,0.479228746713409,0.666268418956591,0.260267755842977,0.266799900074944,0,
0.345789564318925,0.44364592462752,0.661688570290721,0.487860222373497,0.240819385460904,0,
0.441536077148269,0.646976336546889,0.591397849462366,0.294304515543454,0.282787909068199,0,
0.270018942655416,0.397370727432077,0.808641975308642,0.627184025414114,0.217586809892581,0,
0.372998105734458,0.411042944785276,0.717045001991239,0.260948491036987,0.270297277042218,0,
0.379714138109179,0.700438212094654,0.261449621664675,0.291581574767415,0.32075943042718,0,
0.678835887721715,0.459596844872918,0.50278773397053,0.320399364647152,0.371221583812141,0,
0.38143619769244,0.609640666082384,0.285742731979291,0.318810982527797,0.297277042218336,0,
0.395384880316859,0.735495179666959,0.275587415372362,0.413660086226458,0.369722707969023,0,
0.577406578267608,0.36091148115688,0.344086021505376,0.373496709779896,0.332500624531601,0,
0.716204580678491,0.28396143733567,0.388689765033851,0.375765827093261,0.335998001498876,0,
0.703461339762356,0.339000876424189,0.341099163679809,0.381892443839347,0.30751936047964,0,
0.827966247632168,0.180893952673094,0.342293906810036,0.342182890855457,0.30751936047964,0,
0.568451868434648,0.618229623137599,0.580047789725209,0.489448604492852,0.278790906819885,0,
0.332529705527811,0.544609991235758,0.693150139386698,0.51690492398457,0.410941793654759,0,
0.499913897020837,0.558457493426819,0.457785742731979,0.504197867029725,0.48713464901324,0,
0.485620802479766,0.512883435582822,0.464954201513341,0.433401406852734,0.252060954284287,0,
0.412777682107801,0.496406660823839,0.562923138191955,0.26140231449966,0.724956282787909,0,
0.598587911141725,0.429447852760736,0.327757865392274,0.34263671431813,0.338995753185111,0,
0.627690718098846,0.446625766871166,0.599761051373955,0.601769911504425,0.249562827879091,0,
0.347511623902187,0.350043821209465,0.486260454002389,0.595189471295666,0.595303522358231,0,
0.690373686929568,0.549693251533742,0.290720828355237,0.566825504878602,0.255808143892081,0,
0.347339417943861,0.36319018404908,0.662285941855834,0.724075334694804,0.612290781913565,0,
0.574823488892716,0.53444347063979,0.663480684986061,0.282051282051282,0.280789407944042,0,
0.323402789736525,0.367046450482033,0.718040621266428,0.646471522577717,0.32075943042718,0,
0.6096090924746,0.188080631025416,0.41178813221824,0.393464942137508,0.295528353734699,0,
0.733425176511107,0.418229623137599,0.657108721624851,0.286135693215339,0.290032475643268,0,
0.35767177544343,0.32410166520596,0.724810832337714,0.674154753800772,0.225830627029728,0,
0.33304632340279,0.571428571428571,0.740939864595779,0.201497617426821,0.253310017486885,0,
0.657654554847598,0.419106047326906,0.333731581043409,0.385069208078058,0.305271046714964,0,
0.36352677802652,0.690271691498685,0.251294305057746,0.437939641479464,0.280289782663003,0,
0.807818150508008,0.30464504820333,0.34010354440462,0.383480825958702,0.346739945041219,0,
0.889615980712933,0.316914986853637,0.336320191158901,0.383480825958702,0.33999500374719,0,
0.336318236610987,0.704469763365469,0.259259259259259,0.420921261629226,0.362228328753435,0,
0.765283278801446,0.324452234881683,0.654719235364397,0.283639664170638,0.28853359980015,0,
0.372998105734458,0.632077125328659,0.726403823178017,0.535284774222827,0.257556832375718,0,
0.373514723609437,0.543558282208589,0.285145360414178,0.32312230542319,0.295528353734699,0,
0.612881005682797,0.374583698510079,0.399442453205894,0.394599500794191,0.360729452910317,0,
0.395212674358533,0.755652936021034,0.243727598566308,0.301565690946222,0.277292030976767,0,
0.805062855174789,0.335144609991236,0.337714058144166,0.378261856137962,0.308268798401199,0,
0.425693128982263,0.757581069237511,0.551174830744723,0.285908781484003,0.37172120909318,0,
0.80368520750818,0.393514460999124,0.522301871764237,0.419105967778534,0.292030976767424,0,
0.355605303943516,0.514285714285714,0.632616487455197,0.253914227365555,0.32075943042718,0,
0.381091785775788,0.803330411919369,0.276184786937475,0.297935103244838,0.401199100674494,0,
0.353538832443603,0.624539877300613,0.2536837913182,0.428863172226004,0.251061703722208,0,
0.475977268813501,0.723400525854514,0.279171644763043,0.312457454050374,0.380464651511366,0,
0.371276046151197,0.481332164767748,0.805057745917961,0.196959382800091,0.32075943042718,0,
0.377992078525917,0.747940403155127,0.223416965352449,0.449512139777627,0.280789407944042,0,
0.416910625107629,0.551270815074496,0.450219036240542,0.418652144315861,0.245316012990257,0,
0.697089719304288,0.282208588957055,0.391477499004381,0.395734059450874,0.304771421433925,0,
0.341656621319098,0.42524101665206,0.87495021903624,0.17812570909916,0.42917811641269,0,
0.923023936628207,0.306748466257669,0.434090003982477,0.440889493986839,0.293280039970022,0,
0.399345617358361,0.529710780017528,0.247710075667065,0.305877013841616,0.280039970022483,0,
0.38143619769244,0.755652936021034,0.205097570688969,0.438620376673474,0.270297277042218,0,
0.534871706561047,0.627519719544259,0.25647152528873,0.313138189244384,0.345740694479141,0,
0.554158773893577,0.479929886064855,0.317204301075269,0.389380530973451,0.300774419185611,0,
0.506285517478905,0.66555652936021,0.273795300677021,0.411164057181756,0.360229827629278,0,
0.312381608403651,0.329710780017528,0.613898845081641,0.577717267982755,0.32075943042718,0,
0.382641639400723,0.43680981595092,0.780167264038232,0.230542319037894,0.260804396702473,0,
0.45272946443947,0.680981595092024,0.275388291517324,0.27501701837985,0.499625281039221,0,
0.399517823316687,0.557756354075373,0.303863002787734,0.413433174495121,0.385960529602798,0,
0.622352333390735,0.683435582822086,0.280764635603345,0.443385523031541,0.279290532100924,0,
0.445324608231445,0.567922874671341,0.297889287136599,0.402995234853642,0.289283037721709,0,
0.33080764594455,0.476599474145486,0.728195937873357,0.219196732471069,0.254309268048963,0,
0.313931462028586,0.314811568799299,0.19115890083632,0.831177671885636,0.0714464151886085,0,
0.358877217151713,0.554250657318142,0.512544802867383,0.434535965509417,0.280539595303522,0,
0.416738419149303,0.54601226993865,0.268418956591,0.307238484229635,0.396452660504622,0,
0.376097812984329,0.694127957931639,0.545599362803664,0.289539369185387,0.361478890831876,0,
0.629584983640434,0.465381244522349,0.526284348864994,0.461084638075789,0.256807394454159,0,
0.348544859652144,0.533917616126205,0.4926324173636,0.416383027002496,0.286535098675993,0,
0.415188565524367,0.661700262927257,0.269414575866189,0.416609938733833,0.362228328753435,0,
0.696917513345962,0.395267309377739,0.445240939864596,0.334240980258679,0.304521608793405,0,
0.791802996383675,0.188080631025416,0.386897650338511,0.389380530973451,0.305770671996003,0,
0.537799207852592,0.658369851007888,0.561927518916766,0.484229634672113,0.281538845865601,0,
0.554158773893577,0.440666082383874,0.451413779370769,0.415021556614477,0.27579315513365,0,
0.45582917168934,0.719193689745837,0.511350059737157,0.552303154073066,0.264801398950787,0,
0.336146030652661,0.717966695880806,0.233373158104341,0.433855230315407,0.374219335498376,0,
0.643189254348201,0.448553900087642,0.322381521306252,0.382119355570683,0.305021234074444,0,
0.46616152918891,0.731113058720421,0.278574273197929,0.45450419786703,0.474893829627779,0,
0.344928534527295,0.482559158632778,0.557745917960972,0.432947583390061,0.359980014988758,0,
0.678319269846737,0.388606485539001,0.433492632417364,0.414340821420467,0.459655258556083,0,
0.317547787153435,0.357581069237511,0.712066905615293,0.630360789652825,0.32075943042718,0,
0.371792664026175,0.562489044697634,0.289326961369972,0.32312230542319,0.295278541094179,0,
0.893576717754434,0.2988606485539,0.338709677419355,0.34331744951214,0.308518611041719,0,
0.321852936111589,0.304469763365469,0.45957785742732,0.212162468799637,0.801898576067949,0,
0.536249354227656,0.529535495179667,0.487654320987654,0.314499659632403,0.291531351486385,0,
0.544515240227312,0.46555652936021,0.427120669056153,0.336283185840708,0.348738446165376,0,
0.548820389185466,0.504995617879053,0.510155316606929,0.427955525300658,0.404946290282288,0,
0.360082658859997,0.541454864154251,0.693548387096774,0.257090991604266,0.32075943042718,0,
0.691923540554503,0.552673093777388,0.292114695340502,0.583616972997504,0.249562827879091,0,
0.632340278973652,0.688343558282209,0.281162883313421,0.427501701837985,0.370721958531102,0,
0.591527466850353,0.522524101665206,0.673835125448029,0.279101429543907,0.279540344741444,0,
0.336662648527639,0.31954425942156,0.733572281959379,0.571136827773996,0.434673994504122,0,
0.32271396590322,0.312007011393514,0.556152927120669,0.744724302246426,0.170622033474894,0,
0.432236955398657,0.5034180543383,0.302668259657507,0.399818470614931,0.299025730701974,0,
0.425865334940589,0.593865030674847,0.294504181600956,0.318130247333787,0.292030976767424,0,
0.648011021181333,0.361262050832603,0.426125049780964,0.469480372135239,0.209093180114914,0,
0.408989151024625,0.496406660823839,0.62962962962963,0.509643748581802,0.540094928803397,0,
0.765627690718099,0.329710780017528,0.588610115491836,0.295665985931473,0.284536597551836,0,
0.303771310487343,0.323225241016652,0.476702508960573,0.471749489448604,0.32075943042718,0,
0.747373859135526,0.342156003505697,0.393866985264835,0.382800090764693,0.335248563577317,0,
0.729636645427932,0.453637160385627,0.56152927120669,0.477422282732017,0.28228828378716,0,
0.342345445152402,0.451183172655565,0.932696136997212,0.151350124801452,0.229328003997002,0,
0.272602032030308,0.130411919368975,0.710872162485066,0.0964374858180168,0.32075943042718,0,
0.352333390735319,0.394741454864154,0.84010354440462,0.600181529385069,0.425430926804896,0,
0.402100912691579,0.767922874671341,0.521505376344086,0.429090083957341,0.370971771171621,0,
0.251592905114517,0.7954425942156,0.226802070888092,0.288177898797368,0.278541094179365,0,
0.535216118477699,0.546713409290096,0.294504181600956,0.330610392557295,0.300524606545091,0,
0.51816772860341,0.432602979842244,0.686180804460374,0.243476287724075,0.268048963277542,0,
0.33976235577751,0.540753724802805,0.52568697729988,0.434082142046744,0.361229078191356,0,
0.317719993111762,0.357931638913234,0.718239745121466,0.538461538461539,0.32075943042718,0,
0.333562941277768,0.409465381244522,0.873755475906013,0.166326299069662,0.47414439170622,0,
0.352677802651972,0.315863277826468,0.556750298685783,0.879282958928977,0.0804396702473145,0,
0.820561391424143,0.342857142857143,0.433691756272401,0.339459950079419,0.305271046714964,0,
0.402789736524884,0.738124452234882,0.536439665471923,0.273201724529158,0.285036222832875,0,
0.328052350611331,0.35056967572305,0.594982078853047,0.6761969593828,0.220834374219335,0,
0.332529705527811,0.657843996494303,0.497610513739546,0.761515770365328,0.184611541343992,0,
0.322197348028242,0.429272567922875,0.677618478693747,0.252098933514863,0.269797651761179,0,
0.335801618736008,0.320245398773006,0.799880525686977,0.547311095983662,0.47464401698726,0,
0.320991906319959,0.398422436459246,0.878534448426922,0.207170410710234,0.32075943042718,0,
0.331840881694507,0.405609114811569,0.861409796893668,0.167687769457681,0.47464401698726,0,
0.408816945066299,0.635758106923751,0.556352050975707,0.430224642614023,0.280539595303522,0,
0.341656621319098,0.57353198948291,0.734169653524492,0.496936691626957,0.32075943042718,0,
0.319958670570002,0.325679228746713,0.550975706889685,0.716360335829362,0.188108918311267,0,
0.379541932150852,0.685714285714286,0.248108323377141,0.428863172226004,0.281289033225081,0,
0.332013087652833,0.474496056091148,0.621266427718041,0.480145223508055,0.266050462153385,0,
0.346650594110556,0.454864154250657,0.930904022301872,0.167914681189017,0.209592805395953,0,
0.278629240571724,0.334092900964067,0.63878932696137,0.778080326752893,0.092930302273295,0,
0.517306698811779,0.658545135845749,0.522700119474313,0.504651690492399,0.272295778166375,0,
0.599448940933356,0.507800175284838,0.321385902031063,0.332652598139324,0.342243317511866,0,
0.417599448940933,0.682383873794917,0.259856630824373,0.314499659632403,0.32075943042718,0,
0.77992078525917,0.494127957931639,0.307048984468339,0.435216700703426,0.41044216837372,0,
0.259169967280868,0.0757230499561788,0.739944245320589,0.13455865668255,0.32075943042718,0,
0.516962286895126,0.533917616126205,0.294703305455994,0.270705695484457,0.672745440919311,0,
0.332185293611159,0.648904469763365,0.587017124651533,0.248014522350806,0.265051211591307,0,
0.329946616152919,0.2965819456617,0.436877737953007,0.581347855684139,0.686485136147889,0,
0.375064577234372,0.588957055214724,0.793508562325767,0.203993646471523,0.32075943042718,0,
0.331840881694507,0.34022787028922,0.690760653126244,0.0821420467438166,0.215838121408943,0,
0.419321508524195,0.737773882559159,0.564914376742334,0.278193782618561,0.374718960779415,0,
0.42311003960737,0.753198948290973,0.271206690561529,0.315180394826413,0.358481139145641,0,
0.602548648183227,0.610517090271692,0.521306252489048,0.31404583616973,0.370971771171621,0,
0.334423971069399,0.32988606485539,0.738749502190362,0.719537100068073,0.177866600049963,0,
0.411055622524539,0.642769500438212,0.490641178813222,0.450419786702973,0.219335498376218,0,
0.420699156190804,0.458369851007888,0.752289924332935,0.262083049693669,0.406445166125406,0,
0.341312209402445,0.537423312883436,0.527279968140183,0.433401406852734,0.360979265550837,0,
0.389357671775443,0.777212971078002,0.257268020708881,0.427501701837985,0.431926055458406,0,
0.922679524711555,0.182646801051709,0.39426523297491,0.340140685273429,0.297776667499375,0,
0.579645255725848,0.560736196319018,0.303863002787734,0.39596097118221,0.349737696727454,0,
0.68176338901326,0.499035933391762,0.310434090003982,0.325845246199229,0.300774419185611,0,
0.468744618563802,0.554425942156003,0.293508562325767,0.412298615838439,0.279040719460405,0,
0.415016359566041,0.640315512708151,0.252090800477897,0.312684365781711,0.32075943042718,0,
0.337007060444291,0.423663453111306,0.744723217841497,0.258225550260948,0.26255308518611,0,
0.786120199758912,0.195267309377739,0.396057347670251,0.381211708645337,0.297526854858856,0,
0.380747373859135,0.576336546888694,0.601951413779371,0.281143635125936,0.32075943042718,0,
0.747029447218874,0.317090271691499,0.398645957785743,0.388926707510778,0.30776917312016,0,
0.367143103151369,0.603155127081507,0.278176025487853,0.409575675062401,0.355733200099925,0,
0.549681418977097,0.371954425942156,0.334727200318598,0.383253914227366,0.341244066949788,0,
0.43568107456518,0.765644171779141,0.249701314217443,0.482868164284094,0.392705470896827,0,
0.363182366109867,0.791235758106924,0.236559139784946,0.455638756523712,0.274044466650012,0,
0.688651627346306,0.404382120946538,0.518916766228594,0.309507601543,0.375968023982014,0,
0.408128121232995,0.556529360210342,0.306650736758264,0.328114363512594,0.302023482388209,0,
0.60375408989151,0.523575810692375,0.292911190760653,0.33356024506467,0.348238820884337,0,
0.434475632856897,0.721647677475898,0.280565511748307,0.426594054912639,0.264551586310267,0,
0.479938005855003,0.567046450482033,0.288729589804859,0.41547538007715,0.27579315513365,0,
0.943172033752368,0.336371603856266,0.335921943448825,0.335375538915362,0.306769922558081,0,
0.472016531771999,0.577563540753725,0.299084030266826,0.403222146584978,0.2178366225331,0,
0.340795591527467,0.536722173531989,0.563321385902031,0.459269344225096,0.273544841368973,0,
0.707077664887205,0.194040315512708,0.406013540422143,0.403675970047651,0.304271796152885,0,
0.360082658859997,0.456266432953549,0.814615690959777,0.195144088949399,0.32075943042718,0,
0.361804718443258,0.435758106923751,0.773994424532059,0.202178352620831,0.24381713714714,0,
0.252626140864474,0.353549517966696,0.634607726005575,0.182210120263218,0.187859105670747,0,
0.848803168589633,0.302892199824715,0.452807646356033,0.5214431586113,0.248063952035973,0,
0.385741346650594,0.783698510078878,0.230585424133811,0.299523485364193,0.32075943042718,0,
0.612019975891166,0.391411042944785,0.430505774591796,0.404129793510324,0.240819385460904,0,
0.310659548820389,0.398247151621385,0.449024293110315,0.53641933287951,0.593305021234074,0,
0.693645600137765,0.346713409290096,0.340700915969733,0.388472884048105,0.308018985760679,0,
0.370070604442914,0.566170026292726,0.30147351652728,0.409348763331064,0.298276292780415,0,
0.506113311520579,0.564241893076249,0.479490242931103,0.520989335148627,0.50612040969273,0,
0.431375925607026,0.69535495179667,0.521306252489048,0.308146131154981,0.353235073694729,0,
0.548131565352161,0.547765118317266,0.495619275189168,0.567733151803948,0.497376967274544,0,
0.711382813845359,0.281332164767748,0.38331342094783,0.377581120943953,0.342243317511866,0,
0.490614775271224,0.427169149868536,0.328355236957388,0.340594508736102,0.309018236322758,0,
0.345617358360599,0.720245398773006,0.277976901632816,0.312003630587701,0.286285286035473,0,
0.473910797313587,0.681156879929886,0.293508562325767,0.325391422736555,0.363977017237072,0,
0.799035646633373,0.319368974583699,0.540621266427718,0.435216700703426,0.280539595303522,0,
0.835198897881867,0.327256792287467,0.408203902827559,0.407760381211709,0.305520859355483,0,
0.654727053556053,0.294829097283085,0.34468339307049,0.380304061719991,0.309018236322758,0,
0.869295677630446,0.184224364592463,0.340900039824771,0.342863626049467,0.30751936047964,0,
0.318064405028414,0.354601226993865,0.711668657905217,0.358747447243022,0.32075943042718,0,
0.317375581195109,0.404206836108677,0.750298685782557,0.219877467665078,0.255558331251561,0,
0.344928534527295,0.585977212971078,0.273795300677021,0.427955525300658,0.290032475643268,0,
0.35543309798519,0.615775635407537,0.25647152528873,0.407533469480372,0.357981513864602,0,
0.309798519028758,0.277826468010517,0.429111907606531,0.674381665532108,0.779915063702223,0,
0.768555192009644,0.341980718667835,0.39426523297491,0.382800090764693,0.305770671996003,0,
0.479249182021698,0.365994741454864,0.332536837913182,0.375992738824597,0.334499125655758,0,
0.646633373514724,0.437510955302366,0.422939068100358,0.411844792375766,0.304271796152885,0,
0.319442052695023,0.372655565293602,0.664675428116288,0.720898570456093,0.32075943042718,0,
0.616152918890994,0.388957055214724,0.514336917562724,0.724075334694804,0.209342992755433,0,
0.356294127776821,0.54601226993865,0.588809239346874,0.257090991604266,0.32075943042718,0,
0.884449801963148,0.297808939526731,0.340900039824771,0.343998184706149,0.337996502623033,0,
0.46168417427243,0.630148992112182,0.295898048586221,0.401633764465623,0.280539595303522,0,
0.725503702428104,0.293777388255916,0.53126244524094,0.690265486725664,0.228078940794404,0,
0.801790941966592,0.295705521472393,0.648944643568299,0.298388926707511,0.28878341244067,0,
0.375753401067677,0.449255039439088,0.870171246515333,0.198774676650783,0.249063202598051,0,
0.335801618736008,0.41262050832603,0.887495021903624,0.16383027002496,0.473394953784662,0,
0.316686757361805,0.496231375985977,0.654121863799283,0.184933061039256,0.32075943042718,0,
0.362321336318237,0.457668711656442,0.529669454400637,0.460403902881779,0.287034723957032,0,
0.677458240055106,0.328308501314636,0.39705296694544,0.380077149988654,0.337996502623033,0,
0.389357671775443,0.767747589833479,0.240939864595779,0.446789199001588,0.277042218336248,0,
0.603065266058206,0.450482033304119,0.317005177220231,0.39074200136147,0.344741443917062,0,
0.491992422937834,0.685714285714286,0.278176025487853,0.517812570909916,0.458656007994005,0,
0.310659548820389,0.295004382120946,0.453205894066109,0.769230769230769,0.0617037222083438,0,
0.411055622524539,0.631726555652936,0.655515730784548,0.278420694349898,0.279040719460405,0,
0.558808334768383,0.595793163891323,0.477499004380725,0.530746539596097,0.426430177366975,0,
0.305148958153952,0.279053461875548,0.434488251692553,0.587247560698888,0.32075943042718,0,
0.254692612364388,0.761262050832603,0.239346873755476,0.283866575901974,0.278041468898326,0,
0.651627346306182,0.567572304995618,0.538829151732378,0.30428863172226,0.3592305770672,0,
0.368865162734631,0.660122699386503,0.272799681401832,0.307465395960971,0.291531351486385,0,
0.553642156018598,0.683786152497809,0.268219832735962,0.44860449285228,0.414189357981514,0,
0.345100740485621,0.815775635407537,0.2389486260454,0.298388926707511,0.279790157381964,0,
0.314964697778543,0.330061349693252,0.624651533253684,0.569321533923304,0.217586809892581,0,
0.346306182193904,0.478878177037686,0.66547192353644,0.256637168141593,0.257057207094679,0,
0.673153091096952,0.462927256792287,0.451214655515731,0.478783753120036,0.506869847614289,0,
0.35543309798519,0.559158632778265,0.881919553962565,0.221465849784434,0.258805895578316,0,
0.743757534010677,0.382120946538124,0.330943847072879,0.379396414794645,0.308768423682238,0,
0.942311003960737,0.184574934268186,0.393866985264835,0.340594508736102,0.30152385710717,0,
0.494058894437747,0.684662576687117,0.257666268418957,0.523031540730656,0.442667999000749,0,
0.417255037024281,0.511305872042068,0.290521704500199,0.327206716587248,0.34599050711966,0,
0.405717237816428,0.489395267309378,0.714655515730784,0.515089630133878,0.257556832375718,0,
0.226450835198898,0.0929009640666082,0.304659498207885,0.335602450646698,0.303522358231327,0,
0.399173411400034,0.410692375109553,0.796694544006372,0.267755842977082,0.453909567824132,0,
0.415705183399346,0.460473269062226,0.718239745121466,0.229180848649875,0.26929802648014,0,
0.831065954882039,0.317090271691499,0.409199522102748,0.326752893124575,0.451661254059455,0,
0.419321508524195,0.784750219106047,0.215651135005974,0.467211254821874,0.368223832125906,0,
0.468055794730498,0.367572304995618,0.33910792512943,0.375765827093261,0.340994254309268,0,
0.780437403134148,0.187905346187555,0.387295898048586,0.385523031540731,0.306270297277042,0,
0.350266919235405,0.491673970201577,0.787933094384707,0.210347174948945,0.468898326255309,0,
0.332529705527811,0.541805433829974,0.649342891278375,0.597458588609031,0.19860104921309,0,
0.43344239710694,0.424364592462752,0.317602548785344,0.391195824824143,0.296277791656258,0,
0.691923540554503,0.281858019281332,0.699123855037833,0.268663489902428,0.387959030726955,0,
0.337179266402618,0.474320771253287,0.738351254480287,0.540049920580894,0.32075943042718,0,
0.915963492336835,0.170201577563541,0.333930704898447,0.379396414794645,0.304521608793405,0,
0.366282073359738,0.0494303242769501,0.14615690959777,0.257998638529612,0.249313015238571,0,
0.327707938694679,0.44487291849255,0.731381919553963,0.22759246653052,0.26255308518611,0,
0.838298605131738,0.359158632778265,0.41816009557945,0.312230542319038,0.46789907569323,0,
0.826244188048906,0.29535495179667,0.633612106730386,0.285228046289993,0.289283037721709,0,
0.715171344928534,0.388255915863278,0.439466348068499,0.443839346494214,0.427929053210092,0,
0.451524022731186,0.687642418930763,0.248506571087216,0.300884955752212,0.280039970022483,0,
0.356121921818495,0.388431200701139,0.802270011947431,0.609484910369866,0.428678491131651,0,
0.403306354399862,0.596143733567046,0.279569892473118,0.317676423871114,0.29477891581314,0,
0.432925779231961,0.669588080631025,0.525487853444843,0.427047878375312,0.281039220584562,0,
0.799380058550026,0.33444347063979,0.336917562724014,0.378942591331972,0.335748188858356,0,
0.343550886860685,0.562664329535495,0.589804858622063,0.549353301565691,0.212340744441669,0,
0.668503530222146,0.405609114811569,0.330346475507766,0.389380530973451,0.347239570322258,0,
0.317031169278457,0.281858019281332,0.45400238948626,0.597458588609031,0.73694728953285,0,
0.623385569140692,0.45521472392638,0.313819195539626,0.384388472884048,0.304521608793405,0,
0.315481315653522,0.33339176161262,0.527279968140183,0.475380077149989,0.32075943042718,0,
0.356638539693473,0.415249780893953,0.920350457984866,0.180394826412526,0.32075943042718,0,
0.318064405028414,0.320595968448729,0.528275587415372,0.440435670524166,0.274793904571571,0,
0.740657826760806,0.306573181419807,0.334328952608522,0.340594508736102,0.350487134649013,0,
0.853969347339418,0.346538124452235,0.398048586220629,0.384161561152712,0.304271796152885,0,
0.390046495608748,0.818930762489045,0.242333731581043,0.529158157476742,0.253310017486885,0,
0.404856208024798,0.675547765118317,0.543010752688172,0.43498978897209,0.32075943042718,0,
0.308420871362149,0.310254163014899,0.448028673835125,0.526208304969367,0.140644516612541,0,
0.332185293611159,0.407537248028046,0.808243727598566,0.211027910142954,0.246814888833375,0,
0.500086102979163,0.558457493426819,0.457586618876941,0.504197867029725,0.48713464901324,0,
0.38952987773377,0.410166520595968,0.776184786937475,0.271840254141139,0.452660504621534,0,
0.7992078525917,0.347765118317266,0.660294703305456,0.283639664170638,0.290032475643268,0,
0.335112794902704,0.338299737072743,0.473118279569892,0.703199455411845,0.651761179115663,0,
0.608059238849664,0.714811568799299,0.288928713659896,0.320399364647152,0.296027979015738,0,
0.277423798863441,0.466257668711656,0.305455993628037,0.528023598820059,0.254309268048963,0,
0.723953848803168,0.313409290096407,0.404818797291916,0.397322441570229,0.304271796152885,0,
0.265541587738936,0.616476774758983,0.562923138191955,0.243022464261402,0.32075943042718,0,
0.336146030652661,0.670464504820333,0.257467144563919,0.437485818016791,0.286535098675993,0,
0.389874289650422,0.43908851884312,0.599960175228992,0.286362604946676,0.381214089432925,0,
0.283623213363182,0.320595968448729,0.627240143369176,0.74903562514182,0.172370721958531,0,
0.340278973652488,0.426643295354952,0.806849860613301,0.626503290220104,0.32075943042718,0,
0.346306182193904,0.594566170026293,0.264834727200319,0.435897435897436,0.32075943042718,0,
0.504219045978991,0.391060473269062,0.416965352449223,0.383253914227366,0.341244066949788,0,
0.358188393318409,0.510429447852761,0.491238550378335,0.303380984796914,0.28878341244067,0,
0.324608231444808,0.310955302366345,0.617483074472322,0.720671658724756,0.162877841618786,0,
0.419321508524195,0.656266432953549,0.277180406212664,0.315634218289086,0.371221583812141,0,
0.530049939727915,0.423312883435583,0.459378733572282,0.330156569094622,0.37796652510617,0,
0.399173411400034,0.727256792287467,0.237753882915173,0.459950079419106,0.57082188358731,0,
0.724814878594799,0.398071866783523,0.443647949024293,0.334467891990016,0.306020484636523,0,
0.491131393146203,0.594040315512708,0.52389486260454,0.651463580667121,0.228578566075443,0,
0.367487515068021,0.350219106047327,0.740939864595779,0.590197413206263,0.407444416687484,0,
0.320647494403306,0.330411919368975,0.485463958582238,0.891309280689812,0.126655008743442,0,
0.55398656793525,0.479754601226994,0.317403424930307,0.389153619242115,0.300774419185611,0,
0.355260892026864,0.368273444347064,0.846674631620868,0.716814159292035,0.190107419435423,0,
0.507318753228862,0.430499561787905,0.754082039028276,0.487860222373497,0.393454908818386,0,
0.626657482348889,0.480806310254163,0.315611310234966,0.390288177898797,0.30152385710717,0,
0.475632856896849,0.625766871165644,0.284547988849064,0.313592012707057,0.277042218336248,0,
0.333390735319442,0.407011393514461,0.460971724412585,0.469707283866576,0.451911066699975,0,
0.643189254348201,0.535144609991236,0.505774591796097,0.321307011572498,0.35898076442668,0,
0.714999138970208,0.195617879053462,0.40720828355237,0.396414794644883,0.305520859355483,0,
0.389702083692096,0.577388255915863,0.824372759856631,0.225096437485818,0.245815638271297,0,
0.85345272946444,0.432602979842244,0.433890880127439,0.422055820285909,0.353734698975768,0,
0.336146030652661,0.636459246275197,0.560732775786539,0.486044928522805,0.383462403197602,0,
0.544343034268986,0.505170902716915,0.439466348068499,0.420240526435217,0.357981513864602,0,
0.336662648527639,0.78387379491674,0.262046993229789,0.647832992965736,0.22458156382713,0,
0.462717410022387,0.653286590709904,0.265232974910394,0.321533923303835,0.293529852610542,0,
0.352505596693646,0.317966695880806,0.741138988450816,0.653278874517813,0.49387959030727,0,
0.839848458756673,0.184399649430324,0.340900039824771,0.379169503063308,0.302273295028728,0,
0.358532805235061,0.403505696757231,0.766626841895659,0.590651236668936,0.452410691981014,0,
0.460823144480799,0.368273444347064,0.326762246117085,0.3380984796914,0.348488633524856,0,
0.331324263819528,0.420508326029798,0.819792911190761,0.190832766054005,0.206844866350237,0,
0.468744618563802,0.514285714285714,0.313620071684588,0.334014068527343,0.348238820884337,0,
0.638884105390046,0.620508326029798,0.259657506969335,0.460857726344452,0.391956032975269,0,
0.308076459445497,0.340578439964943,0.651931501393867,0.714771953710007,0.32075943042718,0,
0.777854313759256,0.360385626643295,0.333731581043409,0.408668028137055,0.298775918061454,0,
0.920268641294989,0.181069237510955,0.394663480684986,0.342409802586794,0.309517861603797,0,
0.411227828482865,0.483786152497809,0.534249303066507,0.293169956886771,0.362977766674994,0,
0.337007060444291,0.439789658194566,0.844285145360414,0.199909235307465,0.643017736697477,0,
0.509729636645428,0.354425942156003,0.338709677419355,0.384161561152712,0.347989008243817,0,
0.479421387980024,0.463978965819457,0.433492632417364,0.333106421601997,0.33999500374719,0,
0.342862063027381,0.351446099912358,0.651334129828753,0.835262083049694,0.184361728703472,0,
0.324436025486482,0.307099035933392,0.552568697729988,0.917177218062174,0.109667749188109,0,
0.442569312898226,0.832077125328659,0.231381919553963,0.303154073065577,0.286035473394954,0,
0.351472360943689,0.371428571428571,0.852449223416965,0.13523939187656,0.206095428428678,0,
0.722059583261581,0.279053461875548,0.344086021505376,0.37712729748128,0.309018236322758,0,
0.269674530738764,0.417879053461876,0.836718438868976,0.172226004084411,0.32075943042718,0,
0.332529705527811,0.431726555652936,0.85941855834329,0.213977762650329,0.32075943042718,0,
0.384880316858963,0.612445223488168,0.50278773397053,0.452688904016338,0.229827629278041,0,
0.503874634062339,0.456441717791411,0.837913181999204,0.244157022918085,0.272795403447414,0,
0.82383330463234,0.369675723049956,0.32994822779769,0.33877921488541,0.305520859355483,0,
0.563113483726537,0.490622261174408,0.310234966148945,0.338325391422737,0.340744441668748,0,
0.806268296883072,0.293251533742331,0.631819992035046,0.474472430224643,0.262303272545591,0,
0.782331668675736,0.293251533742331,0.417363600159299,0.393691853868845,0.300774419185611,0,
0.499397279145858,0.404206836108677,0.316806053365193,0.388019060585432,0.34599050711966,0,
0.342689857069055,0.378264680105171,0.707487056949422,0.556160653505786,0.32075943042718,0,
0.353022214568624,0.694829097283085,0.256869772998805,0.29975039709553,0.286784911316513,0,
0.326674702944722,0.585451358457493,0.735563520509757,0.222600408441116,0.262303272545591,0,
0.338212502152574,0.444522348816827,0.853643966547192,0.206943498978897,0.244566575068699,0,
0.411572240399518,0.744609991235758,0.249900438072481,0.308373042886317,0.286035473394954,0,
0.442224900981574,0.583523225241017,0.276583034647551,0.412752439301112,0.286535098675993,0,
0.338556914069227,0.417528483786152,0.921943448825169,0.172906739278421,0.32075943042718,0,
0.464267263647322,0.644171779141104,0.281362007168459,0.312911277513047,0.32075943042718,0,
0.373859135526089,0.456792287467134,0.776383910792513,0.227365554799183,0.226330252310767,0,
0.371276046151197,0.456091148115688,0.672441258462764,0.263898343544361,0.229827629278041,0,
0.361115894609953,0.402103418054338,0.869175627240143,0.179487179487179,0.237571821134149,0,
0.768210780092991,0.281682734443471,0.39984070091597,0.40639891082369,0.302023482388209,0,
0.340278973652488,0.391060473269062,0.768219832735962,0.72044474699342,0.32075943042718,0,
0.472016531771999,0.518492550394391,0.463560334528076,0.435897435897436,0.255058705970522,0,
0.319786464611676,0.405258545135846,0.85941855834329,0.189244383934649,0.32075943042718,0,
0.628035130015498,0.406134969325153,0.399044205495818,0.390515089630134,0.354484136897327,0,
0.404684002066471,0.615950920245399,0.285941855834329,0.318130247333787,0.365975518361229,0,
0.560702600309971,0.605083260297984,0.289127837514934,0.322895393691854,0.359480389707719,0,
0.500602720854141,0.418229623137599,0.321585025886101,0.339913773542092,0.307019735198601,0,
0.40072326502497,0.47361963190184,0.288928713659896,0.321760835035171,0.302023482388209,0,
0.339934561735836,0.588080631025416,0.560533651931501,0.450873610165646,0.32075943042718,0,
0.342517651110728,0.435758106923751,0.517722023098367,0.44474699341956,0.40394703972021,0,
0.705700017220596,0.435232252410166,0.313620071684588,0.341275243930111,0.32075943042718,0,
0.765283278801446,0.193339176161262,0.39705296694544,0.380984796914,0.339245565825631,0,
0.312553814361977,0.298334794040315,0.459776981282358,0.754027683231223,0.32075943042718,0,
0.337351472360944,0.476073619631902,0.640979689366786,0.240072611754028,0.32075943042718,0,
0.460823144480799,0.703943908851884,0.511748307447232,0.552303154073066,0.255058705970522,0,
0.905975546753918,0.184049079754601,0.398645957785743,0.341275243930111,0.337247064701474,0,
0.308420871362149,0.295705521472393,0.461967343687774,0.110732924892217,0.32075943042718,0,
0.691406922679525,0.378264680105171,0.33552369573875,0.37712729748128,0.345241069198101,0,
0.350266919235405,0.385276073619632,0.54320987654321,0.559337417744497,0.516862353235074,1,
0.368520750817978,0.324802804557406,0.69115890083632,0.610165645563876,0.803397451911067,1,
0.331840881694507,0.285714285714286,0.480485862206292,0.71000680735194,0.561578815888084,1,
0.32633029102807,0.307099035933392,0.502190362405416,0.801906058543227,0.693729702722958,1,
0.36352677802652,0.415950920245399,0.496216646754281,0.581574767415475,0.237821633774669,1,
0.313931462028586,0.392988606485539,0.517722023098367,0.808940322214659,0.119410442168374,1,
0.321852936111589,0.41384750219106,0.540023894862604,0.648740639891082,0.32075943042718,1,
0.419493714482521,0.364066608238387,0.727399442453206,0.853641933287951,0.182862852860355,1,
0.48854830377131,0.338299737072743,0.702309836718439,0.503063308373043,0.255808143892081,1,
0.338212502152574,0.391411042944785,0.803663878932696,0.220558202859088,0.227829128153885,1,
0.50783537110384,0.679228746713409,0.563918757467144,0.528704334014069,0.275293529852611,1,
0.320647494403306,0.311656441717791,0.46594982078853,0.538007714998865,0.32075943042718,1,
0.440330635439986,0.465907099035933,0.779569892473118,0.235080553664624,0.255058705970522,1,
0.341656621319098,0.403680981595092,0.909199522102748,0.180394826412526,0.222832875343492,1,
0.456517995522645,0.305170902716915,0.757666268418956,0.214885409575675,0.405695728203847,1,
0.418288272774238,0.436985100788782,0.748307447232178,0.525754481506694,0.641768673494879,1,
0.323402789736525,0.354951796669588,0.46415770609319,0.534830950760154,0.32075943042718,1,
0.463750645772344,0.443120070113935,0.760852250099562,0.533015656909462,0.427679240569573,1,
0.408300327191321,0.336546888694128,0.784348864994026,0.591558883594282,0.635023732200849,1,
0.349233683485449,0.472567922874671,0.770410195141378,0.615384615384615,0.605795653260055,1,
0.364732219734803,0.367046450482033,0.436280366387893,0.700703426367143,0.159130652010992,1,
0.343723092819012,0.360560911481157,0.887096774193548,0.186067619695938,0.443917062203348,1,
0.374203547442741,0.420508326029798,0.82078853046595,0.605627410937145,0.548088933300025,1,
0.34423971069399,0.381419807186678,0.697331740342493,0.220558202859088,0.447414439170622,1,
0.311692784570346,0.320595968448729,0.53584229390681,0.554799183117767,0.32075943042718,1,
0.327535732736353,0.361086765994741,0.540223018717642,0.2809167233946,0.637022233325006,1,
0.345445152402273,0.31726555652936,0.741537236160892,0.677331518039483,0.701973519860105,1,
0.328741174444636,0.308501314636284,0.487056949422541,0.683004311322895,0.823382463152636,1,
0.374547959359394,0.296231375985977,0.735563520509757,0.907193101883367,0.150886834873845,1,
0.410883416566213,0.419982471516214,0.598168060533652,0.596777853415022,0.780414688983262,1,
0.349233683485449,0.433128834355828,0.536638789326961,0.793056501021103,0.144891331501374,1,
0.391940761150336,0.329184925503944,0.753285543608124,0.622645790787384,0.71796152885336,1,
0.39262958498364,0.32760736196319,0.66726403823178,0.547991831177672,0.440169872595553,1,
0.404684002066471,0.44943032427695,0.633014735165273,0.58384388472884,0.695978016487634,1,
0.347167211985535,0.362664329535495,0.508363201911589,0.635806671204901,0.100924306769923,1,
0.278112622696745,0.331113058720421,0.547988849064118,0.575901974132063,0.139895078690982,1,
0.336146030652661,0.341104294478528,0.881720430107527,0.667347401860676,0.585560829377967,1,
0.33528500086103,0.331288343558282,0.515929908403027,0.714771953710007,0.0806894828878341,1,
0.367659721026347,0.365994741454864,0.516726403823178,0.629226230996142,0.609792655508369,1,
0.237816428448424,0.343908851884312,0.538430904022302,0.645110052189698,0.574069447914064,1,
0.3271913208197,0.415249780893953,0.483273596176822,0.597231676877695,0.32075943042718,1,
0.345272946443947,0.337598597721297,0.527479091995221,0.794644883140458,0.161878591056707,1,
0.355949715860169,0.370727432077125,0.533851055356432,0.673247106875425,0.623532350736947,1,
0.329085586361288,0.370201577563541,0.482477100756671,0.849330610392557,0.087184611541344,1,
0.347167211985535,0.369851007887818,0.535244922341696,0.669389607442705,0.619535348488633,1,
0.476493886688479,0.320420683610868,0.729589804858622,0.536192421148173,0.258556082937797,1,
0.313587050111934,0.327957931638913,0.46136997212266,0.464942137508509,0.700974269298026,1,
0.424143275357327,0.48045574057844,0.658502588610115,0.290900839573406,0.242568073944542,1,
0.452557258481143,0.672743207712533,0.277379530067702,0.578851826639437,0.24981264051961,1,
0.343550886860685,0.411042944785276,0.748904818797292,0.610165645563876,0.685485885585811,1,
0.378336490442569,0.368098159509202,0.774392672242134,0.223508055366462,0.32075943042718,1,
0.360943688651627,0.342857142857143,0.666666666666667,0.809167233945995,0.32075943042718,1,
0.376614430859308,0.740403155127082,0.252887295898049,0.487406398910824,0.528353734698976,1,
0.375408989151025,0.347589833479404,0.751095181202708,0.698207397322442,0.659755183612291,1,
0.362837954193215,0.690622261174408,0.765232974910394,0.266621284320399,0.274294279290532,1,
0.367143103151369,0.401051709027169,0.611111111111111,0.555026094849104,0.849362977766675,1,
0.38591355260892,0.319018404907975,0.510553564317005,0.73405945087361,0.164376717461904,1,
0.320303082486654,0.298159509202454,0.416567104739148,0.46811890174722,0.32075943042718,1,
0.377992078525917,0.665381244522349,0.222023098367184,0.295665985931473,0.283787159630277,1,
0.335973824694334,0.315687992988606,0.487853444842692,0.656228727025187,0.825630776917312,1,
0.344067504735664,0.339702015775635,0.462166467542812,0.65214431586113,0.575568323757182,1,
0.324091613569829,0.372129710780018,0.63878932696137,0.750397095529839,0.161129153135149,1,
0.340623385569141,0.431375985977213,0.788331342094783,0.168595416383027,0.571821134149388,1,
0.32633029102807,0.335495179666959,0.474512146555157,0.590424324937599,0.32075943042718,1,
0.332185293611159,0.358457493426819,0.517921146953405,0.64306784660767,0.32075943042718,1,
0.350783537110384,0.442769500438212,0.753086419753086,0.597231676877695,0.142393205096178,1,
0.316170139486826,0.27011393514461,0.410195141377937,0.460857726344452,0.53235073694729,1,
0.336146030652661,0.341805433829974,0.697530864197531,0.206489675516224,0.855608293779665,1,
0.545720681935595,0.463628396143734,0.697530864197531,0.252325845246199,0.279040719460405,1,
0.340451179610815,0.373707274320771,0.622062923138192,0.503970955298389,0.32075943042718,1,
0.322886171861546,0.305170902716915,0.435483870967742,0.663943725890629,0.106669997501874,1,
0.413810917857758,0.38387379491674,0.680605336519315,0.566371681415929,0.694479140644517,1,
0.274840709488548,0.155828220858896,0.200517722023098,0.157703653278875,0.32075943042718,1,
0.281901153779921,0.36441717791411,0.688968538430904,0.659178579532562,0.568323757182113,1,
0.355949715860169,0.525854513584575,0.282954998008761,0.279101429543907,0.476642518111416,1,
0.396418116066816,0.320946538124452,0.820589406610912,0.56047197640118,0.212090931801149,1,
0.41415532977441,0.517090271691499,0.716248506571087,0.523485364193329,0.620284786410192,1,
0.465300499397279,0.474145486415425,0.681202708084428,0.635579759473565,0.188108918311267,1,
0.44687446185638,0.330587204206836,0.626045400238949,0.681189017472203,0.699475393454909,1,
0.355605303943516,0.324802804557406,0.845679012345679,0.567052416609939,0.559830127404447,1,
0.338384708110901,0.421735319894829,0.802867383512545,0.206035852053551,0.113165126155383,1,
0.366109867401412,0.364767747589833,0.754480286738351,0.566371681415929,0.670247314514114,1,
0.45806784914758,0.308150744960561,0.620469932297889,0.659632402995235,0.550337247064702,1,
0.421387980024109,0.412971078001753,0.631023496614894,0.132289539369185,0.750936797401949,1,
0.313587050111934,0.350219106047327,0.636798088410992,0.358747447243022,0.32075943042718,1,
0.32047528844498,0.263628396143734,0.329749103942652,0.520762423417291,0.0866849862603048,1,
0.346133976235578,0.0902716914986853,0.627240143369176,0.253233492171545,0.44891331501374,1,
0.365248837609781,0.494478527607362,0.6342094782955,0.756977535738598,0.32075943042718,1,
0.53159979335285,0.374934268185802,0.853245718837117,0.230769230769231,0.260054958780914,1,
0.334596177027725,0.321121822962314,0.457188371166866,0.664624461084638,0.109917561828629,1,
0.353883244360255,0.581069237510955,0.598964555953803,0.474472430224643,0.229328003997002,1,
0.346995006027209,0.441016652059597,0.866786140979689,0.213977762650329,0.191606295278541,1,
0.344756328568968,0.392988606485539,0.866387893269614,0.207170410710234,0.190856857356982,1,
0.331496469777854,0.400525854513585,0.84647550776583,0.17426820966644,0.624281788658506,1,
0.423971069399001,0.48045574057844,0.658303464755078,0.290900839573406,0.242568073944542,1,
0.305493370070604,0.2943032427695,0.52389486260454,0.785114590424325,0.1668748438671,1,
0.323574995694851,0.362664329535495,0.69115890083632,0.68073519400953,0.597302023482388,1,
0.354744274151886,0.353374233128834,0.768219832735962,0.684138869979578,0.727204596552586,1,
0.355088686068538,0.302541630148992,0.685981680605336,0.681642840934876,0.488383712215838,1,
0.344584122610642,0.42296231375986,0.765432098765432,0.570456092579986,0.596802398201349,1,
0.404339590149819,0.364767747589833,0.746515332536838,0.645790787383708,0.188858356232825,1,
0.344584122610642,0.452760736196319,0.699123855037833,0.892216927615158,0.143392455658256,1,
0.396762527983468,0.46327782646801,0.70589406610912,0.510551395507148,0.619535348488633,1,
0.366798691234717,0.415425065731814,0.600557546794106,0.879282958928977,0.590307269547839,1,
0.360943688651627,0.474846625766871,0.706292313819195,0.611527115951895,0.207844116912316,1,
0.366970897193043,0.373356704645048,0.750497809637595,0.185386884501929,0.451411441418936,1,
0.388496641983813,0.588431200701139,0.530465949820788,0.298842750170184,0.25655758181364,1,
0.382813845359049,0.408764241893076,0.658900836320191,0.561152711595189,0.233075193604796,1,
0.34647838815223,0.381069237510955,0.673835125448029,0.990696619015203,0.144141893579815,1,
0.3159979335285,0.351796669588081,0.596575069693349,0.710914454277286,0.32075943042718,1,
0.354399862235233,0.315162138475022,0.764635603345281,0.564556387565237,0.418186360229828,1,
0.358705011193387,0.357230499561788,0.793508562325767,0.538007714998865,0.479640269797652,1,
0.36214913035991,0.412445223488168,0.60294703305456,0.769230769230769,0.701723707219585,1,
0.317719993111762,0.414022787028922,0.488450816407806,0.651236668935784,0.32075943042718,1,
0.383158257275702,0.503067484662577,0.727399442453206,0.749943272067166,0.201099175618286,1,
0.385741346650594,0.524627519719544,0.748506571087216,0.683685046516905,0.213090182363228,1,
0.329946616152919,0.36091148115688,0.516328156113102,0.744043567052417,0.531351486385211,1,
0.314275873945238,0.407887817703769,0.492433293508562,0.682777399591559,0.32075943042718,1,
0.391251937317031,0.665205959684487,0.59836718438869,0.547084184252326,0.228078940794404,1,
0.344067504735664,0.430674846625767,0.512345679012346,0.651463580667121,0.135898076442668,1,
0.44911313931462,0.38965819456617,0.576463560334528,0.571363739505332,0.263302523107669,1,
0.331152057861202,0.338299737072743,0.502986857825567,0.824597231676878,0.575318511116662,1,
0.353538832443603,0.334794040315513,0.750497809637595,0.571363739505332,0.491131651261554,1,
0.202686412949888,0.100964066608238,0.193548387096774,0.226457907873837,0.646515113664751,1,
0.419493714482521,0.643470639789658,0.561728395061728,0.498978897208986,0.503872095928054,1,
0.499569485104185,0.522699386503067,0.582039028275587,0.462673020195144,0.265051211591307,1,
0.343550886860685,0.394040315512708,0.587017124651533,0.58974358974359,0.32075943042718,1,
0.38815223006716,0.270990359333918,0.67921146953405,0.556841388699796,0.170372220834374,1,
0.361115894609953,0.419631901840491,0.717642373556352,0.660086226457908,0.594304271796153,1,
0.315825727570174,0.302541630148992,0.467343687773795,0.677331518039483,0.32075943042718,1,
0.377131048734286,0.359158632778265,0.146754281162883,0.132062627637849,0.124656507619286,1,
0.343206474944033,0.42646801051709,0.520708880923935,0.872248695257545,0.164876342742943,1,
0.393318408816945,0.480280455740578,0.835125448028674,0.210574086680281,0.252060954284287,1,
0.464439469605648,0.50920245398773,0.611509358821187,0.278647606081234,0.565326005495878,1,
0.3271913208197,0.321297107800175,0.528872958980486,0.548672566371681,0.32075943042718,1,
0.434647838815223,0.468536371603856,0.518120270808443,0.441570229180849,0.530352235823133,1,
0.354744274151886,0.372304995617879,0.481282357626444,0.626276378488768,0.654758930801899,1,
0.38143619769244,0.312708150744961,0.704301075268817,0.59882005899705,0.23082687984012,1,
0.328396762527983,0.347940403155127,0.573277578653923,0.498525073746313,0.68598551086685,1,
0.396590322025142,0.359158632778265,0.675627240143369,0.26979804855911,0.40994254309268,1,
0.384363698983985,0.698334794040316,0.261449621664675,0.460630814613115,0.495128653509868,1,
0.439297399690029,0.587554776511832,0.542811628833134,0.477649194463354,0.479140644516613,1,
0.378164284484243,0.437861524978089,0.856829948227798,0.573632856818698,0.232825380964277,1,
0.365248837609781,0.333041191936897,0.716447630426125,0.663036078965282,0.595303522358231,1,
0.335973824694334,0.322173531989483,0.589207487056949,0.595189471295666,0.32075943042718,1,
0.32633029102807,0.312182296231376,0.515929908403027,0.520535511685954,0.500624531601299,1,
0.378336490442569,0.2988606485539,0.736559139784946,0.917631041524847,0.146390207344492,1,
0.378680902359222,0.390534618755478,0.231780167264038,0.213977762650329,0.398950786909818,1,
0.321336318236611,0.359509202453988,0.709876543209876,0.587247560698888,0.32075943042718,1,
0.388496641983813,0.339877300613497,0.857228195937873,0.578624914908101,0.439920059955034,1,
0.50111933872912,0.577388255915863,0.624850657108722,0.582482414340821,0.240069947539345,1,
0.346822800068882,0.349167397020158,0.434886499402628,0.610846380757885,0.485385960529603,1,
0.312726020320303,0.316213847502191,0.510951812027081,0.530746539596097,0.32075943042718,1,
0.404856208024798,0.707099035933392,0.541019514137794,0.563648740639891,0.240569572820385,1,
0.446530049939728,0.337773882559159,0.639784946236559,0.6761969593828,0.668498626030477,1,
0.268296883072154,0.340052585451358,0.480286738351254,0.631722260040844,0.10891831126655,1,
0.313414844153608,0.357931638913234,0.448028673835125,0.55071477195371,0.32075943042718,1,
0.42087136214913,0.388431200701139,0.736957387495022,0.722033129112775,0.128903322508119,1,
