540,5,2,
0.353022214568624,0.440490797546012,0.788729589804859,0.226230996142501,0.252810392205846,0,
0.381091785775788,0.426292725679229,0.63878932696137,0.277513047424552,0.384961279040719,0,
0.25951437919752,0.65398773006135,0.55057745917961,0.470161107329249,0.32075943042718,0,
0.690545892887894,0.289570552147239,0.438669852648347,0.339459950079419,0.338496127904072,0,
0.45582917168934,0.64364592462752,0.283154121863799,0.44928522804629,0.612290781913565,0,
0.460995350439125,0.677125328659071,0.256272401433692,0.594962559564329,0.248813389957532,0,
0.773721370759428,0.282559158632778,0.618478693747511,0.287497163603358,0.394703972020984,0,
0.334940588944377,0.332340052585451,0.453803265631223,0.579078738370774,0.585061204096927,0,
0.35991045290167,0.576336546888694,0.496415770609319,0.461311549807125,0.32075943042718,0,
0.818322713965903,0.326555652936021,0.410792512943051,0.321307011572498,0.440669497876593,0,
0.154813156535216,0.387554776511832,0.305455993628037,0.436124347628772,0.207844116912316,0,
0.794213879800241,0.295530236634531,0.419753086419753,0.392557295212162,0.300524606545091,0,
0.355260892026864,0.712357581069238,0.28673835125448,0.316768776945768,0.362977766674994,0,
0.327880144653005,0.543207712532866,0.496814018319395,0.43498978897209,0.32075943042718,0,
0.416566213190976,0.857142857142857,0.221027479091995,0.435670524166099,0.285535848113915,0,
0.447563285689685,0.618755477651183,0.28494623655914,0.312911277513047,0.383212590557082,0,
0.686585155846392,0.191586327782647,0.405814416567105,0.398683911958248,0.299525355983013,0,
0.380575167900809,0.635933391761613,0.248904818797292,0.308373042886317,0.32075943042718,0,
0.777509901842604,0.360385626643295,0.333731581043409,0.408668028137055,0.298775918061454,0,
0.500086102979163,0.53567046450482,0.307048984468339,0.398457000226912,0.299275543342493,0,
0.45806784914758,0.357405784399649,0.33452807646356,0.379396414794645,0.305520859355483,0,
0.51455140347856,0.640666082383874,0.291517323775388,0.313138189244384,0.364476642518111,0,
0.328052350611331,0.342857142857143,0.543010752688172,0.733832539142274,0.203847114664002,0,
0.322197348028242,0.392638036809816,0.525288729589805,0.591785795325618,0.234074444166875,0,
0.35904942311004,0.450306748466258,0.527877339705297,0.281597458588609,0.437172120909318,0,
0.3903909075254,0.56319018404908,0.597769812823576,0.441116405718176,0.28228828378716,0,
0.724814878594799,0.311130587204207,0.697530864197531,0.270932607215793,0.284286784911317,0,
0.367315309109695,0.336897458369851,0.558144165671047,0.884728840481053,0.130402198351237,0,
0.318064405028414,0.332340052585451,0.508761449621665,0.863399137735421,0.161129153135149,0,
0.416221801274324,0.358808063102542,0.861608920748706,0.178579532561833,0.427429427929053,0,
0.409333562941278,0.480280455740578,0.425925925925926,0.402768323122305,0.285535848113915,0,
0.321852936111589,0.485188431200701,0.615292712066906,0.48241434082142,0.267299525355983,0,
0.258481143447563,0.134092900964067,0.664277180406213,0.772634445200817,0.165375968023982,0,
0.30704322369554,0.282033304119194,0.412385503783353,0.4499659632403,0.32075943042718,0,
0.383158257275702,0.403330411919369,0.72520908004779,0.225777172679828,0.411191606295279,0,
0.388841053900465,0.788255915863278,0.221425726802071,0.294985250737463,0.369972520609543,0,
0.419321508524195,0.663978965819457,0.669454400637196,0.26525981393238,0.268798401199101,0,
0.367659721026347,0.654688869412796,0.657108721624851,0.517812570909916,0.32075943042718,0,
0.320647494403306,0.356178790534619,0.574074074074074,0.843203993646471,0.170372220834374,0,
0.340795591527467,0.336371603856266,0.508363201911589,0.639210347174949,0.32075943042718,0,
0.332185293611159,0.311831726555653,0.467144563918757,0.692307692307692,0.582063452410692,0,
0.331840881694507,0.35284837861525,0.62962962962963,0.783753120036306,0.153135148638521,0,
0.534182882727742,0.482559158632778,0.456989247311828,0.325845246199229,0.298775918061454,0,
0.335801618736008,0.704469763365469,0.243727598566308,0.500340367597005,0.645016237821634,0,
0.515584639228517,0.441893076248904,0.320191158900836,0.384615384615385,0.344491631276543,0,
0.8847942138798,0.308676599474145,0.417761847869375,0.498978897208986,0.281538845865601,0,
0.482865507146547,0.686765994741455,0.287335722819594,0.311549807125028,0.353984511616288,0,
0.445324608231445,0.751270815074496,0.279171644763043,0.316995688677105,0.289782663002748,0,
0.613742035474427,0.627870289219982,0.298287534846675,0.412071704107102,0.397951536347739,0,
0.433270191148614,0.763014899211218,0.272600557546794,0.313818924438393,0.287534349238071,0,
0.831754778715344,0.327256792287467,0.403026682596575,0.343544361243476,0.311266550087434,0,
0.343550886860685,0.456441717791411,0.817005177220231,0.228500113455866,0.32075943042718,0,
0.338901325985879,0.466257668711656,0.938470728793309,0.189017472203313,0.32075943042718,0,
0.238333046323403,0.481156879929886,0.719832735961768,0.223508055366462,0.460904321758681,0,
0.487515068021354,0.690096406660824,0.291716447630426,0.322895393691854,0.375718211341494,0,
0.340795591527467,0.3954425942156,0.795898048586221,0.611754027683231,0.205845615788159,0,
0.468744618563802,0.55407537248028,0.312624452409399,0.334694803721352,0.345740694479141,0,
0.730842087136215,0.369325153374233,0.435284747112704,0.413886997957794,0.453909567824132,0,
0.476493886688479,0.732865907099036,0.276782158502589,0.314499659632403,0.28853359980015,0,
0.332185293611159,0.43908851884312,0.754281162883313,0.22691173133651,0.32075943042718,0,
0.759772688135009,0.299912357581069,0.682397451214655,0.278647606081234,0.28853359980015,0,
0.518684346478388,0.474496056091148,0.43010752688172,0.3238030406172,0.302023482388209,0,
0.465644911313931,0.616827344434706,0.617084826762246,0.547764919446335,0.263802148388708,0,
0.303426898570691,0.272918492550394,0.411589008363202,0.490129339686862,0.32075943042718,0,
0.689168245221285,0.341104294478528,0.344484269215452,0.378261856137962,0.333749687734199,0,
0.347167211985535,0.59193689745837,0.687972919155715,0.514862718402541,0.249562827879091,0,
0.387980024108834,0.609465381244522,0.551772202309837,0.447243022464261,0.368723457406945,0,
0.53383847081109,0.453461875547765,0.421146953405018,0.394372589062855,0.279040719460405,0,
0.572584811434476,0.519368974583699,0.440461967343688,0.32834127524393,0.351986010492131,0,
0.366798691234717,0.814548641542507,0.247710075667065,0.30428863172226,0.283037721708718,0,
0.381780609609092,0.688694127957932,0.577658303464755,0.479918311776719,0.276542593055209,0,
0.715687962803513,0.401577563540754,0.499601752289924,0.551395507147719,0.25655758181364,0,
0.323574995694851,0.339526730937774,0.505376344086021,0.779441797140912,0.12840369722708,0,
0.375236783192698,0.621560035056968,0.776383910792513,0.239845700022691,0.259055708218836,0,
0.395040468400207,0.776336546888694,0.263042612504978,0.314272747901066,0.286535098675993,0,
0.6951954537627,0.353549517966696,0.422540820390283,0.409348763331064,0.222583062702973,0,
0.798519028758395,0.295179666958808,0.635603345280765,0.293623780349444,0.287784161878591,0,
0.38143619769244,0.601577563540754,0.680007964954201,0.230769230769231,0.32075943042718,0,
0.516962286895126,0.651358457493427,0.292114695340502,0.322668481960517,0.376967274544092,0,
0.364387807818151,0.415249780893953,0.824970131421744,0.230769230769231,0.404946290282288,0,
0.489237127604615,0.726205083260298,0.278574273197929,0.433628318584071,0.32075943042718,0,
0.625452040640606,0.388255915863278,0.298486658701712,0.45836169729975,0.238571071696228,0,
0.266058205613914,0.520595968448729,0.630824372759857,0.499432720671659,0.413689732700475,0,
0.436025486481832,0.821560035056968,0.248904818797292,0.493306103925573,0.396952285785661,0,
0.345100740485621,0.51954425942156,0.473516527279968,0.417971409121852,0.294029477891581,0,
0.394523850525228,0.65977212971078,0.566109119872561,0.270932607215793,0.277292030976767,0,
0.365076631651455,0.580543382997371,0.288729589804859,0.460403902881779,0.443167624281789,0,
0.363871189943172,0.512532865907099,0.876344086021505,0.233945995007942,0.244816387709218,0,
0.332874117444464,0.315512708150745,0.597570688968538,0.754027683231223,0.531351486385211,0,
0.32633029102807,0.489219982471516,0.694942254082039,0.520762423417291,0.164126904821384,0,
0.419493714482521,0.705872042068361,0.266228594185583,0.416609938733833,0.265800649512865,0,
0.497330807645945,0.710254163014899,0.269414575866189,0.316541865214432,0.418186360229828,0,
0.350783537110384,0.702716914986854,0.502588610115492,0.430678466076696,0.369223082687984,0,
0.697089719304288,0.282033304119194,0.391477499004381,0.39596097118221,0.304521608793405,0,
0.274840709488548,0.141454864154251,0.666666666666667,0.14431586113002,0.32075943042718,0,
0.781987256759084,0.293251533742331,0.417363600159299,0.393691853868845,0.30102423182613,0,
0.399345617358361,0.767572304995618,0.482676224611708,0.574540503744044,0.238571071696228,0,
0.387463406233856,0.653111305872042,0.674432497013142,0.24574540503744,0.32075943042718,0,
0.323747201653177,0.322173531989483,0.612704101951414,0.684592693442251,0.0691981014239321,0,
0.317892199070088,0.339877300613497,0.632815611310235,0.813024733378716,0.160629527854109,0,
0.453762700189426,0.641717791411043,0.273197929111908,0.41615611527116,0.288033974519111,0,
0.523850525228173,0.446099912357581,0.309438470728793,0.336510097572044,0.342243317511866,0,
0.363698983984846,0.550744960560911,0.595977698128236,0.474245518493306,0.32075943042718,0,
0.671258825555364,0.279929886064855,0.465153325368379,0.776718856364874,0.188608543592306,0,
0.338729120027553,0.360035056967572,0.497809637594584,0.768776945768096,0.692980264801399,0,
0.323919407611503,0.42524101665206,0.524293110314616,0.631722260040844,0.32075943042718,0,
0.352677802651972,0.682559158632778,0.283950617283951,0.426140231449966,0.225081189108169,0,
0.60513173755812,0.449956178790535,0.316407805655117,0.388019060585432,0.343992005995503,0,
0.423971069399001,0.769149868536372,0.272202309836718,0.311322895393692,0.360479640269798,0,
0.334940588944377,0.526555652936021,0.663878932696137,0.47401860676197,0.32075943042718,0,
0.395729292233511,0.510078878177038,0.29231381919554,0.324256864079873,0.302023482388209,0,
0.329085586361288,0.509553023663453,0.582238152130625,0.471749489448604,0.32075943042718,0,
0.80368520750818,0.492375109553024,0.437873357228196,0.329248922169276,0.302273295028728,0,
0.420354744274152,0.731113058720421,0.54958183990442,0.474926253687316,0.471146640019985,0,
0.770105045634579,0.187028921998247,0.34010354440462,0.339233038348083,0.354234324256807,0,
0.725848114344756,0.293952673093777,0.53126244524094,0.690719310188337,0.227829128153885,0,
0.579817461684174,0.455565293602103,0.31521306252489,0.405037440435671,0.361478890831876,0,
0.381263991734114,0.76546888694128,0.225806451612903,0.293169956886771,0.275043717212091,0,
0.402273118649905,0.793163891323401,0.252688172043011,0.429090083957341,0.389208093929553,0,
0.305837781987257,0.306748466257669,0.589605734767025,0.781257090991604,0.32075943042718,0,
0.304460134320648,0.280280455740578,0.456590999601752,0.650555933741774,0.32075943042718,0,
0.330291028069571,0.375635407537248,0.625248904818797,0.838211935557068,0.157132150886835,0,
0.898226278629241,0.169325153374233,0.397451214655516,0.377808032675289,0.337996502623033,0,
0.358705011193387,0.455565293602103,0.619872560732776,0.491490810074881,0.264051961029228,0,
0.343550886860685,0.436634531113059,0.926125049780964,0.208531881098253,0.32075943042718,0,
0.593421732391941,0.514460999123576,0.311827956989247,0.330837304288632,0.303022732950287,0,
0.372653693817806,0.546713409290096,0.796296296296296,0.241434082142047,0.239070696977267,0,
0.626140864473911,0.381244522348817,0.403424930306651,0.393691853868845,0.348738446165376,0,
0.325469261236439,0.405609114811569,0.82536837913182,0.209893351486272,0.251061703722208,0,
0.361115894609953,0.706397896581946,0.24352847471127,0.443158611300204,0.32075943042718,0,
0.323919407611503,0.545135845749343,0.771804062126643,0.208758792829589,0.258306270297277,0,
0.446013432064749,0.774583698510079,0.255874153723616,0.453369639210347,0.404946290282288,0,
0.417255037024281,0.655915863277826,0.664078056551175,0.275924665305196,0.278291281538846,0,
0.374203547442741,0.738825591586328,0.273795300677021,0.308373042886317,0.281289033225081,0,
0.497675219562597,0.521297107800175,0.308442851453604,0.331291127751305,0.305770671996003,0,
0.367659721026347,0.818229623137599,0.259856630824373,0.292035398230088,0.476892330751936,0,
0.534699500602721,0.710078878177038,0.273994424532059,0.454731109598366,0.395453409942543,0,
0.332529705527811,0.45170902716915,0.748506571087216,0.238484229634672,0.196602548088933,0,
0.358360599276735,0.591060473269062,0.302070888092393,0.321760835035171,0.298026480139895,0,
0.40296194248321,0.664154250657318,0.588610115491836,0.282732017245292,0.32075943042718,0,
0.871878767005338,0.335319894829097,0.413978494623656,0.50782845473111,0.275043717212091,0,
0.430170483898743,0.782471516213848,0.242931103146157,0.48241434082142,0.382962777916563,0,
0.423971069399001,0.480280455740578,0.462564715252887,0.402995234853642,0.300524606545091,0,
0.662304115722404,0.309553023663453,0.394663480684986,0.388019060585432,0.286035473394954,0,
0.411744446357844,0.688869412795793,0.265432098765432,0.279101429543907,0.613040219835124,0,
0.356638539693473,0.446801051709027,0.693747510951812,0.505105513955071,0.32075943042718,0,
0.678835887721715,0.426818580192813,0.333532457188371,0.383707737690039,0.306769922558081,0,
0.608920268641295,0.394741454864154,0.430505774591796,0.402995234853642,0.286535098675993,0,
0.722059583261581,0.289044697633655,0.44305057745918,0.336963921034717,0.303272545590807,0,
0.349922507318753,0.432252410166521,0.614297092791716,0.545949625595643,0.32075943042718,0,
0.332529705527811,0.315162138475022,0.60015929908403,0.781257090991604,0.545340994254309,0,
0.35991045290167,0.782120946538124,0.247112704101951,0.462219196732471,0.486635023732201,0,
0.323058377819873,0.518492550394391,0.498207885304659,0.437031994554118,0.32075943042718,0,
0.768555192009644,0.414723926380368,0.458383114297093,0.512820512820513,0.280039970022483,0,
0.757017392801791,0.194040315512708,0.394464356829948,0.379169503063308,0.340244816387709,0,
0.379541932150852,0.626643295354952,0.591995221027479,0.452235080553665,0.273544841368973,0,
0.359393835026692,0.452234881682734,0.826563122262047,0.183571590651237,0.32075943042718,0,
0.34871706561047,0.429272567922875,0.926722421346077,0.177671885636487,0.229328003997002,0,
0.479765799896676,0.415950920245399,0.41358024691358,0.404583616972998,0.298526105420934,0,
0.853797141381092,0.327432077125329,0.404221425726802,0.320172452915816,0.482638021483887,0,
0.355260892026864,0.302716914986854,0.531859816806053,0.793056501021103,0.165126155383462,0,
0.555192009643534,0.574057843996494,0.306849860613301,0.329929657363286,0.296527604296777,0,
0.328913380402962,0.381069237510955,0.753882915173238,0.145450419786703,0.137896577566825,0,
0.919407611503358,0.339176161262051,0.33552369573875,0.337190832766054,0.306769922558081,0,
0.569485104184605,0.637861524978089,0.287136598964556,0.409121851599728,0.361478890831876,0,
0.327707938694679,0.440315512708151,0.716845878136201,0.222600408441116,0.32075943042718,0,
0.49216462889616,0.40578439964943,0.324372759856631,0.380077149988654,0.335998001498876,0,
0.331152057861202,0.301840490797546,0.442453205894066,0.63262990696619,0.666999750187359,0,
0.378853108317548,0.320420683610868,0.648944643568299,0.810074880871341,0.139895078690982,0,
0.65128293438953,0.571603856266433,0.299084030266826,0.336056274109371,0.32075943042718,0,
0.711038401928707,0.4022787028922,0.491636798088411,0.590651236668936,0.243067699225581,0,
0.45582917168934,0.427870289219982,0.429311031461569,0.335829362378035,0.338745940544592,0,
0.834854485965214,0.343908851884312,0.337116686579052,0.380077149988654,0.30751936047964,0,
0.473049767521956,0.686415425065732,0.273994424532059,0.295892897662809,0.556082937796653,0,
0.149991389702084,0.0464504820333041,0.255276782158503,0.450192874971636,0.529852610542093,0,
0.330463234027897,0.456792287467134,0.87773795300677,0.222827320172453,0.43617287034724,0,
0.39176855519201,0.589307624890447,0.475706889685384,0.77762650329022,0.196852360729453,0,
0.464267263647322,0.45749342681858,0.425726802070888,0.334240980258679,0.340244816387709,0,
0.794041673841915,0.36319018404908,0.329549980087614,0.418652144315861,0.297526854858856,0,
0.492853452729464,0.361963190184049,0.411389884508164,0.405945087361017,0.298775918061454,0,
0.798174616841743,0.191761612620508,0.341298287534847,0.376219650555934,0.336497626779915,0,
0.871189943172034,0.190359333917616,0.401831939466348,0.339459950079419,0.341993504871347,0,
0.781642844842431,0.422085889570552,0.425726802070888,0.30496936691627,0.398950786909818,0,
0.32271396590322,0.341104294478528,0.65531660692951,0.645110052189698,0.32075943042718,0,
0.394351644566902,0.571428571428571,0.277379530067702,0.469253460403903,0.514114414189358,0,
0.710693990012054,0.276950043821209,0.465352449223417,0.640571817562968,0.222583062702973,0,
0.540726709144136,0.606310254163015,0.286340103544405,0.415248468345813,0.372970272295778,0,
0.357155157568452,0.454513584574934,0.899044205495818,0.603131381892444,0.226829877591806,0,
0.331152057861202,0.501314636283961,0.763440860215054,0.563421828908555,0.32075943042718,0,
0.478904770105046,0.546538124452235,0.309836718438869,0.33356024506467,0.346490132400699,0,
0.237644222490098,0.129710780017528,0.631222620469932,0.214204674381666,0.203347489382963,0,
0.341656621319098,0.47467134092901,0.302070888092393,0.325391422736555,0.349737696727454,0,
0.630790425348717,0.526555652936021,0.29689366786141,0.334014068527343,0.34624031976018,0,
0.149819183743758,0.423312883435583,0.306451612903226,0.328114363512594,0.338496127904072,0,
0.369037368692957,0.63102541630149,0.714257268020709,0.51690492398457,0.246565076192855,0,
0.425520923023937,0.685714285714286,0.228395061728395,0.455411844792376,0.245815638271297,0,
0.427931806440503,0.734268185801928,0.530864197530864,0.480825958702065,0.46814888833375,0,
0.339073531944205,0.296056091148116,0.494623655913978,0.872929430451554,0.144641518860854,0,
0.333218529361116,0.324978089395267,0.438868976503385,0.568640798729294,0.55783162628029,0,
0.309970724987085,0.303593339176161,0.478494623655914,0.551395507147719,0.555333499875094,0,
0.746857241260548,0.317090271691499,0.398645957785743,0.388926707510778,0.308268798401199,0,
0.403306354399862,0.560560911481157,0.299880525686977,0.326752893124575,0.32075943042718,0,
0.416049595315998,0.72410166520596,0.650338510553564,0.259813932380304,0.270547089682738,0,
0.79559152746685,0.310780017528484,0.342094782954998,0.376900385749943,0.308518611041719,0,
0.824349922507319,0.17931638913234,0.392871365989646,0.342409802586794,0.334998750936797,0,
0.33304632340279,0.382296231375986,0.8805256869773,0.194236442024053,0.457906570072446,0,
0.571723781642845,0.69535495179667,0.272003185981681,0.496936691626957,0.267549337996503,0,
0.482348889271569,0.702015775635408,0.269812823576264,0.431359201270706,0.411941044216837,0,
0.397279145858447,0.718667835232252,0.293707686180804,0.320626276378489,0.356982263302523,0,
0.258481143447563,0.534618755477651,0.162485065710872,0.213297027456319,0.242068448663502,0,
0.334251765111073,0.562839614373357,0.460573476702509,0.420467438166553,0.29502872845366,0,
0.324091613569829,0.375284837861525,0.734767025089606,0.601542999773088,0.32075943042718,0,
0.552436714310315,0.513935144609991,0.493827160493827,0.540503744043567,0.556082937796653,0,
0.588772171517134,0.337773882559159,0.342293906810036,0.378942591331972,0.337746689982513,0,
0.471672119855347,0.674496056091148,0.286340103544405,0.323349217154527,0.294029477891581,0,
0.368176338901326,0.664680105170903,0.285941855834329,0.312911277513047,0.272295778166375,0,
0.328913380402962,0.487116564417178,0.520310633213859,0.501701837985024,0.32075943042718,0,
0.384019287067333,0.754250657318142,0.241537236160892,0.513728159745859,0.488383712215838,0,
0.329946616152919,0.51375985977213,0.764834727200319,0.534150215566145,0.499375468398701,0,
0.328396762527983,0.432602979842244,0.748307447232178,0.234399818470615,0.263552335748189,0,
0.429826071982091,0.328133216476775,0.62863401035444,0.873383253914227,0.157631776167874,0,
0.314103667986912,0.293251533742331,0.482078853046595,0.857045609257999,0.159630277292031,0,
0.556741863268469,0.53339176161262,0.297092791716448,0.457000226911731,0.645016237821634,0,
0.382125021525745,0.621034180543383,0.281959378733572,0.319491717721806,0.297027229577817,0,
0.835371103840193,0.327256792287467,0.408203902827559,0.407760381211709,0.305520859355483,0,
0.61494747718271,0.370727432077125,0.394862604540024,0.388926707510778,0.281039220584562,0,
0.31823661098674,0.412971078001753,0.854241338112306,0.206262763784888,0.32075943042718,0,
0.324436025486482,0.451007887817704,0.711668657905217,0.245518493306104,0.268298775918061,0,
0.384019287067333,0.631200701139351,0.255276782158503,0.316541865214432,0.352985261054209,0,
0.335629412777682,0.482033304119194,0.665272799681402,0.254594962559564,0.26255308518611,0,
0.759083864301705,0.327256792287467,0.33452807646356,0.339686861810756,0.355483387459405,0,
0.317031169278457,0.421735319894829,0.623456790123457,0.281370546857273,0.279290532100924,0,
0.375581195109351,0.684837861524978,0.656909597769813,0.537780803267529,0.260804396702473,0,
0.401756500774927,0.528834355828221,0.455595380326563,0.31926480599047,0.294279290532101,0,
0.358016187360083,0.73216476774759,0.509358821186778,0.485137281597459,0.603547339495379,0,
0.793180644050284,0.368448729184925,0.417164476304261,0.398683911958248,0.383212590557082,0,
0.332013087652833,0.417353198948291,0.424532058940661,0.467438166553211,0.457157132150887,0,
0.496469777854314,0.558106923751096,0.310434090003982,0.33287950987066,0.344491631276543,0,
0.432581367315309,0.366170026292726,0.809438470728793,0.179033356024506,0.421933549837622,0,
0.340795591527467,0.444522348816827,0.870171246515333,0.183571590651237,0.226580064951287,0,
0.728431203719649,0.195617879053462,0.405416168857029,0.393238030406172,0.306270297277042,0,
0.271052178405373,0.442944785276074,0.663281561131023,0.235080553664624,0.32075943042718,0,
0.380402961942483,0.5977212971078,0.299681401831939,0.401633764465623,0.375468398700974,0,
0.415016359566041,0.786853637160386,0.284747112704102,0.300884955752212,0.486135398451162,0,
0.318753228861719,0.409290096406661,0.831541218637993,0.182437031994554,0.32075943042718,0,
0.402100912691579,0.564767747589834,0.265830346475508,0.405037440435671,0.291781164126905,0,
0.338729120027553,0.528308501314636,0.771405814416567,0.215793056501021,0.32075943042718,0,
0.671258825555364,0.322348816827344,0.384707287933094,0.380304061719991,0.308768423682238,0,
0.66695367659721,0.459947414548641,0.442254082039028,0.389834354436124,0.295528353734699,0,
0.470294472188738,0.517791411042945,0.305256869772999,0.397549353301566,0.296027979015738,0,
0.385052522817289,0.434706397896582,0.616089207487057,0.28999319264806,0.383962028478641,0,
0.389874289650422,0.77475898334794,0.604141776184787,0.501701837985024,0.261553834624032,0,
0.522472877561564,0.41840490797546,0.609119872560733,0.610392557295212,0.491131651261554,0,
0.485276390563113,0.675723049956179,0.293906810035842,0.324483775811209,0.367974019485386,0,
0.555536421560186,0.571078001752848,0.288530465949821,0.298615838438847,0.537346989757682,0,
0.39262958498364,0.823838737949167,0.250298685782557,0.303154073065577,0.284286784911317,0,
0.833304632340279,0.356003505696757,0.41178813221824,0.566371681415929,0.264051961029228,0,
0.355949715860169,0.639263803680982,0.505774591796097,0.481052870433401,0.214089432925306,0,
0.507318753228862,0.611218229623138,0.295499800876145,0.408894939868391,0.358481139145641,0,
0.334940588944377,0.58615249780894,0.698924731182796,0.583390061266167,0.32075943042718,0,
0.348544859652144,0.456266432953549,0.472520908004779,0.444520081688223,0.41693729702723,0,
0.389185465817117,0.648378615249781,0.512544802867383,0.421828908554572,0.370472145890582,0,
0.374031341484415,0.611568799298861,0.288331342094783,0.277739959155888,0.723207594304272,0,
0.329946616152919,0.511831726555653,0.586021505376344,0.475833900612662,0.32075943042718,0,
0.282589977613225,0.29307624890447,0.478693747510952,0.211708645336964,0.0094928803397452,0,
0.525055966936456,0.686415425065732,0.275388291517324,0.415702291808486,0.430926804896328,0,
0.341656621319098,0.482208588957055,0.884109916367981,0.203312911277513,0.24381713714714,0,
0.595315997933528,0.402979842243646,0.535444046196734,0.717041071023372,0.208593554833875,0,
0.357843981401756,0.537072743207713,0.577658303464755,0.257771726798275,0.32075943042718,0,
0.312037196486998,0.337423312883436,0.62226204699323,0.857499432720672,0.114414189357982,0,
0.379025314275874,0.809815950920245,0.253484667463162,0.429543907420014,0.414439170622033,0,
0.365248837609781,0.582822085889571,0.497809637594584,0.431132289539369,0.369472895328504,0,
0.339073531944205,0.415074496056091,0.957984866587017,0.187656001815294,0.233574818885836,0,
0.367487515068021,0.299386503067485,0.53863002787734,0.582028590878148,0.633275043717212,0,
0.385052522817289,0.806310254163015,0.242731979291119,0.289085545722714,0.231826130402198,0,
0.342517651110728,0.373882559158633,0.724412584627638,0.187202178352621,0.238071446415189,0,
0.35095574306871,0.423137598597721,0.918757467144564,0.171772180621738,0.225580814389208,0,
0.376614430859308,0.511656441717791,0.71226602947033,0.514862718402541,0.218336247814139,0,
0.319269846736697,0.37353198948291,0.715452011150936,0.181302473337872,0.32075943042718,0,
0.560874806268297,0.55512708150745,0.316806053365193,0.332425686407987,0.344741443917062,0,
0.306182193903909,0.294478527607362,0.447431302270012,0.715906512366689,0.107669248063952,0,
0.375236783192698,0.586678352322524,0.293309438470729,0.408668028137055,0.295778166375219,0,
0.332529705527811,0.627169149868536,0.272003185981681,0.431813024733379,0.274793904571571,0,
0.573962459101085,0.433829973707274,0.451413779370769,0.288631722260041,0.639020734449163,0,
0.762011365593249,0.190709903593339,0.342891278375149,0.345132743362832,0.309517861603797,0,
0.276046151196831,0.414373356704645,0.640979689366786,0.215339233038348,0.244066949787659,0,
0.645944549681419,0.461524978089395,0.329549980087614,0.399591558883594,0.305271046714964,0,
0.694678835887722,0.465030674846626,0.412982875348467,0.407079646017699,0.296527604296777,0,
0.851730669881178,0.376862401402279,0.331342094782955,0.378261856137962,0.301773669747689,0,
0.743929739969003,0.422261174408414,0.648745519713262,0.304515543453597,0.294029477891581,0,
0.692440158429482,0.385451358457493,0.463162086818001,0.633764465622873,0.227079690232326,0,
0.511623902187016,0.637686240140228,0.295898048586221,0.324256864079873,0.370971771171621,0,
0.316170139486826,0.297283085013146,0.507566706491438,0.714318130247334,0.32075943042718,0,
0.442569312898226,0.647852760736196,0.269016328156113,0.313818924438393,0.289033225081189,0,
0.345272946443947,0.573181419807187,0.712863401035444,0.522350805536646,0.233325006245316,0,
0.393835026691924,0.667484662576687,0.708084428514536,0.247560698888133,0.267049712715463,0,
0.743413122094024,0.402453987730061,0.418558343289526,0.339006126616746,0.306769922558081,0,
0.727053556053039,0.31603856266433,0.401234567901235,0.391876560018153,0.308018985760679,0,
0.361632512484932,0.398247151621385,0.80147351652728,0.232357612888586,0.244316762428179,0,
0.321336318236611,0.385626643295355,0.793707686180804,0.168822328114364,0.221333999500375,0,
0.316514551403479,0.292199824715162,0.452807646356033,0.655547991831178,0.32075943042718,0,
0.384535904942311,0.607537248028046,0.488251692552768,0.413433174495121,0.295778166375219,0,
0.366798691234717,0.337248028045574,0.566109119872561,0.908781484002723,0.13439920059955,0,
0.517306698811779,0.597370727432077,0.293707686180804,0.313592012707057,0.364976267799151,0,
0.386774582400551,0.618755477651183,0.779968140183194,0.223281143635126,0.247064701473895,0,
0.321508524194937,0.303067484662577,0.455993628036639,0.221012026321761,0.772170871846115,0,
0.394179438608576,0.388606485539001,0.708880923934687,0.570002269117313,0.181613789657757,0,
0.310142930945411,0.31603856266433,0.581441656710474,0.891309280689812,0.32075943042718,0,
0.611503358016187,0.276248904469763,0.348665870171246,0.380757885182664,0.302273295028728,0,
0.348028241777165,0.499561787905346,0.768418956591,0.227819378261856,0.221333999500375,0,
0.733252970552781,0.330937773882559,0.477100756670649,0.466530519627865,0.405945540844367,0,
0.513518167728603,0.35863277826468,0.337514934289128,0.385296119809394,0.349487884086935,0,
0.358532805235061,0.539702015775635,0.520708880923935,0.442931699568868,0.275043717212091,0,
0.393318408816945,0.481507449605609,0.293508562325767,0.322668481960517,0.302772920309768,0,
0.345617358360599,0.742331288343558,0.267622461170848,0.315634218289086,0.3719710217337,0,
0.274496297571896,0.328659070990359,0.641178813221824,0.358747447243022,0.32075943042718,0,
0.332701911486137,0.460122699386503,0.65810434090004,0.249375992738825,0.2560579565326,0,
0.329602204236267,0.459421560035057,0.531660692951015,0.604946675743136,0.217087184611541,0,
0.459273290855864,0.703943908851884,0.280764635603345,0.282278193782619,0.523857107169623,0,
0.333562941277768,0.41034180543383,0.825169255276782,0.166099387338325,0.32075943042718,0,
0.352850008610298,0.536897458369851,0.638590203106332,0.244837758112094,0.396702473145141,0,
0.378853108317548,0.541454864154251,0.606531262445241,0.461765373269798,0.27579315513365,0,
0.340623385569141,0.659070990359334,0.583233771405814,0.490356251418198,0.388458656007994,0,
0.370759428276218,0.333742331288344,0.635802469135802,0.786022237349671,0.181613789657757,0,
0.371276046151197,0.638387379491674,0.735762644364795,0.518266394372589,0.247564326754934,0,
0.343723092819012,0.361437335670464,0.702309836718439,0.612661674608577,0.489882588058956,0,
0.761322541759945,0.346888694127958,0.343090402230187,0.344452008168822,0.334748938296278,0,
0.837437575340107,0.18615249780894,0.384309040223019,0.380530973451327,0.299275543342493,0,
0.818322713965903,0.191761612620508,0.395260852250099,0.341048332198775,0.303022732950287,0,
0.331840881694507,0.419106047326906,0.821385902031063,0.610619469026549,0.232325755683238,0,
0.384535904942311,0.68501314636284,0.24452409398646,0.307238484229635,0.290032475643268,0,
0.324263819528156,0.34478527607362,0.505774591796097,0.790560471976401,0.136397701723707,0,
0.352677802651972,0.393514460999124,0.831939466348068,0.594054912638983,0.425930552085936,0,
0.33304632340279,0.426818580192813,0.738152130625249,0.233492171545269,0.32075943042718,0,
0.320819700361632,0.327957931638913,0.463759458383114,0.181302473337872,0.848363727204597,0,
0.733597382469433,0.484837861524978,0.433890880127439,0.447469934195598,0.401698725955533,0,
0.332013087652833,0.380718667835232,0.740740740740741,0.231676877694577,0.247314514114414,0,
0.495780954021009,0.465381244522349,0.317005177220231,0.337644656228727,0.304771421433925,0,
0.33166867573618,0.550920245398773,0.287136598964556,0.432947583390061,0.291031726205346,0,
0.748751506802135,0.344434706397897,0.333930704898447,0.376900385749943,0.312015988008993,0,
0.42534871706561,0.514285714285714,0.448028673835125,0.400272294077604,0.30102423182613,0,
0.330291028069571,0.49307624890447,0.510752688172043,0.508736101656456,0.264801398950787,0,
0.312209402445325,0.304294478527607,0.439068100358423,0.584297708191514,0.593055208593555,0,
0.472016531771999,0.688343558282209,0.286539227399442,0.32312230542319,0.294029477891581,0,
0.819528155674186,0.177563540753725,0.342293906810036,0.37644656228727,0.308018985760679,0,
0.347856035818839,0.55284837861525,0.479888490641179,0.41093714545042,0.287534349238071,0,
0.323574995694851,0.427344434706398,0.75826363998407,0.213750850918992,0.253809642767924,0,
0.481315653521612,0.458895705521472,0.304460374352847,0.328795098706603,0.32075943042718,0,
0.340795591527467,0.71375985977213,0.28215850258861,0.411164057181756,0.360979265550837,0,
0.336146030652661,0.431200701139351,0.841298287534847,0.199682323576129,0.32075943042718,0,
0.483726536938178,0.722699386503068,0.27479091995221,0.313592012707057,0.390207344491631,0,
0.518684346478388,0.472918492550394,0.303663878932696,0.32902201043794,0.33974519110667,0,
0.448940933356294,0.526380368098159,0.485862206292314,0.403449058316315,0.28828378715963,0,
0.395557086275185,0.763365468886941,0.278574273197929,0.427274790106649,0.554833874594054,0,
0.32047528844498,0.328659070990359,0.555356431700518,0.73859768550034,0.190856857356982,0,
0.335629412777682,0.459947414548641,0.904619673436878,0.194917177218062,0.224831376467649,0,
0.822111245049079,0.315162138475022,0.33910792512943,0.343090537780803,0.308518611041719,0,
0.265541587738936,0.470289219982471,0.818797291915571,0.189698207397322,0.32075943042718,0,
0.80006888238333,0.505170902716915,0.313819195539626,0.336737009303381,0.304271796152885,0,
0.467883588772171,0.753198948290973,0.284747112704102,0.322895393691854,0.286285286035473,0,
0.868090235922163,0.184399649430324,0.34189565909996,0.343090537780803,0.308018985760679,0,
0.606853797141381,0.337248028045574,0.397451214655516,0.385296119809394,0.350986759930052,0,
0.456517995522645,0.656266432953549,0.28494623655914,0.458134785568414,0.5515863102673,0,
0.317892199070088,0.364066608238387,0.717244125846276,0.600635352847742,0.17287034723957,0,
0.909247459962115,0.31954425942156,0.428116288331342,0.436805082822782,0.291031726205346,0,
0.783192698467367,0.364592462751972,0.618876941457587,0.288404810528704,0.289532850362228,0,
0.547959359393835,0.495880806310254,0.467941059338909,0.452461992285001,0.273295028728454,0,
0.644911313931462,0.325679228746713,0.776981282357626,0.257771726798275,0.280539595303522,0,
0.413122094024453,0.634881682734443,0.496415770609319,0.450192874971636,0.223082687984012,0,
0.372653693817806,0.765644171779141,0.254082039028276,0.303834808259587,0.283287534349238,0,
0.410366798691235,0.482033304119194,0.29231381919554,0.320399364647152,0.25655758181364,0,
0.366454279318064,0.372129710780018,0.62226204699323,0.761061946902655,0.168873344991257,0,
0.732736352677803,0.190184049079755,0.404619673436878,0.401406852734286,0.297027229577817,0,
0.378680902359222,0.57125328659071,0.709478295499801,0.513501248014522,0.32075943042718,0,
0.649560874806268,0.279579316389132,0.341099163679809,0.37712729748128,0.300274793904572,0,
0.379714138109179,0.570727432077125,0.850457984866587,0.216700703426367,0.240569572820385,0,
0.394868262441881,0.758983347940403,0.261847869374751,0.313138189244384,0.285286035473395,0,
0.600998794558292,0.496406660823839,0.320589406610912,0.332652598139324,0.342742942792905,0,
0.643878078181505,0.447502191060473,0.46415770609319,0.438166553210801,0.287034723957032,0,
0.346995006027209,0.496056091148116,0.628036638789327,0.442477876106195,0.279790157381964,0,
0.32856896848631,0.461524978089395,0.732178414974114,0.180848649875199,0.186610042468149,0,
0.371792664026175,0.356704645048203,0.592194344882517,0.702972543680508,0.193105171121659,1,
0.322369553986568,0.315512708150745,0.498207885304659,0.725436805082823,0.131901074194354,1,
0.469605648355433,0.376511831726556,0.577459179609717,0.600181529385069,0.437921558830877,1,
0.362665748234889,0.410692375109553,0.599163679808841,0.823235761288859,0.32075943042718,1,
0.318064405028414,0.402804557405784,0.540223018717642,0.604946675743136,0.32075943042718,1,
0.385569140692268,0.524627519719544,0.748307447232178,0.683458134785568,0.213090182363228,1,
0.312381608403651,0.336196319018405,0.549980087614496,0.56501021102791,0.32075943042718,1,
0.380919579817462,0.38510078878177,0.104141776184787,0.506013160880417,0.239820134898826,1,
0.310487342862063,0.312007011393514,0.519912385503783,0.922169276151577,0.0949288033974519,1,
0.341828827277424,0.476424189307625,0.703902827558742,0.834581347855684,0.32075943042718,1,
0.269157912863785,0.335495179666959,0.137793707686181,0.207170410710234,0.184861353984512,1,
0.319442052695023,0.290096406660824,0.469334926324174,0.735874744724302,0.0986759930052461,1,
0.373514723609437,0.319368974583699,0.592592592592593,0.791014295439074,0.32075943042718,1,
0.341828827277424,0.370376862401402,0.552767821585026,0.268209666439755,0.32075943042718,1,
0.355260892026864,0.309728308501315,0.751493428912784,0.587928295892898,0.500374718960779,1,
0.532633029102807,0.516389132340053,0.698327359617682,0.261629226230996,0.281289033225081,1,
0.364560013776477,0.331989482909728,0.54320987654321,0.629680054458815,0.32075943042718,1,
0.466850353022215,0.719193689745837,0.572680207088809,0.466303607896528,0.278790906819885,1,
0.342517651110728,0.384925503943909,0.681003584229391,0.955979124120717,0.12190856857357,1,
0.32633029102807,0.310254163014899,0.513341298287535,0.506240072611754,0.510117411941044,1,
0.339934561735836,0.364066608238387,0.55057745917961,0.448831404583617,0.515613290032476,1,
0.386085758567246,0.409815950920245,0.723416965352449,0.539369185386885,0.663002747939046,1,
0.364043395901498,0.662576687116564,0.793906810035842,0.267982754708418,0.267799150637022,1,
0.45272946443947,0.292725679228747,0.615890083632019,0.718175629680054,0.636272795403447,1,
0.338212502152574,0.405083260297984,0.487056949422541,0.524393011118675,0.537846615038721,1,
0.373686929567763,0.473269062226117,0.787335722819594,0.645563875652371,0.1668748438671,1,
0.399517823316687,0.43102541630149,0.782556750298686,0.75879282958929,0.32075943042718,1,
0.363182366109867,0.293777388255916,0.727797690163281,0.60403902881779,0.133649762677992,1,
0.335629412777682,0.332340052585451,0.548785344484269,0.850011345586567,0.0624531601299026,1,
0.339934561735836,0.365819456617003,0.54958183990442,0.267075107783072,0.32075943042718,1,
0.366970897193043,0.315863277826468,0.70868180007965,0.66258225550261,0.755933050212341,1,
0.352850008610298,0.371779141104295,0.824372759856631,0.565917857953256,0.67324506620035,1,
0.38815223006716,0.461875547765118,0.781162883313421,0.583390061266167,0.571071696227829,1,
0.356638539693473,0.751971954425942,0.275985663082437,0.63716814159292,0.223582313265051,1,
0.464095057688996,0.556178790534619,0.5221027479092,0.705922396187883,0.20534599050712,1,
0.336318236610987,0.385451358457493,0.833532457188371,0.226004084411164,0.239070696977267,1,
0.319958670570002,0.2988606485539,0.573874950219036,0.268436578171091,0.444416687484387,1,
0.364904425693129,0.33794916739702,0.587415372361609,0.595870206489675,0.459155633275044,1,
0.502841398312382,0.674846625766871,0.516726403823178,0.554572271386431,0.260804396702473,1,
0.348544859652144,0.393339176161262,0.581640780565512,0.907420013614704,0.105920559580315,1,
0.459273290855864,0.51726555652936,0.704699322978893,0.592012707056955,0.219335498376218,1,
0.427931806440503,0.727432077125329,0.608920748705695,0.517585659178579,0.412440669497877,1,
0.345617358360599,0.380893952673094,0.785344484269215,0.707510778307238,0.636522608043967,1,
0.533149646977785,0.524978089395267,0.709876543209876,0.27501701837985,0.286285286035473,1,
0.325469261236439,0.380893952673094,0.516129032258065,0.653505786249149,0.539845116162878,1,
0.308593077320475,0.297808939526731,0.454201513341298,0.490129339686862,0.32075943042718,1,
0.431720337523678,0.61262050832603,0.505177220230984,0.549353301565691,0.465650761928554,1,
0.322369553986568,0.367221735319895,0.542015133412983,0.54617653732698,0.259055708218836,1,
0.34647838815223,0.346187554776512,0.435483870967742,0.613569321533923,0.479140644516613,1,
0.370931634234544,0.406134969325153,0.620270808442851,0.547764919446335,0.832625530851861,1,
0.396590322025142,0.665381244522349,0.554360812425329,0.648967551622419,0.2305770671996,1,
0.442569312898226,0.630499561787905,0.691756272401434,0.503063308373043,0.272795403447414,1,
0.340795591527467,0.351095530236635,0.573874950219036,0.568413886997958,0.32075943042718,1,
0.334596177027725,0.319368974583699,0.453604141776185,0.646471522577717,0.587309517861604,1,
0.302910280695712,0.291498685363716,0.515730784547989,0.311095983662355,0.244066949787659,1,
0.385396934733942,0.378790534618756,0.835125448028674,0.195371000680735,0.503122658006495,1,
0.532460823144481,0.57581069237511,0.542612504978096,0.498298162014976,0.587809143142643,1,
0.315825727570174,0.313584574934268,0.537634408602151,0.641933287950987,0.646015488383712,1,
0.352677802651972,0.421735319894829,0.63878932696137,0.610392557295212,0.492630527104671,1,
0.342173239194076,0.325679228746713,0.501592990840303,0.786022237349671,0.32075943042718,1,
0.393318408816945,0.547414548641542,0.682994822779769,0.683458134785568,0.236322757931551,1,
0.274840709488548,0.299737072743208,0.274193548387097,0.511459042432494,0.53185111166625,1,
0.319097640778371,0.331288343558282,0.45499800876145,0.518266394372589,0.32075943042718,1,
0.319614258653349,0.313935144609991,0.469135802469136,0.540503744043567,0.215088683487384,1,
0.325297055278113,0.327782646801052,0.405217045001991,0.614023144996596,0.684736447664252,1,
0.320647494403306,0.343382997370727,0.511549183592194,0.659859314726571,0.161378965775668,1,
0.313587050111934,0.262751971954426,0.395858223815213,0.259133197186295,0.571821134149388,1,
0.372825899776132,0.320070113935145,0.807248108323377,0.571817562968005,0.46789907569323,1,
0.277079386946788,0.322699386503067,0.535045798486659,0.532561833446789,0.481388958281289,1,
0.404167384191493,0.707449605609115,0.248307447232178,0.442477876106195,0.460654509118161,1,
0.353711038401929,0.479228746713409,0.571286340103544,0.803948264125255,0.32075943042718,1,
0.325813673153091,0.344434706397897,0.462166467542812,0.524393011118675,0.625281039220585,1,
0.339417943860858,0.327957931638913,0.450418160095579,0.684138869979578,0.533349987509368,1,
0.489064921646289,0.472042068361087,0.60573476702509,0.610619469026549,0.152885335998002,1,
0.445841226106423,0.421209465381245,0.818797291915571,0.537100068073519,0.226080439670247,1,
0.339590149819184,0.324978089395267,0.526483472720032,0.627637848876787,0.593554833874594,1,
0.484759772688135,0.290622261174408,0.609916367980884,0.821420467438167,0.581813639770172,1,
0.275873945238505,0.350043821209465,0.678016726403823,0.170183798502383,0.22408193854609,1,
0.416221801274324,0.439964943032428,0.719434488251693,0.251418198320853,0.222333250062453,1,
0.467366970897193,0.318667835232252,0.713659896455595,0.550941683685046,0.261054209342993,1,
0.326158085069743,0.346888694127958,0.563520509757069,0.633991377354209,0.21134149387959,1,
0.340967797485793,0.341104294478528,0.509358821186778,0.571363739505332,0.32075943042718,1,
0.314275873945238,0.328659070990359,0.521306252489048,0.548445654640345,0.32075943042718,1,
0.389874289650422,0.702366345311131,0.551573078454799,0.53188109825278,0.501124156882338,1,
0.482693301188221,0.343558282208589,0.92831541218638,0.216700703426367,0.258805895578316,1,
0.493714482521095,0.63330411919369,0.520708880923935,0.419786702972544,0.287284536597552,1,
0.343895298777338,0.328133216476775,0.432497013142174,0.650555933741774,0.532850362228329,1,
0.356466333735147,0.323225241016652,0.725607327757865,0.919219423644202,0.129402947789158,1,
0.391251937317031,0.665381244522349,0.59836718438869,0.547084184252326,0.228078940794404,1,
0.546581711727226,0.567572304995618,0.67921146953405,0.297254368050828,0.290032475643268,1,
0.365248837609781,0.42068361086766,0.728992433293508,0.60857726344452,0.32075943042718,1,
0.328913380402962,0.338825591586328,0.406810035842294,0.623780349444066,0.678990756932301,1,
0.417082831065955,0.424364592462752,0.648347272003186,0.146584978443386,0.687234574069448,1,
0.389185465817117,0.421034180543383,0.545201115093588,0.754481506693896,0.737696727454409,1,
0.360599276734975,0.640841367221735,0.556551174830745,0.517585659178579,0.539345490881839,1,
0.329602204236267,0.399824715162138,0.499004380724811,0.743589743589744,0.159630277292031,1,
0.399690029275013,0.308501314636284,0.673038630027877,0.521896982073973,0.500374718960779,1,
0.347339417943861,0.409290096406661,0.865392273994425,0.216927615157704,0.440169872595553,1,
0.365076631651455,0.342857142857143,0.825169255276782,0.195597912412072,0.549837621783662,1,
0.355088686068538,0.353198948290973,0.664277180406213,0.517358747447243,0.450662003497377,1,
0.390735319442053,0.39193689745837,0.765033851055356,0.238257317903336,0.264301773669748,1,
0.3159979335285,0.318667835232252,0.439466348068499,0.274790106648514,0.599550337247065,1,
0.327363526778026,0.357756354075372,0.676821983273596,0.663943725890629,0.69198101423932,1,
0.365593249526434,0.339000876424189,0.716248506571087,0.584070796460177,0.764676492630527,1,
0.495436542104357,0.342156003505697,0.68837116686579,0.498978897208986,0.388958281289033,1,
0.3903909075254,0.321998247151621,0.565710872162485,0.716360335829362,0.16662503122658,1,
0.359566040985018,0.333742331288344,0.510951812027081,0.708191513501248,0.595553334998751,1,
0.470294472188738,0.334969325153374,0.734567901234568,0.706376219650556,0.152885335998002,1,
0.393146202858619,0.336722173531989,0.630027877339705,0.512139777626503,0.45490881838621,1,
0.340967797485793,0.329360210341805,0.5073675826364,0.795779441797141,0.125156132900325,1,
0.428448424315481,0.690972830850132,0.574273197929112,0.506920807805764,0.456157881588808,1,
0.467366970897193,0.347063978965819,0.72700119474313,0.601542999773088,0.644766425181114,1,
0.344584122610642,0.326906222611744,0.472720031859817,0.651463580667121,0.32075943042718,1,
0.309798519028758,0.2988606485539,0.515531660692951,0.515770365327887,0.446165375968024,1,
0.318408816945066,0.348466257668712,0.452011150935882,0.425913319718629,0.560079940044966,1,
0.317203375236783,0.409815950920245,0.487256073277579,0.651917404129794,0.32075943042718,1,
0.38367487515068,0.398948290972831,0.681600955794504,0.263898343544361,0.588308768423682,1,
0.355949715860169,0.321998247151621,0.551373954599761,0.55979124120717,0.48063952035973,1,
0.408300327191321,0.563014899211218,0.672441258462764,0.527115951894713,0.575568323757182,1,
0.366109867401412,0.410692375109553,0.522301871764237,0.587701384161561,0.231826130402198,1,
0.310487342862063,0.30464504820333,0.505973715651135,0.215339233038348,0.648263802148389,1,
0.312898226278629,0.32182296231376,0.527877339705297,0.528704334014069,0.32075943042718,1,
0.281212329946616,0.182471516213848,0.246515332536838,0.766507828454731,0.149138146390207,1,
0.332357499569485,0.394916739702016,0.609119872560733,0.867710460630815,0.32075943042718,1,
0.313414844153608,0.321647677475898,0.538829151732378,0.200363058770138,0.32075943042718,1,
0.394179438608576,0.347589833479404,0.652130625248905,0.46879963694123,0.414688983262553,1,
0.347683829860513,0.418229623137599,0.769016328156113,0.188336737009303,0.632775418436173,1,
0.488892715687963,0.348641542506573,0.914575866188769,0.221012026321761,0.260304771421434,1,
0.454451524022731,0.478001752848379,0.679012345679012,0.654413433174495,0.207094678990757,1,
0.336318236610987,0.283786152497809,0.481282357626444,0.6476060812344,0.568823382463153,1,
0.275185121405201,0.359509202453988,0.604141776184787,0.65214431586113,0.17287034723957,1,
0.369209574651283,0.505346187554777,0.802668259657507,0.239391876560018,0.232075943042718,1,
0.474771827105218,0.571779141104295,0.6268418956591,0.251418198320853,0.275043717212091,1,
0.374892371276046,0.416827344434706,0.670848267622461,0.742001361470388,0.197351986010492,1,
0.478560358188393,0.597546012269939,0.717642373556352,0.267755842977082,0.277791656257807,1,
0.404167384191493,0.383347940403155,0.712465153325368,0.584070796460177,0.675993005246065,1,
0.328396762527983,0.38510078878177,0.495221027479092,0.840481052870433,0.124406694978766,1,
0.328913380402962,0.376687116564417,0.844882516925528,0.644202405264352,0.639770172370722,1,
0.360082658859997,0.479579316389132,0.64058144165671,0.740639891082369,0.200599550337247,1,
0.428104012398829,0.328308501314636,0.671246515332537,0.752893124574541,0.131651261553835,1,
0.334423971069399,0.351621384750219,0.795101553166069,0.204447469934196,0.456907319510367,1,
0.342862063027381,0.390359333917616,0.518518518518518,0.884955752212389,0.117411941044217,1,
0.315481315653522,0.312532865907099,0.451015531660693,0.24574540503744,0.590057456907319,1,
0.372825899776132,0.385276073619632,0.699322978892871,0.530746539596097,0.242568073944542,1,
0.346822800068882,0.412971078001753,0.637594583831143,0.803494440662582,0.32075943042718,1,
0.377647666609265,0.374057843996494,0.77299880525687,0.194463353755389,0.450911816137897,1,
0.343550886860685,0.37931638913234,0.667064914376742,1,0.116912315763178,1,
0.311003960737042,0.260297984224365,0.383114297092792,0.482868164284094,0.152885335998002,1,
0.360082658859997,0.391235758106924,0.500199123855038,0.582709326072158,0.32075943042718,1,
0.371103840192871,0.480105170902717,0.790720828355237,0.656001815293851,0.19210592055958,1,
0.5055966936456,0.580718667835232,0.728395061728395,0.272520989335149,0.279040719460405,1,
0.314792491820217,0.337423312883436,0.441457586618877,0.495348309507602,0.649263052710467,1,
0.40967797485793,0.344609991235758,0.746913580246914,0.568867710460631,0.454409193105171,1,
0.340967797485793,0.330762489044698,0.812425328554361,0.574086680281371,0.669497876592555,1,
0.335629412777682,0.314636283961437,0.589207487056949,0.105513955071477,0.900074943792156,1,
0.433786809023592,0.576687116564417,0.583034647550777,0.694576809621057,0.231576317761679,1,
0.27880144653005,0.186503067484663,0.247311827956989,0.22691173133651,0.606794903822133,1,
0.317031169278457,0.284662576687117,0.474711270410195,0.679146811890175,0.773419935048713,1,
0.40967797485793,0.347589833479404,0.728395061728395,0.752893124574541,0.53235073694729,1,
